ID1,ID2,ID3,Kt,theta0
3,1,0,35.0000,1.9722
3,4,2,35.0000,2.0944
4,3,1,70.0000,2.0944
6,11,5,33.0000,1.8815
7,8,3,35.0000,2.0944
8,3,1,70.0000,2.0944
8,3,4,63.0000,2.0944
9,4,2,35.0000,2.0944
9,4,3,63.0000,2.0944
10,9,4,35.0000,2.0944
12,11,5,33.0000,1.8815
12,11,6,33.0000,1.8815
13,8,3,63.0000,2.0944
13,8,7,35.0000,2.0944
13,14,9,63.0000,2.0944
14,9,4,63.0000,2.0944
14,9,10,35.0000,2.0944
14,13,8,63.0000,2.0944
16,19,15,33.0000,1.8815
17,23,14,35.0000,1.9111
18,13,8,35.0000,2.0944
18,13,14,35.0000,2.0944
19,21,11,58.3500,1.9670
21,11,5,37.5000,1.9321
21,11,6,37.5000,1.9321
21,11,12,37.5000,1.9321
21,19,15,37.5000,1.9321
21,19,16,37.5000,1.9321
21,25,20,37.5000,1.9321
22,23,14,35.0000,1.9111
22,23,17,33.0000,1.8815
23,14,9,70.0000,2.0944
23,14,13,70.0000,2.0944
24,25,20,33.0000,1.8815
24,25,21,37.5000,1.9321
25,21,11,58.3500,1.9670
25,21,19,58.3500,1.9670
26,21,11,37.5000,1.9321
26,21,19,37.5000,1.9321
26,21,25,37.5000,1.9321
27,19,15,33.0000,1.8815
27,19,16,33.0000,1.8815
27,19,21,37.5000,1.9321
31,38,28,35.0000,1.9111
34,31,30,80.0000,2.1991
36,38,28,33.0000,1.8815
36,38,31,35.0000,1.9111
37,45,33,35.0000,1.9111
38,31,30,70.0000,2.0420
38,31,34,70.0000,2.0420
40,23,14,63.0000,1.9897
40,23,17,37.5000,1.9321
40,23,22,37.5000,1.9321
41,47,40,38.0000,2.0665
42,40,23,37.5000,1.9321
44,45,33,33.0000,1.8815
44,45,37,35.0000,1.9111
45,37,35,55.0000,1.8937
46,25,20,37.5000,1.9321
46,25,21,58.3500,1.9670
46,25,24,37.5000,1.9321
47,40,23,80.0000,1.9146
47,40,42,35.0000,1.9111
48,56,40,80.0000,2.1014
49,46,25,37.5000,1.9321
53,54,46,80.0000,2.1014
54,46,25,63.0000,1.9391
54,46,49,35.0000,1.9111
56,40,23,63.0000,1.9391
56,40,42,35.0000,1.9111
56,40,47,63.0000,1.9216
57,68,52,80.0000,2.1450
58,64,46,38.0000,2.0665
59,39,29,35.0000,1.9722
59,60,43,35.0000,2.0944
60,59,39,70.0000,2.0944
61,52,32,35.0000,2.0944
64,46,25,80.0000,1.9146
64,46,49,35.0000,1.9111
64,46,54,63.0000,1.9216
65,54,46,70.0000,2.0351
65,54,53,80.0000,2.1450
65,73,55,35.0000,1.9111
66,47,40,50.0000,2.1276
66,47,41,35.0000,2.0909
66,73,55,35.0000,1.9111
66,73,65,63.0000,1.9216
67,65,54,35.0000,2.0909
68,52,32,35.0000,2.0909
68,52,61,35.0000,2.0909
69,38,28,37.5000,1.9321
69,38,31,63.0000,1.9391
69,38,36,37.5000,1.9321
69,77,62,38.0000,2.0665
73,65,54,50.0000,2.1276
73,65,67,38.0000,2.0665
73,66,47,70.0000,2.0351
75,69,38,37.5000,1.9321
76,74,50,35.0000,1.9111
77,69,38,80.0000,1.9146
77,69,75,35.0000,1.9111
80,72,51,35.0000,2.0944
81,66,47,80.0000,2.1450
81,66,73,80.0000,2.1014
82,45,33,37.5000,1.9321
82,45,37,50.0000,1.9111
82,45,44,37.5000,1.9321
82,89,77,70.0000,2.0351
83,98,74,35.0000,1.9111
84,74,50,35.0000,1.9111
84,74,76,35.0000,1.9111
86,56,40,70.0000,2.0351
86,56,48,80.0000,2.1450
87,98,74,35.0000,1.9111
87,98,83,33.0000,1.8815
89,77,62,35.0000,2.0909
89,77,69,50.0000,2.1276
89,82,45,63.0000,1.9391
90,92,59,35.0000,2.0944
91,82,45,37.5000,1.9321
91,82,89,35.0000,1.9111
92,59,39,70.0000,2.0944
92,59,60,63.0000,2.0944
93,60,43,35.0000,2.0944
93,60,59,63.0000,2.0944
94,108,78,37.5000,1.9321
95,93,60,35.0000,2.0944
97,86,56,35.0000,2.0909
98,74,50,35.0000,1.9111
98,74,76,35.0000,1.9111
98,74,84,35.0000,1.9111
99,106,69,80.0000,2.1014
100,94,63,33.0000,1.8815
101,111,72,70.0000,2.0944
104,64,46,50.0000,2.1276
104,64,58,35.0000,2.0909
105,123,96,37.5000,1.9321
106,69,38,63.0000,1.9391
106,69,75,35.0000,1.9111
106,69,77,63.0000,1.9216
108,94,63,37.5000,1.9321
108,94,100,37.5000,1.9321
110,89,77,80.0000,2.1450
110,89,82,80.0000,2.1014
111,72,51,35.0000,2.0944
111,72,80,35.0000,2.0944
111,101,70,35.0000,2.0944
112,115,82,38.0000,2.0665
113,105,71,33.0000,1.8815
114,116,85,55.0000,1.8937
114,127,86,80.0000,1.9146
115,82,45,80.0000,1.9146
115,82,89,63.0000,1.9216
115,82,91,35.0000,1.9111
116,114,79,35.0000,1.9111
118,123,96,33.0000,1.8815
118,123,105,37.5000,1.9321
119,130,94,37.5000,1.9321
121,104,64,80.0000,2.1450
122,68,52,70.0000,2.0351
122,68,57,80.0000,2.1014
123,105,71,37.5000,1.9321
123,105,113,37.5000,1.9321
124,73,55,37.5000,1.9321
124,73,65,80.0000,1.9146
124,73,66,63.0000,1.9391
125,139,103,35.0000,1.9111
126,124,73,37.5000,1.9321
127,86,56,50.0000,2.1276
127,86,97,38.0000,2.0665
127,114,79,37.5000,1.9321
127,114,116,50.0000,1.9111
128,124,73,37.5000,1.9321
128,124,126,33.0000,1.8815
129,144,109,37.5000,1.9321
129,149,101,80.0000,1.9408
130,94,63,37.5000,1.9321
130,94,100,37.5000,1.9321
130,94,108,58.3500,1.9670
130,147,104,63.0000,1.9391
131,135,115,80.0000,2.1450
132,108,78,35.0000,1.9111
132,108,94,80.0000,1.9146
132,147,104,63.0000,1.9216
132,147,130,80.0000,1.9146
133,127,86,35.0000,1.9111
133,127,114,37.5000,1.9321
134,122,68,35.0000,1.9111
135,115,82,50.0000,2.1276
135,115,112,35.0000,2.0909
135,155,122,63.0000,1.9391
136,108,78,33.0000,1.8815
136,108,94,37.5000,1.9321
136,108,132,35.0000,1.9111
137,92,59,63.0000,2.0944
137,92,90,35.0000,2.0944
137,141,93,63.0000,2.0944
139,158,120,37.5000,1.9321
140,122,68,35.0000,1.9111
140,122,134,33.0000,1.8815
141,93,60,63.0000,2.0944
141,93,95,35.0000,2.0944
141,137,92,63.0000,2.0944
142,114,79,33.0000,1.8815
142,114,116,35.0000,1.9111
142,114,127,37.5000,1.9321
143,105,71,35.0000,1.9111
143,105,113,35.0000,1.9111
143,105,123,63.0000,1.9391
144,129,88,37.5000,1.9321
144,150,107,37.5000,1.9321
145,155,122,80.0000,1.9146
145,155,135,63.0000,1.9216
146,143,105,70.0000,2.0420
147,104,64,70.0000,2.0351
147,104,121,80.0000,2.1014
147,130,94,58.3500,1.9670
147,130,119,37.5000,1.9321
147,132,108,50.0000,2.0595
149,101,70,35.0000,2.0665
149,101,111,50.0000,2.1502
149,129,88,37.5000,1.9321
149,129,144,58.3500,1.9670
150,144,109,37.5000,1.9321
150,144,129,58.3500,1.9670
150,154,132,70.0000,2.0351
153,170,151,35.0000,2.0944
154,132,108,50.0000,2.1276
154,132,147,50.0000,2.1276
154,150,107,35.0000,1.9111
154,150,144,63.0000,1.9391
155,122,68,63.0000,1.9391
155,122,134,37.5000,1.9321
155,122,140,37.5000,1.9321
155,135,115,70.0000,2.0351
155,135,131,80.0000,2.1014
155,145,102,38.0000,2.0665
156,149,101,35.0000,1.9111
156,149,129,37.5000,1.9321
157,129,88,33.0000,1.8815
157,129,144,37.5000,1.9321
157,129,149,37.5000,1.9321
158,139,103,37.5000,1.9321
158,139,125,50.0000,1.9111
158,185,145,70.0000,2.0351
159,177,151,35.0000,2.0944
160,106,69,70.0000,2.0351
160,106,99,80.0000,2.1450
161,98,74,80.0000,1.9408
161,98,83,37.5000,1.9321
161,98,87,37.5000,1.9321
162,111,72,70.0000,2.0944
162,111,101,70.0000,2.0944
164,125,139,55.0000,1.8937
165,179,163,35.0000,2.0944
166,195,161,37.5000,1.9321
167,160,106,35.0000,2.0909
169,162,111,35.0000,2.0944
170,151,117,35.0000,2.0944
171,181,124,37.5000,1.9321
172,137,92,35.0000,2.0944
172,137,141,35.0000,2.0944
173,139,103,33.0000,1.8815
173,139,125,35.0000,1.9111
173,139,158,37.5000,1.9321
175,195,161,37.5000,1.9321
175,195,166,33.0000,1.8815
176,130,94,37.5000,1.9321
176,130,119,33.0000,1.8815
176,130,147,37.5000,1.9321
177,151,117,35.0000,2.0944
177,151,170,63.0000,2.0944
178,161,98,37.5000,1.9321
179,165,148,35.0000,2.0944
180,183,138,33.0000,1.8815
181,124,73,58.3500,1.9670
181,124,126,37.5000,1.9321
181,124,128,37.5000,1.9321
182,181,124,37.5000,1.9321
182,181,171,33.0000,1.8815
183,197,165,70.0000,2.0944
184,154,132,80.0000,2.1450
184,154,150,80.0000,2.1014
185,145,102,35.0000,2.0909
185,145,155,50.0000,2.1276
185,158,120,35.0000,1.9111
185,158,139,63.0000,1.9391
187,161,98,37.5000,1.9321
187,161,178,33.0000,1.8815
188,144,109,33.0000,1.8815
188,144,129,37.5000,1.9321
188,144,150,37.5000,1.9321
189,203,141,35.0000,1.9111
190,127,86,63.0000,1.9216
190,127,114,63.0000,1.9391
190,127,133,35.0000,1.9111
191,190,127,80.0000,2.1014
192,143,105,70.0000,2.0420
192,143,146,80.0000,2.1991
194,149,101,35.0000,1.9111
194,149,129,37.5000,1.9321
194,149,156,33.0000,1.8815
195,161,98,58.3500,1.9670
195,161,178,37.5000,1.9321
195,161,187,37.5000,1.9321
197,165,148,35.0000,2.0944
197,165,179,63.0000,2.0944
197,183,138,35.0000,1.9111
197,183,180,35.0000,1.9111
198,147,104,35.0000,1.9111
198,147,130,37.5000,1.9321
198,147,132,35.0000,1.9111
199,123,96,37.5000,1.9321
199,123,105,58.3500,1.9670
199,123,118,37.5000,1.9321
199,200,168,38.0000,2.0665
200,199,123,80.0000,1.9146
203,141,93,70.0000,2.0944
203,141,137,70.0000,2.0944
203,219,186,37.5000,1.9321
204,162,111,35.0000,2.0944
204,162,169,35.0000,2.0944
205,206,150,50.0000,2.1276
206,150,107,35.0000,1.9111
206,150,144,80.0000,1.9146
206,150,154,63.0000,1.9216
206,205,152,80.0000,2.1450
208,155,122,37.5000,1.9321
208,155,135,35.0000,1.9111
208,155,145,35.0000,1.9111
209,158,120,35.0000,1.9111
209,158,139,80.0000,1.9146
209,158,185,63.0000,1.9216
209,216,174,80.0000,2.1450
210,217,160,35.0000,1.9111
211,179,163,35.0000,2.0944
211,179,165,63.0000,2.0944
214,199,123,37.5000,1.9321
214,199,200,35.0000,1.9111
216,209,158,50.0000,2.1276
217,160,106,50.0000,2.1276
217,160,167,38.0000,2.0665
217,218,202,80.0000,2.1014
218,217,160,63.0000,1.9216
218,217,210,35.0000,1.9111
219,203,141,63.0000,1.9897
219,203,189,37.5000,1.9321
219,238,218,50.0000,2.1276
220,197,165,63.0000,2.0944
220,197,183,70.0000,2.0944
220,234,211,63.0000,2.0944
222,211,179,70.0000,2.0944
225,170,151,63.0000,2.0944
225,170,153,35.0000,2.0944
227,222,211,35.0000,1.9722
229,177,151,63.0000,2.0944
229,177,159,35.0000,2.0944
229,261,225,85.0000,2.1415
230,247,183,63.0000,1.9391
234,211,179,63.0000,2.0944
234,211,222,70.0000,2.0944
234,220,197,63.0000,2.0944
235,200,168,35.0000,2.0909
235,200,199,50.0000,2.1276
235,246,196,35.0000,1.9111
237,239,199,70.0000,2.0351
238,218,202,80.0000,2.1450
238,218,217,70.0000,2.0351
238,219,186,35.0000,1.9111
238,219,203,80.0000,1.9146
239,199,123,63.0000,1.9391
239,199,200,63.0000,1.9216
239,199,214,35.0000,1.9111
239,237,201,35.0000,2.0909
241,209,158,38.0000,2.0665
241,209,216,35.0000,2.0909
242,252,190,35.0000,2.0909
244,284,233,33.0000,1.8815
245,220,197,35.0000,2.0944
245,220,234,35.0000,2.0944
246,235,200,70.0000,2.0351
246,297,240,37.5000,1.9321
247,183,138,37.5000,1.9321
247,183,180,37.5000,1.9321
247,183,197,63.0000,1.9897
247,230,193,80.0000,2.1014
247,257,215,38.0000,2.0665
248,203,141,35.0000,1.9111
248,203,189,33.0000,1.8815
248,203,219,37.5000,1.9321
249,271,212,33.0000,1.8815
252,190,127,70.0000,2.0351
252,190,191,80.0000,2.1450
253,225,170,35.0000,2.0944
254,185,145,80.0000,2.1450
254,185,158,80.0000,2.1014
255,181,124,58.3500,1.9670
255,181,171,37.5000,1.9321
255,181,182,37.5000,1.9321
256,255,181,37.5000,1.9321
257,247,183,80.0000,1.9146
257,247,230,63.0000,1.9216
258,206,150,38.0000,2.0665
258,206,205,35.0000,2.0909
260,275,255,35.0000,2.0665
261,225,170,85.0000,2.0944
261,225,253,35.0000,2.0944
261,229,177,85.0000,2.0281
262,278,228,35.0000,2.0944
264,309,251,35.0000,1.9111
265,289,231,35.0000,2.0944
266,263,243,80.0000,2.1991
269,238,218,35.0000,2.0909
269,238,219,38.0000,2.0665
271,321,267,37.5000,1.9321
272,234,211,35.0000,2.0944
272,234,220,35.0000,2.0944
275,255,181,80.0000,1.9408
275,255,256,35.0000,1.9111
277,312,246,50.0000,2.1276
278,262,213,35.0000,2.0944
279,308,237,63.0000,1.9216
280,292,216,35.0000,1.9111
283,195,161,58.3500,1.9670
283,195,166,37.5000,1.9321
283,195,175,37.5000,1.9321
285,235,200,80.0000,2.1450
285,235,246,80.0000,2.1014
286,287,205,63.0000,1.9391
286,290,229,70.0000,2.2445
287,205,152,80.0000,2.1014
287,205,206,70.0000,2.0351
287,286,224,37.5000,1.9321
289,265,207,35.0000,2.0944
290,229,177,85.0000,2.3544
290,229,261,85.0000,1.8989
290,286,224,35.0000,1.9111
290,286,287,63.0000,2.0176
291,300,287,38.0000,2.0665
292,216,174,80.0000,2.1014
292,216,209,70.0000,2.0351
292,296,230,50.0000,2.1276
294,308,237,80.0000,1.9146
294,308,279,63.0000,1.9391
295,294,221,33.0000,1.8815
296,230,193,80.0000,2.1450
296,230,247,70.0000,2.0351
296,292,216,63.0000,1.9216
296,292,280,35.0000,1.9111
297,246,196,37.5000,1.9321
297,246,235,63.0000,1.9391
297,355,271,58.3500,1.9670
298,283,195,37.5000,1.9321
299,324,259,35.0000,1.9111
300,287,205,63.0000,1.9216
300,287,286,80.0000,1.9146
302,275,255,50.0000,2.1502
302,275,260,35.0000,2.0944
303,239,199,80.0000,2.1014
303,239,237,80.0000,2.1450
304,342,283,37.5000,1.9321
305,307,217,37.5000,1.9321
306,314,219,80.0000,2.1014
307,217,160,80.0000,1.9146
307,217,210,37.5000,1.9321
307,217,218,63.0000,1.9391
307,331,262,70.0000,2.0944
308,237,201,38.0000,2.0665
308,237,239,50.0000,2.1276
308,279,232,80.0000,2.1014
308,294,221,37.5000,1.9321
308,294,295,37.5000,1.9321
309,264,226,70.0000,2.0420
311,330,268,35.0000,2.0944
312,246,196,35.0000,1.9111
312,246,235,63.0000,1.9216
312,246,297,80.0000,1.9146
312,277,223,80.0000,2.1450
313,322,284,70.0000,2.0944
314,219,186,35.0000,1.9111
314,219,203,63.0000,1.9391
314,219,238,63.0000,1.9216
315,302,275,70.0000,2.0944
316,315,302,35.0000,2.0944
317,247,183,37.5000,1.9321
317,247,230,35.0000,1.9111
317,247,257,35.0000,1.9111
318,320,279,50.0000,2.1276
318,368,288,37.5000,1.9321
319,255,181,37.5000,1.9321
319,255,256,33.0000,1.8815
319,255,275,35.0000,1.9111
320,279,232,80.0000,2.1450
320,279,308,70.0000,2.0351
320,318,236,35.0000,1.9111
321,271,212,37.5000,1.9321
321,271,249,37.5000,1.9321
321,339,270,35.0000,1.9111
322,284,233,35.0000,1.9111
322,284,244,35.0000,1.9111
322,313,282,35.0000,2.0944
323,283,195,37.5000,1.9321
323,283,298,33.0000,1.8815
325,358,263,35.0000,1.9111
326,349,265,35.0000,2.0944
327,302,275,70.0000,2.0944
327,302,315,70.0000,2.0944
328,264,226,80.0000,2.1991
328,264,309,70.0000,2.0420
329,257,215,35.0000,2.0909
329,257,247,50.0000,2.1276
329,343,252,63.0000,1.9216
331,262,213,35.0000,2.0944
331,262,278,63.0000,2.0944
331,307,217,63.0000,1.9897
331,307,305,35.0000,1.9111
332,364,277,35.0000,1.9111
333,381,318,70.0000,2.0351
333,385,284,80.0000,1.9146
334,300,287,50.0000,2.1276
334,300,291,35.0000,2.0909
334,342,283,63.0000,1.9391
334,342,304,35.0000,1.9111
337,309,251,33.0000,1.8815
337,309,264,35.0000,1.9111
339,321,267,35.0000,1.9111
339,321,271,80.0000,1.9408
340,386,338,33.0000,1.8815
341,315,302,35.0000,2.0944
341,315,316,35.0000,2.0944
342,283,195,58.3500,1.9670
342,283,298,37.5000,1.9321
342,283,323,37.5000,1.9321
342,334,300,70.0000,2.0351
343,252,190,50.0000,2.1276
343,252,242,38.0000,2.0665
343,329,257,70.0000,2.0351
344,261,225,70.0000,2.3178
344,261,229,70.0000,1.8221
344,372,290,70.0000,1.8972
345,327,302,35.0000,2.0944
346,327,302,35.0000,2.0944
346,327,345,35.0000,2.0944
347,324,259,35.0000,1.9111
347,324,299,35.0000,1.9111
348,353,313,35.0000,2.0944
349,265,207,35.0000,2.0944
349,265,289,63.0000,2.0944
351,364,277,35.0000,1.9111
351,364,332,33.0000,1.8815
352,334,300,80.0000,2.1450
352,334,342,80.0000,2.1014
353,313,282,35.0000,2.0944
353,313,322,63.0000,2.0944
354,335,250,80.0000,2.1991
355,271,212,37.5000,1.9321
355,271,249,37.5000,1.9321
355,271,321,58.3500,1.9670
355,297,240,37.5000,1.9321
355,297,246,58.3500,1.9670
358,263,243,70.0000,2.0420
358,263,266,70.0000,2.0420
360,287,205,35.0000,1.9111
360,287,286,37.5000,1.9321
360,287,300,35.0000,1.9111
361,388,296,35.0000,1.9111
362,408,324,35.0000,1.9111
363,286,224,33.0000,1.8815
363,286,287,37.5000,1.9321
363,286,290,35.0000,1.9111
364,277,223,80.0000,2.1014
364,277,312,70.0000,2.0351
365,406,359,70.0000,2.3178
366,358,263,35.0000,1.9111
366,358,325,33.0000,1.8815
367,297,240,33.0000,1.8815
367,297,246,37.5000,1.9321
367,297,355,37.5000,1.9321
368,318,236,37.5000,1.9321
368,318,320,80.0000,1.9146
369,339,270,35.0000,1.9111
369,339,321,35.0000,1.9111
370,322,284,70.0000,2.0944
370,322,313,63.0000,2.0944
371,343,252,35.0000,1.9111
371,343,329,35.0000,1.9111
372,290,229,85.0000,1.8570
372,290,286,70.0000,2.1817
372,344,261,70.0000,1.9478
373,278,228,35.0000,2.0944
373,278,262,63.0000,2.0944
373,383,336,35.0000,1.9722
374,384,294,58.3500,1.9670
374,397,350,35.0000,2.0665
375,384,294,37.5000,1.9321
375,384,374,37.5000,1.9321
376,320,279,35.0000,2.0909
376,320,318,38.0000,2.0665
377,370,322,35.0000,2.0944
379,411,309,80.0000,1.9146
380,312,246,38.0000,2.0665
380,312,277,35.0000,2.0909
381,318,236,35.0000,1.9111
381,318,320,63.0000,1.9216
381,318,368,63.0000,1.9391
381,333,273,35.0000,2.0909
382,307,217,37.5000,1.9321
382,307,305,33.0000,1.8815
382,307,331,35.0000,1.9111
383,373,278,70.0000,2.0944
384,294,221,37.5000,1.9321
384,294,295,37.5000,1.9321
384,294,308,58.3500,1.9670
384,374,281,37.5000,1.9321
385,284,233,37.5000,1.9321
385,284,244,37.5000,1.9321
385,284,322,63.0000,1.9897
385,333,273,38.0000,2.0665
385,333,381,50.0000,2.1276
386,391,301,37.5000,1.9321
387,329,257,80.0000,2.1450
387,329,343,80.0000,2.1014
388,296,230,50.0000,2.1276
388,296,292,50.0000,2.0595
389,344,261,35.0000,2.1485
389,344,372,35.0000,2.0944
391,386,338,37.5000,1.9321
391,386,340,37.5000,1.9321
391,440,379,70.0000,2.0351
392,353,313,63.0000,2.0944
392,353,348,35.0000,2.0944
392,399,370,63.0000,2.0944
393,308,237,35.0000,1.9111
393,308,279,35.0000,1.9111
393,308,294,37.5000,1.9321
394,355,271,37.5000,1.9321
394,355,297,37.5000,1.9321
395,404,356,55.0000,1.8937
395,436,390,37.5000,1.9321
397,374,281,35.0000,1.9111
397,374,384,80.0000,1.9408
398,289,231,35.0000,2.0944
398,289,265,63.0000,2.0944
399,370,322,63.0000,2.0944
399,370,377,35.0000,2.0944
399,392,353,63.0000,2.0944
400,430,335,35.0000,1.9111
401,368,288,33.0000,1.8815
401,368,318,37.5000,1.9321
402,428,365,35.0000,2.0944
403,321,267,33.0000,1.8815
403,321,271,37.5000,1.9321
403,321,339,35.0000,1.9111
404,395,310,35.0000,1.9111
405,339,270,35.0000,1.9111
405,339,321,35.0000,1.9111
405,339,369,35.0000,1.9111
406,359,276,35.0000,2.1485
406,365,274,35.0000,2.0944
407,439,368,37.5000,1.9321
408,324,259,35.0000,1.9111
408,324,299,35.0000,1.9111
408,324,347,35.0000,1.9111
410,438,388,37.5000,1.9321
411,309,251,37.5000,1.9321
411,309,264,63.0000,1.9391
411,309,337,37.5000,1.9321
411,379,293,38.0000,2.0665
412,292,216,63.0000,1.9391
412,292,280,37.5000,1.9321
412,292,296,80.0000,1.9146
412,438,388,58.3500,1.9670
412,438,410,37.5000,1.9321
413,412,292,37.5000,1.9321
414,416,314,35.0000,2.0909
415,392,353,35.0000,2.0944
415,392,399,35.0000,2.0944
416,314,219,70.0000,2.0351
416,314,306,80.0000,2.1450
417,427,359,35.0000,2.1223
418,355,271,37.5000,1.9321
418,355,297,37.5000,1.9321
418,355,394,33.0000,1.8815
419,398,289,35.0000,2.0944
420,408,324,35.0000,1.9111
420,408,362,33.0000,1.8815
422,331,262,63.0000,2.0944
422,331,307,70.0000,2.0944
422,433,373,63.0000,2.0944
423,385,284,37.5000,1.9321
423,385,333,35.0000,1.9111
424,374,281,33.0000,1.8815
424,374,384,37.5000,1.9321
424,374,397,35.0000,1.9111
425,372,290,35.0000,2.0944
425,372,344,35.0000,2.1223
426,399,370,35.0000,2.0944
426,399,392,35.0000,2.0944
427,359,276,35.0000,2.0944
427,359,406,70.0000,1.9478
428,365,274,35.0000,2.0944
428,365,406,85.0000,2.0944
429,330,268,35.0000,2.0909
429,330,311,35.0000,2.0909
430,335,250,70.0000,2.0420
430,335,354,70.0000,2.0420
432,441,343,37.5000,1.9321
433,373,278,63.0000,2.0944
433,373,383,70.0000,2.0944
433,422,331,63.0000,2.0944
434,436,390,35.0000,1.9111
434,436,395,63.0000,1.9391
436,395,310,37.5000,1.9321
436,395,404,50.0000,1.9111
436,434,357,80.0000,2.1014
437,464,385,80.0000,2.1014
438,388,296,80.0000,1.9146
438,388,361,37.5000,1.9321
438,412,292,58.3500,1.9670
438,412,413,37.5000,1.9321
439,368,288,37.5000,1.9321
439,368,318,58.3500,1.9670
439,368,401,37.5000,1.9321
440,379,293,35.0000,2.0909
440,379,411,50.0000,2.1276
440,391,301,35.0000,1.9111
440,391,386,63.0000,1.9391
441,343,252,80.0000,1.9146
441,343,329,63.0000,1.9391
441,343,371,37.5000,1.9321
443,454,391,50.0000,2.1276
445,388,296,35.0000,1.9111
445,388,361,33.0000,1.8815
445,388,438,37.5000,1.9321
446,395,310,33.0000,1.8815
446,395,404,35.0000,1.9111
446,395,436,37.5000,1.9321
447,441,343,37.5000,1.9321
447,441,432,33.0000,1.8815
448,487,429,35.0000,1.9111
449,463,358,37.5000,1.9321
450,471,396,33.0000,1.8815
452,429,330,80.0000,2.1450
453,349,265,63.0000,2.0944
453,349,326,35.0000,2.0944
453,473,398,63.0000,2.0944
454,391,301,35.0000,1.9111
454,391,386,80.0000,1.9146
454,391,440,63.0000,1.9216
454,443,378,80.0000,2.1450
455,381,318,80.0000,2.1014
455,381,333,80.0000,2.1450
457,430,335,35.0000,1.9111
457,430,400,33.0000,1.8815
458,342,283,80.0000,1.9146
458,342,304,35.0000,1.9111
458,342,334,63.0000,1.9216
458,488,442,80.0000,2.1450
459,411,309,63.0000,1.9391
459,411,379,63.0000,1.9216
459,466,435,35.0000,2.0909
460,386,338,33.0000,1.8815
460,386,340,33.0000,1.8815
460,386,391,37.5000,1.9321
462,384,294,37.5000,1.9321
462,384,374,37.5000,1.9321
462,384,375,33.0000,1.8815
463,358,263,63.0000,1.9391
463,358,325,37.5000,1.9321
463,358,366,37.5000,1.9321
464,385,284,63.0000,1.9391
464,385,333,63.0000,1.9216
464,385,423,35.0000,1.9111
465,412,292,37.5000,1.9321
465,412,413,33.0000,1.8815
465,412,438,37.5000,1.9321
466,459,411,70.0000,2.0351
467,411,309,37.5000,1.9321
467,411,379,35.0000,1.9111
467,411,459,35.0000,1.9111
469,397,350,35.0000,2.0944
469,397,374,50.0000,2.1502
469,480,468,35.0000,2.0944
470,422,331,35.0000,2.0944
470,422,433,35.0000,2.0944
472,364,277,63.0000,1.9216
472,364,332,35.0000,1.9111
472,364,351,35.0000,1.9111
473,398,289,63.0000,2.0944
473,398,419,35.0000,2.0944
473,453,349,63.0000,2.0944
474,502,463,70.0000,2.0351
474,522,443,63.0000,1.9216
475,490,408,37.5000,1.9321
476,521,472,80.0000,2.1450
477,515,430,80.0000,1.9146
479,439,368,63.0000,1.9391
479,439,407,35.0000,1.9111
480,469,397,70.0000,2.0944
482,506,456,33.0000,1.8815
483,433,373,35.0000,2.0944
483,433,422,35.0000,2.0944
484,531,453,35.0000,1.9111
485,489,481,55.0000,1.8937
485,527,466,80.0000,1.9146
486,510,469,35.0000,2.0944
487,429,330,70.0000,2.0351
487,429,452,80.0000,2.1014
488,458,342,50.0000,2.1276
489,485,421,35.0000,1.9111
490,408,324,80.0000,1.9408
490,408,362,37.5000,1.9321
490,408,420,37.5000,1.9321
491,471,396,33.0000,1.8815
491,471,450,33.0000,1.8815
493,439,368,37.5000,1.9321
493,439,407,33.0000,1.8815
493,439,479,35.0000,1.9111
494,472,364,38.0000,2.0665
495,459,411,80.0000,2.1014
495,459,466,80.0000,2.1450
496,458,342,38.0000,2.0665
496,458,488,35.0000,2.0909
497,406,359,70.0000,1.8221
497,406,365,85.0000,2.1415
497,514,427,85.0000,1.8570
498,538,471,37.5000,1.9321
501,507,416,35.0000,1.9111
502,463,358,63.0000,1.9391
502,463,449,35.0000,1.9111
502,474,409,35.0000,2.0909
505,454,391,38.0000,2.0665
505,454,443,35.0000,2.0909
507,416,314,50.0000,2.1276
507,416,414,38.0000,2.0665
507,565,503,63.0000,1.9391
508,506,456,33.0000,1.8815
508,506,482,33.0000,1.8815
509,554,487,37.5000,1.9321
510,469,397,70.0000,2.0944
510,469,480,70.0000,2.0944
511,499,431,35.0000,1.9111
512,434,357,80.0000,2.1450
512,434,436,70.0000,2.0351
512,524,461,35.0000,1.9111
513,479,439,70.0000,2.0420
514,427,359,70.0000,1.8972
514,427,417,35.0000,2.0944
514,497,406,85.0000,1.8989
515,430,335,63.0000,1.9391
515,430,400,37.5000,1.9321
515,430,457,37.5000,1.9321
515,477,451,38.0000,2.0665
516,527,466,35.0000,1.9111
516,527,485,37.5000,1.9321
517,438,388,37.5000,1.9321
517,438,410,33.0000,1.8815
517,438,412,37.5000,1.9321
520,553,499,80.0000,1.9408
521,472,364,50.0000,2.1276
521,472,494,35.0000,2.0909
522,443,378,80.0000,2.1014
522,443,454,70.0000,2.0351
522,474,409,38.0000,2.0665
522,474,502,50.0000,2.1276
524,512,434,50.0000,2.1276
524,526,477,70.0000,2.0351
525,490,408,37.5000,1.9321
525,490,475,33.0000,1.8815
526,477,451,35.0000,2.0909
526,477,515,50.0000,2.1276
526,524,461,35.0000,1.9111
526,524,512,63.0000,1.9216
527,466,435,38.0000,2.0665
527,466,459,50.0000,2.1276
527,485,421,37.5000,1.9321
527,485,489,50.0000,1.9111
528,428,365,63.0000,2.0944
528,428,402,35.0000,2.0944
528,569,497,63.0000,2.0944
529,553,499,35.0000,1.9111
529,553,520,37.5000,1.9321
530,440,379,80.0000,2.1450
530,440,391,80.0000,2.1014
531,453,349,70.0000,2.0944
531,453,473,70.0000,2.0944
532,463,358,80.0000,1.9146
532,463,449,35.0000,1.9111
532,463,502,63.0000,1.9216
532,550,500,80.0000,2.1450
535,499,431,35.0000,1.9111
535,499,511,35.0000,1.9111
537,436,390,35.0000,1.9111
537,436,395,80.0000,1.9146
537,436,434,63.0000,1.9216
538,471,396,37.5000,1.9321
538,471,450,37.5000,1.9321
538,471,491,37.5000,1.9321
539,503,478,80.0000,2.1991
540,485,421,33.0000,1.8815
540,485,489,35.0000,1.9111
540,485,527,37.5000,1.9321
541,441,343,63.0000,1.9391
541,441,432,35.0000,1.9111
541,441,447,35.0000,1.9111
542,520,444,33.0000,1.8815
543,479,439,70.0000,2.0420
543,479,513,80.0000,2.1991
544,487,429,35.0000,1.9111
544,487,448,33.0000,1.8815
546,473,398,35.0000,2.0944
546,473,453,35.0000,2.0944
547,538,471,50.0000,1.9111
547,538,498,35.0000,1.9111
549,480,468,35.0000,2.0944
549,480,469,35.0000,2.0944
550,532,463,50.0000,2.1276
551,464,385,70.0000,2.0351
551,464,437,80.0000,2.1450
552,576,507,80.0000,2.1014
553,499,431,35.0000,1.9111
553,499,511,35.0000,1.9111
553,499,535,35.0000,1.9111
553,520,444,37.5000,1.9321
553,520,542,37.5000,1.9321
554,487,429,63.0000,1.9391
554,487,448,37.5000,1.9321
554,487,544,37.5000,1.9321
554,574,492,37.5000,1.9321
555,515,430,37.5000,1.9321
555,515,477,35.0000,1.9111
556,581,504,33.0000,1.8815
557,520,444,33.0000,1.8815
557,520,542,33.0000,1.8815
557,520,553,37.5000,1.9321
558,537,436,38.0000,2.0665
559,536,518,35.0000,1.9722
559,562,545,35.0000,2.0944
560,565,503,35.0000,1.9111
560,565,507,37.5000,1.9321
562,559,536,70.0000,2.0944
563,607,522,37.5000,1.9321
564,522,443,35.0000,1.9111
564,522,474,35.0000,1.9111
565,503,478,70.0000,2.0420
565,503,539,70.0000,2.0420
565,507,416,80.0000,1.9146
565,507,501,37.5000,1.9321
567,531,453,35.0000,1.9111
567,531,484,33.0000,1.8815
568,551,464,35.0000,2.0909
569,497,406,85.0000,2.0281
569,497,514,85.0000,2.3544
569,528,428,63.0000,2.0944
570,541,441,70.0000,2.0420
572,597,515,80.0000,2.1014
573,613,548,35.0000,1.9111
574,554,487,58.3500,1.9670
574,554,509,37.5000,1.9321
575,612,561,33.0000,1.8815
576,507,416,63.0000,1.9216
576,507,501,35.0000,1.9111
576,507,565,63.0000,1.9391
577,510,469,35.0000,2.0944
577,510,486,35.0000,2.0944
578,526,477,80.0000,2.1450
578,526,524,80.0000,2.1014
580,547,538,55.0000,1.8937
583,528,428,35.0000,2.0944
583,528,569,35.0000,2.0944
584,606,537,80.0000,2.1450
585,512,434,35.0000,2.0909
585,512,524,38.0000,2.0665
587,590,559,35.0000,2.0944
589,620,531,37.5000,1.9321
590,559,536,70.0000,2.0944
590,559,562,63.0000,2.0944
591,532,463,38.0000,2.0665
591,532,550,35.0000,2.0909
592,600,490,37.5000,1.9321
593,562,545,35.0000,2.0944
593,562,559,63.0000,2.0944
594,593,562,35.0000,2.0944
596,631,579,35.0000,1.9111
597,515,430,63.0000,1.9391
597,515,477,63.0000,1.9216
597,515,555,35.0000,1.9111
598,502,463,80.0000,2.1014
598,502,474,80.0000,2.1450
599,581,504,33.0000,1.8815
599,581,556,33.0000,1.8815
600,490,408,58.3500,1.9670
600,490,475,37.5000,1.9321
600,490,525,37.5000,1.9321
600,612,561,37.5000,1.9321
600,612,575,37.5000,1.9321
603,618,514,35.0000,1.9111
604,637,574,70.0000,2.0351
605,646,604,63.0000,1.9216
606,537,436,50.0000,2.1276
606,537,558,35.0000,2.0909
607,522,443,63.0000,1.9391
607,522,474,80.0000,1.9146
607,522,564,37.5000,1.9321
608,593,562,63.0000,2.0944
608,593,594,35.0000,2.0944
608,609,590,63.0000,2.0944
608,627,524,63.0000,1.9897
609,590,559,63.0000,2.0944
609,590,587,35.0000,2.0944
609,608,593,63.0000,2.0944
610,488,442,80.0000,2.1014
610,488,458,70.0000,2.0351
610,624,588,38.0000,2.0665
611,646,604,80.0000,1.9146
611,646,605,63.0000,1.9391
612,600,490,58.3500,1.9670
612,600,592,37.5000,1.9321
613,573,566,55.0000,1.8937
613,647,586,37.5000,1.9321
614,541,441,70.0000,2.0420
614,541,570,80.0000,2.1991
616,638,574,50.0000,2.1276
618,514,427,70.0000,2.1817
618,514,497,70.0000,2.2445
619,610,488,35.0000,1.9111
620,531,453,63.0000,1.9897
620,531,484,37.5000,1.9321
620,531,567,37.5000,1.9321
622,609,590,35.0000,2.0944
622,609,608,35.0000,2.0944
623,506,456,37.5000,1.9321
623,506,482,37.5000,1.9321
623,506,508,37.5000,1.9321
623,626,617,38.0000,2.0665
624,610,488,63.0000,1.9216
624,610,619,35.0000,1.9111
625,631,579,33.0000,1.8815
625,631,596,35.0000,1.9111
626,623,506,80.0000,1.9146
627,524,461,37.5000,1.9321
627,524,512,80.0000,1.9146
627,524,526,63.0000,1.9391
627,608,593,70.0000,2.0944
627,608,609,70.0000,2.0944
629,639,551,35.0000,1.9111
630,607,522,37.5000,1.9321
630,607,563,33.0000,1.8815
631,596,582,55.0000,1.8937
633,554,487,37.5000,1.9321
633,554,509,33.0000,1.8815
633,554,574,37.5000,1.9321
634,639,551,63.0000,1.9216
634,639,629,35.0000,1.9111
636,611,523,33.0000,1.8815
637,574,492,35.0000,1.9111
637,574,554,63.0000,1.9391
637,604,534,35.0000,2.0909
638,574,492,35.0000,1.9111
638,574,554,80.0000,1.9146
638,574,637,63.0000,1.9216
638,616,533,80.0000,2.1450
639,551,464,50.0000,2.1276
639,551,568,38.0000,2.0665
639,634,621,80.0000,2.1014
640,521,472,70.0000,2.0351
640,521,476,80.0000,2.1014
640,667,605,50.0000,2.1276
641,655,538,63.0000,1.9391
643,665,595,33.0000,1.8815
644,626,617,35.0000,2.0909
644,626,623,50.0000,2.1276
644,664,602,35.0000,1.9111
645,576,507,70.0000,2.0351
645,576,552,80.0000,2.1450
645,705,618,80.0000,1.9146
646,604,534,38.0000,2.0665
646,604,637,50.0000,2.1276
646,605,519,80.0000,2.1014
646,611,523,37.5000,1.9321
646,611,636,37.5000,1.9321
647,613,548,37.5000,1.9321
647,613,573,50.0000,1.9111
648,611,523,33.0000,1.8815
648,611,636,33.0000,1.8815
648,611,646,37.5000,1.9321
649,698,620,70.0000,2.0351
649,709,616,63.0000,1.9216
650,527,466,63.0000,1.9216
650,527,485,63.0000,1.9391
650,527,516,35.0000,1.9111
650,686,615,35.0000,2.0909
651,565,503,35.0000,1.9111
651,565,507,37.5000,1.9321
651,565,560,33.0000,1.8815
652,634,621,80.0000,2.1450
652,634,639,70.0000,2.0351
652,664,602,35.0000,1.9111
652,664,644,63.0000,1.9216
653,652,634,35.0000,2.0909
654,569,497,35.0000,2.0944
654,569,528,35.0000,2.0944
655,538,471,58.3500,1.9670
655,538,498,37.5000,1.9321
655,538,547,50.0000,1.9111
655,641,635,80.0000,2.1014
659,627,524,37.5000,1.9321
659,627,608,35.0000,1.9111
660,641,635,80.0000,2.1450
660,641,655,70.0000,2.0351
660,661,550,63.0000,1.9216
661,550,500,80.0000,2.1014
661,550,532,70.0000,2.0351
661,660,641,50.0000,2.1276
663,618,514,35.0000,1.9111
663,618,603,33.0000,1.8815
664,644,626,70.0000,2.0351
664,652,634,50.0000,2.1276
664,652,653,38.0000,2.0665
667,605,519,80.0000,2.1450
667,605,646,70.0000,2.0351
667,640,521,63.0000,1.9216
669,600,490,37.5000,1.9321
669,600,592,33.0000,1.8815
669,600,612,37.5000,1.9321
670,644,626,80.0000,2.1450
670,644,664,80.0000,2.1014
671,724,640,37.5000,1.9321
673,645,576,35.0000,2.0909
674,678,647,38.0000,2.0665
675,623,506,63.0000,1.9391
675,623,626,63.0000,1.9216
676,728,632,35.0000,1.9111
677,597,515,70.0000,2.0351
677,597,572,80.0000,2.1450
678,647,586,35.0000,1.9111
678,647,613,80.0000,1.9146
680,640,521,35.0000,1.9111
680,640,667,35.0000,1.9111
682,677,597,35.0000,2.0909
683,661,550,35.0000,1.9111
683,661,660,35.0000,1.9111
684,660,641,35.0000,2.0909
684,660,661,38.0000,2.0665
685,743,679,33.0000,1.8815
686,650,527,70.0000,2.0351
687,691,581,37.5000,1.9321
688,675,623,80.0000,2.1014
689,553,499,80.0000,1.9408
689,553,520,63.0000,1.9391
689,553,529,35.0000,1.9111
689,731,666,35.0000,2.0909
690,613,548,33.0000,1.8815
690,613,573,35.0000,1.9111
690,613,647,37.5000,1.9321
691,581,504,37.5000,1.9321
691,581,556,37.5000,1.9321
691,581,599,37.5000,1.9321
691,693,624,70.0000,2.0351
692,623,506,37.5000,1.9321
692,623,626,35.0000,1.9111
692,623,675,35.0000,1.9111
693,624,588,35.0000,2.0909
693,624,610,50.0000,2.1276
693,691,581,63.0000,1.9391
693,691,687,35.0000,1.9111
694,737,655,38.0000,2.0665
695,655,538,37.5000,1.9321
695,655,641,35.0000,1.9111
697,665,595,35.0000,1.9111
697,665,643,35.0000,1.9111
698,620,531,63.0000,1.9391
698,620,589,35.0000,1.9111
698,649,571,35.0000,2.0909
699,708,610,37.5000,1.9321
700,627,524,37.5000,1.9321
700,627,608,35.0000,1.9111
700,627,659,33.0000,1.8815
704,710,675,35.0000,2.0909
705,618,514,63.0000,2.0176
705,618,603,37.5000,1.9321
705,618,663,37.5000,1.9321
705,645,576,50.0000,2.1276
705,645,673,38.0000,2.0665
706,620,531,80.0000,1.9146
706,620,589,35.0000,1.9111
706,620,698,63.0000,1.9216
706,718,642,80.0000,2.1450
708,610,488,63.0000,1.9391
708,610,619,37.5000,1.9321
708,610,624,80.0000,1.9146
709,616,533,80.0000,2.1014
709,616,638,70.0000,2.0351
709,649,571,38.0000,2.0665
709,649,698,50.0000,2.1276
710,675,623,70.0000,2.0351
710,675,688,80.0000,2.1450
712,678,647,50.0000,2.1276
712,678,674,35.0000,2.0909
712,756,710,63.0000,1.9216
714,705,618,37.5000,1.9321
714,705,645,35.0000,1.9111
715,756,710,35.0000,1.9111
715,756,712,35.0000,1.9111
716,712,678,80.0000,2.1450
718,706,620,50.0000,2.1276
719,723,697,80.0000,2.1450
720,708,610,37.5000,1.9321
720,708,699,33.0000,1.8815
721,697,665,38.0000,2.0665
722,757,717,35.0000,1.9111
723,697,665,50.0000,2.1276
723,697,721,35.0000,2.0909
723,750,677,63.0000,1.9216
724,640,521,63.0000,1.9391
724,640,667,80.0000,1.9146
724,640,680,37.5000,1.9321
727,607,522,63.0000,1.9897
727,607,563,35.0000,1.9111
727,607,630,35.0000,1.9111
727,735,657,35.0000,2.0944
728,632,601,55.0000,1.8937
729,638,574,38.0000,2.0665
729,638,616,35.0000,2.0909
731,689,553,70.0000,2.0351
732,750,677,35.0000,1.9111
732,750,723,35.0000,1.9111
733,650,527,80.0000,2.1014
733,650,686,80.0000,2.1450
735,727,607,70.0000,2.0944
736,606,537,70.0000,2.0351
736,606,584,80.0000,2.1014
736,757,717,37.5000,1.9321
736,757,722,50.0000,1.9111
737,655,538,80.0000,1.9146
737,655,641,63.0000,1.9216
737,655,695,35.0000,1.9111
738,637,574,80.0000,2.1014
738,637,604,80.0000,2.1450
740,754,730,70.0000,2.0944
741,746,612,80.0000,1.9146
742,724,640,37.5000,1.9321
742,724,671,33.0000,1.8815
743,802,709,58.3500,1.9670
744,726,628,35.0000,2.0944
746,612,561,37.5000,1.9321
746,612,575,37.5000,1.9321
746,612,600,58.3500,1.9670
746,741,656,38.0000,2.0665
747,758,740,35.0000,2.0944
748,646,604,35.0000,1.9111
748,646,605,35.0000,1.9111
748,646,611,37.5000,1.9321
749,693,624,80.0000,2.1450
749,693,691,80.0000,2.1014
750,677,597,50.0000,2.1276
750,677,682,38.0000,2.0665
750,723,697,70.0000,2.0351
750,723,719,80.0000,2.1014
751,689,553,80.0000,2.1014
751,689,731,80.0000,2.1450
752,759,662,33.0000,1.8815
754,740,713,35.0000,2.0944
755,769,647,70.0000,2.0351
756,710,675,50.0000,2.1276
756,710,704,38.0000,2.0665
756,712,678,70.0000,2.0351
756,712,716,80.0000,2.1014
757,722,702,55.0000,1.8937
757,736,606,63.0000,1.9391
758,740,713,35.0000,2.0944
758,740,754,63.0000,2.0944
760,709,616,35.0000,1.9111
760,709,649,35.0000,1.9111
761,777,661,50.0000,1.9111
762,805,726,70.0000,2.0944
762,826,743,80.0000,1.9408
763,728,632,35.0000,1.9111
763,728,676,33.0000,1.8815
764,785,667,35.0000,1.9111
765,803,725,37.5000,1.9321
766,818,765,70.0000,2.0420
767,777,661,37.5000,1.9321
767,777,761,35.0000,1.9111
768,631,579,37.5000,1.9321
768,631,596,50.0000,1.9111
768,631,625,37.5000,1.9321
768,773,701,38.0000,2.0665
769,647,586,35.0000,1.9111
769,647,613,63.0000,1.9391
769,647,678,63.0000,1.9216
769,755,672,35.0000,2.0909
770,775,665,70.0000,2.0351
770,816,718,63.0000,1.9216
771,639,551,80.0000,1.9146
771,639,629,37.5000,1.9321
771,639,634,63.0000,1.9391
771,782,696,37.5000,1.9321
772,706,620,38.0000,2.0665
772,706,718,35.0000,2.0909
773,768,631,80.0000,1.9146
775,665,595,35.0000,1.9111
775,665,643,35.0000,1.9111
775,665,697,63.0000,1.9216
775,770,711,35.0000,2.0909
776,778,736,50.0000,2.1276
776,820,728,63.0000,1.9391
777,661,550,63.0000,1.9391
777,661,660,80.0000,1.9146
777,661,683,37.5000,1.9321
777,761,681,55.0000,1.8937
778,736,606,63.0000,1.9216
778,736,757,80.0000,1.9146
778,776,734,80.0000,2.1450
780,771,639,37.5000,1.9321
781,782,696,33.0000,1.8815
781,782,771,37.5000,1.9321
782,771,639,58.3500,1.9670
782,771,780,37.5000,1.9321
783,786,707,35.0000,1.9111
784,730,754,35.0000,1.9722
785,667,605,50.0000,2.1276
785,667,640,50.0000,2.0595
785,827,724,58.3500,1.9670
787,746,612,37.5000,1.9321
787,746,741,35.0000,1.9111
788,765,658,33.0000,1.8815
790,838,768,70.0000,2.0351
790,847,789,35.0000,1.9111
791,813,745,33.0000,1.8815
792,754,730,70.0000,2.0944
792,754,740,63.0000,2.0944
793,664,602,37.5000,1.9321
793,664,644,63.0000,1.9391
793,664,652,80.0000,1.9146
794,736,606,35.0000,1.9111
794,736,757,37.5000,1.9321
794,736,778,35.0000,1.9111
795,758,740,63.0000,2.0944
795,758,747,35.0000,2.0944
795,813,745,35.0000,1.9111
795,813,791,35.0000,1.9111
795,814,792,63.0000,2.0944
796,778,736,38.0000,2.0665
796,778,776,35.0000,2.0909
797,759,662,33.0000,1.8815
797,759,752,33.0000,1.8815
798,691,581,80.0000,1.9146
798,691,687,35.0000,1.9111
798,691,693,63.0000,1.9216
799,698,620,80.0000,2.1014
799,698,649,80.0000,2.1450
800,708,610,37.5000,1.9321
800,708,699,33.0000,1.8815
800,708,720,33.0000,1.8815
801,819,746,80.0000,2.1014
802,709,616,63.0000,1.9391
802,709,649,80.0000,1.9146
802,709,760,37.5000,1.9321
802,743,679,37.5000,1.9321
802,743,685,37.5000,1.9321
803,765,658,37.5000,1.9321
803,765,788,37.5000,1.9321
804,793,664,37.5000,1.9321
805,726,628,35.0000,2.0944
805,726,744,35.0000,2.0944
805,762,668,35.0000,2.0944
806,832,779,33.0000,1.8815
807,793,664,37.5000,1.9321
807,793,804,33.0000,1.8815
808,792,754,35.0000,2.0944
809,786,707,35.0000,1.9111
809,786,783,35.0000,1.9111
810,686,615,38.0000,2.0665
810,686,650,50.0000,2.1276
810,830,741,70.0000,2.0351
810,834,759,58.3500,1.9670
811,768,631,37.5000,1.9321
811,768,773,35.0000,1.9111
813,795,758,70.0000,2.0944
814,792,754,63.0000,2.0944
814,792,808,35.0000,2.0944
814,795,758,63.0000,2.0944
814,795,813,70.0000,2.0944
815,821,727,35.0000,2.0944
816,718,642,80.0000,2.1014
816,718,706,70.0000,2.0351
816,770,711,38.0000,2.0665
816,770,775,50.0000,2.1276
818,765,658,35.0000,1.9111
818,765,788,35.0000,1.9111
818,765,803,63.0000,1.9391
819,746,612,63.0000,1.9391
819,746,741,63.0000,1.9216
819,746,787,35.0000,1.9111
820,728,632,50.0000,1.9111
820,728,676,37.5000,1.9321
820,728,763,37.5000,1.9321
820,776,734,80.0000,2.1014
820,776,778,70.0000,2.0351
820,868,812,38.0000,2.0665
821,727,607,70.0000,2.0944
821,727,735,63.0000,2.0944
822,798,691,38.0000,2.0665
824,803,725,33.0000,1.8815
824,803,765,37.5000,1.9321
825,856,798,80.0000,2.1450
826,743,679,37.5000,1.9321
826,743,685,37.5000,1.9321
826,743,802,58.3500,1.9670
826,762,668,35.0000,2.0665
826,762,805,50.0000,2.1502
827,724,640,58.3500,1.9670
827,724,671,37.5000,1.9321
827,724,742,37.5000,1.9321
827,785,667,80.0000,1.9146
827,785,764,37.5000,1.9321
828,705,618,63.0000,1.9391
828,705,645,63.0000,1.9216
828,705,714,35.0000,1.9111
829,775,665,80.0000,2.1014
829,775,770,80.0000,2.1450
830,741,656,35.0000,2.0909
830,741,746,50.0000,2.1276
830,810,686,63.0000,1.9216
831,871,823,37.5000,1.9321
832,845,755,80.0000,1.9146
834,759,662,37.5000,1.9321
834,759,752,37.5000,1.9321
834,759,797,37.5000,1.9321
834,810,686,80.0000,1.9146
834,810,830,63.0000,1.9391
834,839,753,37.5000,1.9321
835,876,786,35.0000,1.9111
836,814,792,35.0000,2.0944
836,814,795,35.0000,2.0944
837,816,718,35.0000,1.9111
837,816,770,35.0000,1.9111
838,768,631,63.0000,1.9391
838,768,773,63.0000,1.9216
838,768,811,35.0000,1.9111
838,790,703,35.0000,2.0909
839,834,759,58.3500,1.9670
839,834,810,58.3500,1.9670
840,895,833,33.0000,1.8815
841,735,657,35.0000,2.0944
841,735,727,63.0000,2.0944
843,785,667,35.0000,1.9111
843,785,764,33.0000,1.8815
843,785,827,37.5000,1.9321
844,737,655,50.0000,2.1276
844,737,694,35.0000,2.0909
845,755,672,38.0000,2.0665
845,755,769,50.0000,2.1276
845,832,779,37.5000,1.9321
845,832,806,37.5000,1.9321
845,857,773,70.0000,2.0351
846,831,739,33.0000,1.8815
847,790,703,38.0000,2.0665
847,790,838,50.0000,2.1276
849,731,666,38.0000,2.0665
849,731,689,50.0000,2.1276
849,871,823,37.5000,1.9321
849,871,831,58.3500,1.9670
849,878,817,80.0000,2.1014
851,757,717,33.0000,1.8815
851,757,722,35.0000,1.9111
851,757,736,37.5000,1.9321
852,841,735,35.0000,2.0944
853,782,696,33.0000,1.8815
853,782,771,37.5000,1.9321
853,782,781,33.0000,1.8815
854,802,709,37.5000,1.9321
854,802,743,37.5000,1.9321
856,798,691,50.0000,2.1276
856,798,822,35.0000,2.0909
857,773,701,35.0000,2.0909
857,773,768,50.0000,2.1276
857,845,755,63.0000,1.9216
857,845,832,63.0000,1.9391
858,909,844,63.0000,1.9216
858,916,847,70.0000,2.0351
859,894,828,35.0000,2.0909
860,769,647,80.0000,2.1014
860,769,755,80.0000,2.1450
861,802,709,37.5000,1.9321
861,802,743,37.5000,1.9321
861,802,854,33.0000,1.8815
862,793,664,37.5000,1.9321
862,793,804,33.0000,1.8815
862,793,807,33.0000,1.8815
864,828,705,80.0000,2.1014
866,810,686,35.0000,1.9111
866,810,830,35.0000,1.9111
866,810,834,37.5000,1.9321
867,896,803,37.5000,1.9321
868,820,728,80.0000,1.9146
868,820,776,63.0000,1.9216
869,827,724,37.5000,1.9321
869,827,785,37.5000,1.9321
871,831,739,37.5000,1.9321
871,831,846,37.5000,1.9321
871,849,731,80.0000,1.9146
872,839,753,33.0000,1.8815
872,839,834,37.5000,1.9321
875,771,639,58.3500,1.9670
875,771,780,37.5000,1.9321
875,771,782,58.3500,1.9670
876,786,707,35.0000,1.9111
876,786,783,35.0000,1.9111
876,786,809,35.0000,1.9111
877,875,771,37.5000,1.9321
878,849,731,63.0000,1.9216
878,849,871,63.0000,1.9391
879,831,739,33.0000,1.8815
879,831,846,33.0000,1.8815
879,831,871,37.5000,1.9321
881,826,743,37.5000,1.9321
881,826,762,35.0000,1.9111
882,750,677,80.0000,1.9146
882,750,723,63.0000,1.9391
882,750,732,37.5000,1.9321
882,919,874,37.5000,1.9321
884,826,743,37.5000,1.9321
884,826,762,35.0000,1.9111
884,826,881,33.0000,1.8815
885,915,850,33.0000,1.8815
886,820,728,37.5000,1.9321
886,820,776,35.0000,1.9111
886,820,868,35.0000,1.9111
888,875,771,37.5000,1.9321
888,875,877,33.0000,1.8815
889,756,710,80.0000,1.9146
889,756,712,63.0000,1.9391
889,756,715,37.5000,1.9321
889,937,873,37.5000,1.9321
892,827,724,37.5000,1.9321
892,827,785,37.5000,1.9321
892,827,869,33.0000,1.8815
893,777,661,58.3500,1.9670
893,777,761,50.0000,1.9111
893,777,767,37.5000,1.9321
894,828,705,70.0000,2.0351
894,828,864,80.0000,2.1450
896,803,725,37.5000,1.9321
896,803,765,58.3500,1.9670
896,803,824,37.5000,1.9321
896,913,842,80.0000,2.1014
897,909,844,35.0000,1.9111
897,909,858,35.0000,1.9111
898,839,753,33.0000,1.8815
898,839,834,37.5000,1.9321
898,839,872,33.0000,1.8815
899,927,855,33.0000,1.8815
900,882,750,37.5000,1.9321
901,957,876,37.5000,1.9321
902,893,777,37.5000,1.9321
903,889,756,37.5000,1.9321
904,918,816,37.5000,1.9321
905,844,737,80.0000,2.1450
906,919,874,35.0000,1.9111
906,919,882,50.0000,2.0019
907,849,731,35.0000,1.9111
907,849,871,37.5000,1.9321
907,849,878,35.0000,1.9111
908,893,777,37.5000,1.9321
908,893,902,33.0000,1.8815
909,844,737,70.0000,2.0351
909,844,905,80.0000,2.1014
909,858,774,38.0000,2.0665
910,847,789,33.0000,1.8815
910,847,790,35.0000,1.9111
911,805,726,70.0000,2.0944
911,805,762,70.0000,2.0944
912,819,746,70.0000,2.0351
912,819,801,80.0000,2.1450
913,896,803,63.0000,1.9391
913,896,867,35.0000,1.9111
914,956,887,33.0000,1.8815
916,847,789,35.0000,1.9111
916,847,790,63.0000,1.9216
916,847,910,35.0000,1.9111
916,858,774,35.0000,2.0909
916,858,909,50.0000,2.1276
918,816,718,63.0000,1.9391
918,816,770,80.0000,1.9146
918,816,837,37.5000,1.9321
919,882,750,58.3500,1.9670
919,882,900,37.5000,1.9321
922,834,759,37.5000,1.9321
922,834,810,37.5000,1.9321
922,834,839,37.5000,1.9321
923,876,786,35.0000,1.9111
923,876,835,33.0000,1.8815
924,964,889,37.5000,1.9321
925,818,765,70.0000,2.0420
925,818,766,80.0000,2.1991
926,821,727,63.0000,2.0944
926,821,815,35.0000,2.0944
926,944,841,63.0000,2.0944
928,979,895,37.5000,1.9321
929,813,745,37.5000,1.9321
929,813,791,37.5000,1.9321
929,813,795,63.0000,1.9897
929,939,880,80.0000,2.1014
929,946,883,38.0000,2.0665
931,882,750,37.5000,1.9321
931,882,900,33.0000,1.8815
931,882,919,37.5000,1.9321
932,912,819,35.0000,2.0909
933,937,873,33.0000,1.8815
933,937,889,37.5000,1.9321
934,845,755,35.0000,1.9111
934,845,832,37.5000,1.9321
934,845,857,35.0000,1.9111
935,830,741,80.0000,2.1450
935,830,810,80.0000,2.1014
936,967,920,33.0000,1.8815
937,889,756,58.3500,1.9670
937,889,903,37.5000,1.9321
938,915,850,33.0000,1.8815
938,915,885,33.0000,1.8815
939,929,813,63.0000,1.9391
940,961,856,35.0000,1.9111
942,918,816,37.5000,1.9321
942,918,904,33.0000,1.8815
943,995,927,37.5000,1.9321
944,841,735,63.0000,2.0944
944,841,852,35.0000,2.0944
944,926,821,63.0000,2.0944
945,911,805,35.0000,2.0944
946,929,813,80.0000,1.9146
946,929,939,63.0000,1.9216
947,857,773,80.0000,2.1450
947,857,845,80.0000,2.1014
949,967,920,37.5000,1.9321
949,967,936,37.5000,1.9321
949,977,930,37.5000,1.9321
950,895,833,33.0000,1.8815
950,895,840,33.0000,1.8815
952,838,768,80.0000,2.1014
952,838,790,80.0000,2.1450
954,832,779,35.0000,1.9111
954,832,806,35.0000,1.9111
954,832,845,63.0000,2.0176
954,980,921,35.0000,2.0944
955,988,912,35.0000,1.9111
957,876,786,80.0000,1.9408
957,876,835,37.5000,1.9321
957,876,923,37.5000,1.9321
958,875,771,37.5000,1.9321
958,875,877,33.0000,1.8815
958,875,888,33.0000,1.8815
959,964,889,37.5000,1.9321
959,964,924,33.0000,1.8815
960,956,887,33.0000,1.8815
960,956,914,33.0000,1.8815
961,856,798,70.0000,2.0351
961,856,825,80.0000,2.1014
961,983,939,50.0000,2.1276
962,977,930,33.0000,1.8815
962,977,949,37.5000,1.9321
963,893,777,37.5000,1.9321
963,893,902,33.0000,1.8815
963,893,908,33.0000,1.8815
964,889,756,58.3500,1.9670
964,889,903,37.5000,1.9321
964,889,937,58.3500,1.9670
967,949,848,37.5000,1.9321
968,1002,949,63.0000,1.9391
969,953,865,35.0000,2.0944
970,991,894,63.0000,1.9216
971,911,805,35.0000,2.0944
971,911,945,35.0000,2.0944
972,957,876,37.5000,1.9321
972,957,901,33.0000,1.8815
973,1002,949,80.0000,1.9146
973,1002,968,63.0000,1.9216
974,878,817,80.0000,2.1450
974,878,849,70.0000,2.0351
974,1015,966,35.0000,1.9111
975,978,891,33.0000,1.8815
976,868,812,35.0000,2.0909
976,868,820,50.0000,2.1276
976,1006,948,35.0000,1.9111
977,949,848,37.5000,1.9321
977,949,967,58.3500,1.9670
979,895,833,37.5000,1.9321
979,895,840,37.5000,1.9321
979,895,950,37.5000,1.9321
979,1029,973,70.0000,2.0351
980,954,832,70.0000,2.1817
981,927,855,33.0000,1.8815
981,927,899,33.0000,1.8815
982,1005,906,35.0000,1.9111
983,939,880,80.0000,2.1450
983,939,929,70.0000,2.0351
983,961,856,63.0000,1.9216
983,961,940,35.0000,1.9111
988,912,819,50.0000,2.1276
988,912,932,38.0000,2.0665
989,999,896,38.0000,2.0665
991,894,828,50.0000,2.1276
991,894,859,38.0000,2.0665
991,970,870,80.0000,2.1014
992,929,813,37.5000,1.9321
992,929,939,35.0000,1.9111
992,929,946,35.0000,1.9111
993,978,891,33.0000,1.8815
993,978,975,33.0000,1.8815
994,909,844,35.0000,1.9111
994,909,858,35.0000,1.9111
994,909,897,33.0000,1.8815
995,927,855,37.5000,1.9321
995,927,899,37.5000,1.9321
995,927,981,37.5000,1.9321
995,1039,984,37.5000,1.9321
996,1014,953,70.0000,2.0944
997,926,821,35.0000,2.0944
997,926,944,35.0000,2.0944
998,871,823,37.5000,1.9321
998,871,831,58.3500,1.9670
998,871,849,58.3500,1.9670
999,896,803,80.0000,1.9146
999,896,867,35.0000,1.9111
999,896,913,63.0000,1.9216
1002,949,848,37.5000,1.9321
1002,949,967,58.3500,1.9670
1002,949,977,58.3500,1.9670
1002,968,863,80.0000,2.1014
1002,973,890,38.0000,2.0665
1004,913,842,80.0000,2.1450
1004,913,896,70.0000,2.0351
1004,1028,965,35.0000,1.9111
1005,906,919,62.0000,1.7261
1006,976,868,70.0000,2.0351
1006,1018,915,58.3500,1.9670
1007,983,939,35.0000,2.0909
1007,983,961,38.0000,2.0665
1008,919,874,33.0000,1.8815
1008,919,882,37.5000,1.9321
1008,919,906,35.0000,1.9111
1010,998,871,37.5000,1.9321
1011,1005,906,35.0000,1.9111
1011,1005,982,33.0000,1.8815
1012,916,847,80.0000,2.1014
1012,916,858,80.0000,2.1450
1013,988,912,35.0000,1.9111
1013,988,955,33.0000,1.8815
1014,953,865,35.0000,2.0944
1014,953,969,35.0000,2.0944
1014,996,917,35.0000,2.0944
1015,974,878,50.0000,2.1276
1016,974,878,35.0000,2.0909
1016,974,1015,38.0000,2.0665
1018,915,850,37.5000,1.9321
1018,915,885,37.5000,1.9321
1018,915,938,37.5000,1.9321
1018,1006,948,37.5000,1.9321
1018,1006,976,63.0000,1.9391
1018,1076,1001,37.5000,1.9321
1020,1025,946,70.0000,2.0351
1020,1037,968,50.0000,2.1276
1021,991,894,35.0000,1.9111
1021,991,970,35.0000,1.9111
1023,918,816,63.0000,2.0176
1023,918,904,35.0000,1.9111
1023,918,942,35.0000,1.9111
1023,1072,1019,35.0000,2.0944
1024,998,871,37.5000,1.9321
1024,998,1010,33.0000,1.8815
1025,946,883,35.0000,2.0909
1025,946,929,50.0000,2.1276
1025,1020,951,35.0000,1.9111
1026,1051,979,50.0000,2.1276
1027,1060,978,37.5000,1.9321
1028,1004,913,50.0000,2.1276
1029,973,890,35.0000,2.0909
1029,973,1002,50.0000,2.1276
1029,979,895,63.0000,1.9391
1029,979,928,35.0000,1.9111
1030,1077,996,35.0000,1.9111
1031,1032,944,35.0000,1.9722
1032,944,841,70.0000,2.0944
1032,944,926,70.0000,2.0944
1033,1057,961,37.5000,1.9321
1035,954,832,70.0000,2.2445
1035,954,980,85.0000,1.8570
1035,1069,1003,35.0000,2.0944
1036,1112,1015,37.5000,1.9321
1037,968,863,80.0000,2.1450
1037,968,1002,70.0000,2.0351
1037,1020,951,35.0000,1.9111
1037,1020,1025,63.0000,1.9216
1038,964,889,37.5000,1.9321
1038,964,924,33.0000,1.8815
1038,964,959,33.0000,1.8815
1039,995,927,58.3500,1.9670
1039,995,943,37.5000,1.9321
1040,1034,1000,35.0000,2.0944
1041,976,868,80.0000,2.1450
1041,976,1006,80.0000,2.1014
1043,1070,986,33.0000,1.8815
1044,1102,995,37.5000,1.9321
1047,937,873,37.5000,1.9321
1047,937,889,58.3500,1.9670
1047,937,933,37.5000,1.9321
1048,998,871,37.5000,1.9321
1048,998,1010,33.0000,1.8815
1048,998,1024,33.0000,1.8815
1049,1062,957,37.5000,1.9321
1050,967,920,33.0000,1.8815
1050,967,936,33.0000,1.8815
1050,967,949,37.5000,1.9321
1051,979,895,80.0000,1.9146
1051,979,928,35.0000,1.9111
1051,979,1029,63.0000,1.9216
1051,1026,941,80.0000,2.1450
1053,1047,937,37.5000,1.9321
1054,991,894,35.0000,1.9111
1054,991,970,35.0000,1.9111
1054,991,1021,33.0000,1.8815
1055,1056,970,50.0000,2.1276
1055,1058,1017,80.0000,2.1014
1056,970,870,80.0000,2.1450
1056,970,991,70.0000,2.0351
1056,1055,985,35.0000,1.9111
1057,961,856,63.0000,1.9391
1057,961,940,37.5000,1.9321
1057,961,983,80.0000,1.9146
1058,1055,985,35.0000,1.9111
1058,1055,1056,63.0000,1.9216
1060,978,891,37.5000,1.9321
1060,978,975,37.5000,1.9321
1060,978,993,37.5000,1.9321
1060,1063,956,58.3500,1.9670
1062,957,876,58.3500,1.9670
1062,957,901,37.5000,1.9321
1062,957,972,37.5000,1.9321
1063,956,887,37.5000,1.9321
1063,956,914,37.5000,1.9321
1063,956,960,37.5000,1.9321
1063,1060,978,58.3500,1.9670
1063,1060,1027,37.5000,1.9321
1064,1117,1062,37.5000,1.9321
1065,1004,913,35.0000,2.0909
1065,1004,1028,38.0000,2.0665
1066,1117,1062,37.5000,1.9321
1066,1117,1064,33.0000,1.8815
1068,977,930,33.0000,1.8815
1068,977,949,37.5000,1.9321
1068,977,962,33.0000,1.8815
1069,1035,954,85.0000,2.3544
1070,1135,1046,37.5000,1.9321
1072,1023,918,70.0000,2.1817
1074,1133,1028,63.0000,1.9391
1076,1018,915,58.3500,1.9670
1076,1018,1006,58.3500,1.9670
1077,996,917,35.0000,2.0665
1077,996,1014,50.0000,2.1502
1077,1083,990,37.5000,1.9321
1079,1047,937,37.5000,1.9321
1079,1047,1053,33.0000,1.8815
1082,1155,1076,37.5000,1.9321
1083,1077,996,80.0000,1.9408
1083,1077,1030,37.5000,1.9321
1084,1119,1045,33.0000,1.8815
1087,1097,1034,80.0000,2.1450
1088,1159,1070,35.0000,1.9111
1090,980,921,35.0000,2.1223
1090,980,954,70.0000,1.8972
1090,1141,1035,70.0000,1.8221
1092,1109,988,70.0000,2.0351
1094,1118,1015,70.0000,2.0351
1095,1105,1085,35.0000,2.0944
1097,1034,1000,35.0000,2.0909
1097,1034,1040,35.0000,2.0909
1098,1039,984,33.0000,1.8815
1098,1039,995,37.5000,1.9321
1099,1165,1083,37.5000,1.9321
1100,1018,915,37.5000,1.9321
1100,1018,1006,37.5000,1.9321
1100,1018,1076,37.5000,1.9321
1102,995,927,58.3500,1.9670
1102,995,943,37.5000,1.9321
1102,995,1039,58.3500,1.9670
1102,1182,1094,80.0000,1.9146
1103,1005,906,35.0000,1.9111
1103,1005,982,33.0000,1.8815
1103,1005,1011,33.0000,1.8815
1104,1160,1080,33.0000,1.8815
1105,1095,1075,35.0000,2.0944
1106,999,896,50.0000,2.1276
1106,999,989,35.0000,2.0909
1107,1116,1095,70.0000,2.0944
1108,1063,956,37.5000,1.9321
1108,1063,1060,37.5000,1.9321
1109,988,912,63.0000,1.9216
1109,988,955,35.0000,1.9111
1109,988,1013,35.0000,1.9111
1109,1092,1009,35.0000,2.0909
1110,1028,965,35.0000,1.9111
1110,1028,1004,63.0000,1.9216
1110,1114,1061,35.0000,2.0909
1111,1002,949,37.5000,1.9321
1111,1002,968,35.0000,1.9111
1111,1002,973,35.0000,1.9111
1112,1015,966,37.5000,1.9321
1112,1015,974,80.0000,1.9146
1112,1171,1089,37.5000,1.9321
1113,1058,1017,80.0000,2.1450
1113,1058,1055,70.0000,2.0351
1113,1119,1045,35.0000,1.9111
1113,1119,1084,35.0000,1.9111
1114,1110,1028,70.0000,2.0351
1114,1148,1026,63.0000,1.9216
1115,1106,999,80.0000,2.1450
1116,1095,1075,35.0000,2.0944
1116,1095,1105,63.0000,2.0944
1117,1062,957,58.3500,1.9670
1117,1062,1049,37.5000,1.9321
1118,1015,966,35.0000,1.9111
1118,1015,974,63.0000,1.9216
1118,1015,1112,63.0000,1.9391
1118,1094,1022,35.0000,2.0909
1119,1113,1058,50.0000,2.1276
1120,1090,980,35.0000,2.0944
1121,1039,984,33.0000,1.8815
1121,1039,995,37.5000,1.9321
1121,1039,1098,33.0000,1.8815
1123,1057,961,50.0000,1.8954
1123,1057,1033,35.0000,1.9111
1124,1105,1085,35.0000,2.0944
1124,1105,1095,63.0000,2.0944
1124,1137,1020,63.0000,1.9897
1125,1132,1081,35.0000,2.0944
1126,1172,1097,35.0000,1.9111
1127,1047,937,37.5000,1.9321
1127,1047,1053,33.0000,1.8815
1127,1047,1079,33.0000,1.8815
1128,1023,918,70.0000,2.2445
1128,1023,1072,85.0000,1.8570
1128,1146,1059,35.0000,2.0944
1129,1025,946,80.0000,2.1450
1129,1025,1020,80.0000,2.1014
1130,1006,948,35.0000,1.9111
1130,1006,976,63.0000,1.9216
1130,1006,1018,80.0000,1.9146
1130,1150,1042,80.0000,2.1450
1131,1107,1116,35.0000,1.9722
1132,1125,1078,35.0000,2.0944
1133,1028,965,37.5000,1.9321
1133,1028,1004,80.0000,1.9146
1133,1028,1110,63.0000,1.9391
1133,1074,987,70.0000,2.0420
1134,1116,1095,63.0000,2.0944
1134,1116,1107,70.0000,2.0944
1134,1142,1124,63.0000,2.0944
1135,1070,986,37.5000,1.9321
1135,1070,1043,37.5000,1.9321
1136,1137,1020,37.5000,1.9321
1136,1137,1124,35.0000,1.9111
1137,1020,951,37.5000,1.9321
1137,1020,1025,63.0000,1.9391
1137,1020,1037,80.0000,1.9146
1137,1124,1105,70.0000,2.0944
1138,1083,990,33.0000,1.8815
1138,1083,1077,37.5000,1.9321
1139,1014,953,70.0000,2.0944
1139,1014,996,70.0000,2.0944
1140,1062,957,37.5000,1.9321
1140,1062,1049,33.0000,1.8815
1140,1062,1117,37.5000,1.9321
1141,1035,954,85.0000,1.8989
1141,1035,1069,85.0000,2.0281
1141,1090,980,70.0000,1.9478
1141,1090,1120,35.0000,2.1485
1142,1124,1105,63.0000,2.0944
1142,1124,1137,70.0000,2.0944
1142,1134,1116,63.0000,2.0944
1143,1063,956,37.5000,1.9321
1143,1063,1060,37.5000,1.9321
1143,1063,1108,33.0000,1.8815
1144,1134,1116,35.0000,2.0944
1144,1134,1142,35.0000,2.0944
1145,1113,1058,35.0000,2.0909
1145,1113,1119,38.0000,2.0665
1146,1128,1023,85.0000,2.3544
1148,1026,941,80.0000,2.1014
1148,1026,1051,70.0000,2.0351
1148,1114,1061,38.0000,2.0665
1148,1114,1110,50.0000,2.1276
1148,1166,1073,37.5000,1.9321
1149,1037,968,35.0000,2.0909
1149,1037,1020,38.0000,2.0665
1150,1130,1006,50.0000,2.1276
1152,1056,970,35.0000,2.0909
1152,1056,1055,38.0000,2.0665
1153,1057,961,37.5000,1.9321
1153,1057,1033,33.0000,1.8815
1153,1057,1123,35.0000,1.9111
1154,1110,1028,80.0000,2.1014
1154,1110,1114,80.0000,2.1450
1155,1076,1001,37.5000,1.9321
1155,1076,1018,58.3500,1.9670
1156,1076,1001,33.0000,1.8815
1156,1076,1018,37.5000,1.9321
1156,1076,1155,37.5000,1.9321
1158,1139,1014,35.0000,2.0944
1159,1070,986,35.0000,1.9111
1159,1070,1043,35.0000,1.9111
1159,1070,1135,80.0000,1.9408
1161,1029,973,80.0000,2.1450
1161,1029,979,80.0000,2.1014
1162,1051,979,38.0000,2.0665
1162,1051,1026,35.0000,2.0909
1163,1133,1028,37.5000,1.9321
1163,1133,1074,35.0000,1.9111
1164,1208,1151,33.0000,1.8815
1165,1083,990,37.5000,1.9321
1165,1083,1077,58.3500,1.9670
1165,1083,1138,37.5000,1.9321
1165,1201,1092,80.0000,1.9146
1166,1148,1026,63.0000,1.9391
1166,1148,1114,80.0000,1.9146
1166,1177,1086,37.5000,1.9321
1167,1142,1124,35.0000,2.0944
1167,1142,1134,35.0000,2.0944
1168,1074,987,80.0000,2.1991
1168,1074,1133,70.0000,2.0420
1169,1102,995,37.5000,1.9321
1169,1102,1044,33.0000,1.8815
1170,1178,1125,70.0000,2.0944
1171,1112,1015,58.3500,1.9670
1171,1112,1036,37.5000,1.9321
1172,1097,1034,70.0000,2.0351
1172,1097,1087,80.0000,2.1014
1172,1186,1055,58.3500,1.9670
1173,1179,1093,35.0000,2.0944
1174,1077,996,35.0000,1.9111
1174,1077,1030,33.0000,1.8815
1174,1077,1083,37.5000,1.9321
1175,1155,1076,37.5000,1.9321
1175,1155,1082,33.0000,1.8815
1176,1135,1046,33.0000,1.8815
1176,1135,1070,37.5000,1.9321
1177,1166,1073,37.5000,1.9321
1177,1166,1148,58.3500,1.9670
1178,1125,1078,35.0000,2.0944
1178,1125,1132,63.0000,2.0944
1178,1170,1052,35.0000,1.9111
1181,1112,1015,37.5000,1.9321
1181,1112,1036,33.0000,1.8815
1181,1112,1171,37.5000,1.9321
1182,1094,1022,38.0000,2.0665
1182,1094,1118,50.0000,2.1276
1182,1102,995,58.3500,1.9670
1182,1102,1044,37.5000,1.9321
1182,1102,1169,37.5000,1.9321
1183,1184,1132,35.0000,2.0944
1184,1132,1081,35.0000,2.0944
1184,1132,1125,63.0000,2.0944
1185,1069,1003,35.0000,2.0944
1185,1069,1035,63.0000,2.0944
1186,1055,985,37.5000,1.9321
1186,1055,1056,80.0000,1.9146
1186,1055,1058,63.0000,1.9391
1186,1172,1097,63.0000,1.9391
1186,1172,1126,37.5000,1.9321
1187,1160,1080,33.0000,1.8815
1187,1160,1104,33.0000,1.8815
1188,1159,1070,35.0000,1.9111
1188,1159,1088,35.0000,1.9111
1190,1222,1135,37.5000,1.9321
1191,1170,1052,33.0000,1.8815
1191,1170,1178,35.0000,1.9111
1192,1072,1019,35.0000,2.1223
1192,1072,1023,70.0000,1.8972
1192,1223,1128,70.0000,1.8221
1194,1215,1106,63.0000,1.9391
1195,1180,1071,33.0000,1.8815
1196,1238,1170,80.0000,1.9146
1197,1118,1015,80.0000,2.1014
1197,1118,1094,80.0000,2.1450
1198,1246,1180,58.3500,1.9670
1199,1123,1057,44.0000,1.6755
1201,1092,1009,38.0000,2.0665
1201,1092,1109,50.0000,2.1276
1201,1165,1083,58.3500,1.9670
1201,1165,1099,37.5000,1.9321
1201,1268,1196,70.0000,2.0351
1202,1185,1069,35.0000,2.0944
1203,1206,1060,80.0000,1.9146
1204,1109,988,80.0000,2.1014
1204,1109,1092,80.0000,2.1450
1206,1060,978,58.3500,1.9670
1206,1060,1027,37.5000,1.9321
1206,1060,1063,58.3500,1.9670
1206,1203,1147,38.0000,2.0665
1207,1130,1006,38.0000,2.0665
1207,1130,1150,35.0000,2.0909
1208,1256,1160,58.3500,1.9670
1209,1171,1089,33.0000,1.8815
1209,1171,1112,37.5000,1.9321
1210,1180,1071,33.0000,1.8815
1210,1180,1195,33.0000,1.8815
1211,1139,1014,35.0000,2.0944
1211,1139,1158,35.0000,2.0944
1212,1177,1086,33.0000,1.8815
1212,1177,1166,37.5000,1.9321
1213,1253,1182,80.0000,2.1014
1214,1238,1170,63.0000,1.9391
1214,1238,1196,63.0000,1.9216
1215,1106,999,70.0000,2.0351
1215,1106,1115,80.0000,2.1014
1215,1194,1091,37.5000,1.9321
1216,1159,1070,35.0000,1.9111
1216,1159,1088,35.0000,1.9111
1216,1159,1188,35.0000,1.9111
1217,1194,1091,33.0000,1.8815
1217,1194,1215,37.5000,1.9321
1218,1186,1055,37.5000,1.9321
1218,1186,1172,37.5000,1.9321
1219,1133,1028,37.5000,1.9321
1219,1133,1074,35.0000,1.9111
1219,1133,1163,33.0000,1.8815
1220,1246,1180,37.5000,1.9321
1220,1246,1198,37.5000,1.9321
1221,1198,1096,33.0000,1.8815
1222,1135,1046,37.5000,1.9321
1222,1135,1070,58.3500,1.9670
1222,1135,1176,37.5000,1.9321
1222,1233,1157,37.5000,1.9321
1223,1128,1023,85.0000,1.8989
1223,1128,1146,85.0000,2.0281
1223,1192,1072,70.0000,1.9478
1225,1137,1020,37.5000,1.9321
1225,1137,1124,35.0000,1.9111
1225,1137,1136,33.0000,1.8815
1227,1148,1026,35.0000,1.9111
1227,1148,1114,35.0000,1.9111
1227,1148,1166,37.5000,1.9321
1228,1155,1076,37.5000,1.9321
1228,1155,1082,33.0000,1.8815
1228,1155,1175,33.0000,1.8815
1229,1272,1189,35.0000,1.9111
1230,1271,1194,37.5000,1.9321
1231,1233,1157,33.0000,1.8815
1231,1233,1222,37.5000,1.9321
1232,1178,1125,63.0000,2.0944
1232,1178,1170,70.0000,2.0944
1232,1234,1184,63.0000,2.0944
1233,1222,1135,58.3500,1.9670
1233,1222,1190,37.5000,1.9321
1234,1184,1132,63.0000,2.0944
1234,1184,1183,35.0000,2.0944
1234,1232,1178,63.0000,2.0944
1235,1189,1067,80.0000,2.1991
1236,1198,1096,33.0000,1.8815
1236,1198,1221,33.0000,1.8815
1237,1266,1166,55.0000,1.8937
1238,1170,1052,37.5000,1.9321
1238,1170,1178,63.0000,1.9897
1238,1170,1191,37.5000,1.9321
1238,1196,1101,38.0000,2.0665
1238,1214,1122,80.0000,2.1014
1239,1192,1072,35.0000,2.0944
1239,1192,1223,35.0000,2.1485
1240,1165,1083,37.5000,1.9321
1240,1165,1099,33.0000,1.8815
1240,1165,1201,37.5000,1.9321
1241,1257,1206,80.0000,2.1014
1243,1177,1086,33.0000,1.8815
1243,1177,1166,37.5000,1.9321
1243,1177,1212,33.0000,1.8815
1244,1182,1094,35.0000,1.9111
1244,1182,1102,37.5000,1.9321
1245,1146,1059,35.0000,2.0944
1245,1146,1128,63.0000,2.0944
1246,1180,1071,37.5000,1.9321
1246,1180,1195,37.5000,1.9321
1246,1180,1210,37.5000,1.9321
1246,1198,1096,37.5000,1.9321
1246,1198,1221,37.5000,1.9321
1246,1198,1236,37.5000,1.9321
1247,1141,1035,85.0000,2.1415
1247,1141,1090,70.0000,2.3178
1247,1273,1185,63.0000,2.0944
1248,1245,1146,35.0000,2.0944
1250,1215,1106,63.0000,1.9216
1250,1215,1194,80.0000,1.9146
1250,1264,1249,80.0000,2.1450
1250,1275,1205,35.0000,1.9111
1251,1293,1224,33.0000,1.8815
1252,1119,1045,35.0000,1.9111
1252,1119,1084,35.0000,1.9111
1252,1119,1113,63.0000,1.9216
1252,1284,1226,35.0000,2.0909
1253,1182,1094,63.0000,1.9216
1253,1182,1102,63.0000,1.9391
1253,1182,1244,35.0000,1.9111
1255,1117,1062,58.3500,1.9670
1255,1117,1064,37.5000,1.9321
1255,1117,1066,37.5000,1.9321
1255,1264,1249,80.0000,2.1014
1255,1264,1250,70.0000,2.0351
1255,1298,1254,38.0000,2.0665
1256,1160,1080,37.5000,1.9321
1256,1160,1104,37.5000,1.9321
1256,1160,1187,37.5000,1.9321
1256,1208,1151,37.5000,1.9321
1256,1208,1164,37.5000,1.9321
1257,1206,1060,63.0000,1.9391
1257,1206,1203,63.0000,1.9216
1260,1272,1189,35.0000,1.9111
1260,1272,1229,33.0000,1.8815
1262,1172,1097,35.0000,1.9111
1262,1172,1126,33.0000,1.8815
1262,1172,1186,37.5000,1.9321
1263,1186,1055,37.5000,1.9321
1263,1186,1172,37.5000,1.9321
1263,1186,1218,33.0000,1.8815
1264,1250,1215,50.0000,2.1276
1264,1255,1117,63.0000,1.9391
1265,1206,1060,37.5000,1.9321
1265,1206,1203,35.0000,1.9111
1265,1206,1257,35.0000,1.9111
1266,1166,1073,35.0000,1.9111
1266,1166,1148,50.0000,1.9111
1266,1166,1177,50.0000,1.9111
1267,1171,1089,35.0000,1.9111
1267,1171,1112,63.0000,1.9391
1267,1171,1209,35.0000,1.9111
1268,1196,1101,35.0000,2.0909
1268,1196,1238,50.0000,2.1276
1268,1201,1092,63.0000,1.9216
1268,1201,1165,63.0000,1.9391
1269,1201,1092,35.0000,1.9111
1269,1201,1165,37.5000,1.9321
1269,1201,1268,35.0000,1.9111
1270,1315,1256,37.5000,1.9321
1271,1194,1091,37.5000,1.9321
1271,1194,1215,58.3500,1.9670
1271,1194,1217,37.5000,1.9321
1271,1275,1205,37.5000,1.9321
1271,1275,1250,80.0000,1.9146
1272,1189,1067,70.0000,2.0420
1272,1189,1235,70.0000,2.0420
1273,1185,1069,63.0000,2.0944
1273,1185,1202,35.0000,2.0944
1273,1247,1141,85.0000,2.0944
1274,1232,1178,35.0000,2.0944
1274,1232,1234,35.0000,2.0944
1275,1250,1215,50.0000,2.0595
1275,1250,1264,50.0000,2.1276
1275,1271,1194,58.3500,1.9670
1275,1271,1230,37.5000,1.9321
1276,1234,1184,35.0000,2.0944
1276,1234,1232,35.0000,2.0944
1277,1267,1171,80.0000,2.1014
1278,1150,1042,80.0000,2.1014
1278,1150,1130,70.0000,2.0351
1278,1291,1261,38.0000,2.0665
1278,1297,1242,37.5000,1.9321
1279,1282,1203,70.0000,2.0351
1279,1286,1214,50.0000,2.1276
1280,1208,1151,33.0000,1.8815
1280,1208,1164,33.0000,1.8815
1280,1208,1256,37.5000,1.9321
1282,1203,1147,35.0000,2.0909
1282,1203,1206,50.0000,2.1276
1282,1279,1193,35.0000,1.9111
1283,1179,1093,35.0000,2.0909
1283,1179,1173,35.0000,2.0909
1284,1252,1119,70.0000,2.0351
1285,1283,1179,80.0000,2.1450
1286,1214,1122,80.0000,2.1450
1286,1214,1238,70.0000,2.0351
1286,1279,1193,35.0000,1.9111
1286,1279,1282,63.0000,1.9216
1289,1215,1106,35.0000,1.9111
1289,1215,1194,37.5000,1.9321
1289,1215,1250,35.0000,1.9111
1291,1278,1150,63.0000,1.9216
1292,1297,1242,37.5000,1.9321
1292,1297,1278,58.3500,1.9670
1295,1255,1117,37.5000,1.9321
1295,1255,1264,35.0000,1.9111
1297,1278,1150,63.0000,1.9391
1297,1278,1291,80.0000,1.9146
1297,1292,1200,37.5000,1.9321
1298,1255,1117,80.0000,1.9146
1298,1255,1264,63.0000,1.9216
1298,1255,1295,35.0000,1.9111
1299,1247,1141,35.0000,2.0944
1299,1247,1273,35.0000,2.0944
1300,1222,1135,37.5000,1.9321
1300,1222,1190,33.0000,1.8815
1300,1222,1233,37.5000,1.9321
1302,1350,1281,35.0000,1.9111
1303,1256,1160,37.5000,1.9321
1303,1256,1208,37.5000,1.9321
1304,1347,1292,37.5000,1.9321
1305,1252,1119,80.0000,2.1014
1305,1252,1284,80.0000,2.1450
1306,1334,1290,33.0000,1.8815
1308,1257,1206,70.0000,2.0351
1308,1257,1241,80.0000,2.1450
1308,1357,1301,35.0000,1.9111
1310,1223,1128,85.0000,2.1415
1310,1223,1192,70.0000,2.3178
1310,1317,1245,63.0000,2.0944
1311,1313,1267,35.0000,2.0909
1312,1365,1293,37.5000,1.9321
1313,1267,1171,70.0000,2.0351
1313,1267,1277,80.0000,2.1450
1315,1256,1160,58.3500,1.9670
1315,1256,1208,58.3500,1.9670
1315,1256,1303,37.5000,1.9321
1316,1292,1200,33.0000,1.8815
1316,1292,1297,37.5000,1.9321
1317,1245,1146,63.0000,2.0944
1317,1245,1248,35.0000,2.0944
1317,1310,1223,85.0000,2.0944
1318,1291,1261,35.0000,2.0909
1318,1291,1278,50.0000,2.1276
1318,1328,1259,35.0000,1.9111
1320,1334,1290,33.0000,1.8815
1320,1334,1306,33.0000,1.8815
1321,1238,1170,37.5000,1.9321
1321,1238,1196,35.0000,1.9111
1321,1238,1214,35.0000,1.9111
1322,1278,1150,35.0000,1.9111
1322,1278,1291,35.0000,1.9111
1322,1278,1297,37.5000,1.9321
1323,1326,1233,37.5000,1.9321
1324,1308,1257,35.0000,2.0909
1325,1326,1233,80.0000,1.9146
1325,1326,1323,35.0000,1.9111
1326,1233,1157,37.5000,1.9321
1326,1233,1222,58.3500,1.9670
1326,1233,1231,37.5000,1.9321
1326,1325,1314,38.0000,2.0665
1327,1293,1224,33.0000,1.8815
1327,1293,1251,33.0000,1.8815
1328,1318,1291,70.0000,2.0351
1329,1273,1185,35.0000,2.0944
1329,1273,1247,35.0000,2.0944
1333,1338,1296,80.0000,2.1014
1335,1384,1333,37.5000,1.9321
1336,1253,1182,70.0000,2.0351
1336,1253,1213,80.0000,2.1450
1338,1333,1258,35.0000,1.9111
1339,1401,1336,35.0000,1.9111
1341,1286,1214,35.0000,2.0909
1341,1286,1279,38.0000,2.0665
1344,1271,1194,37.5000,1.9321
1344,1271,1230,33.0000,1.8815
1344,1271,1275,37.5000,1.9321
1345,1275,1205,33.0000,1.8815
1345,1275,1250,35.0000,1.9111
1345,1275,1271,37.5000,1.9321
1346,1347,1292,80.0000,1.9408
1346,1347,1304,35.0000,1.9111
1347,1292,1200,37.5000,1.9321
1347,1292,1297,58.3500,1.9670
1347,1292,1316,37.5000,1.9321
1347,1346,1294,35.0000,2.0665
1348,1350,1281,35.0000,1.9111
1348,1350,1302,33.0000,1.8815
1349,1318,1291,80.0000,2.1450
1349,1318,1328,80.0000,2.1014
1350,1281,1343,44.0000,1.6755
1352,1382,1284,63.0000,1.9216
1353,1282,1203,80.0000,2.1450
1353,1282,1279,80.0000,2.1014
1354,1379,1283,35.0000,1.9111
1356,1402,1315,37.5000,1.9321
1357,1308,1257,50.0000,2.1276
1357,1308,1324,38.0000,2.0665
1357,1358,1325,70.0000,2.0351
1358,1325,1314,35.0000,2.0909
1358,1325,1326,50.0000,2.1276
1358,1357,1301,35.0000,1.9111
1358,1357,1308,63.0000,1.9216
1360,1366,1279,37.5000,1.9321
1361,1366,1279,37.5000,1.9321
1361,1366,1360,33.0000,1.8815
1362,1268,1196,80.0000,2.1450
1362,1268,1201,80.0000,2.1014
1365,1293,1224,37.5000,1.9321
1365,1293,1251,37.5000,1.9321
1365,1293,1327,37.5000,1.9321
1366,1279,1193,37.5000,1.9321
1366,1279,1282,63.0000,1.9391
1366,1279,1286,80.0000,1.9146
1367,1315,1256,37.5000,1.9321
1367,1315,1270,33.0000,1.8815
1368,1384,1333,58.3500,1.9670
1368,1384,1335,37.5000,1.9321
1368,1394,1352,50.0000,2.1276
1369,1336,1253,35.0000,2.0909
1371,1246,1180,58.3500,1.9670
1371,1246,1198,58.3500,1.9670
1371,1246,1220,37.5000,1.9321
1372,1313,1267,35.0000,2.0909
1372,1313,1311,35.0000,2.0944
1374,1411,1331,35.0000,1.9111
1375,1297,1242,33.0000,1.8815
1375,1297,1278,37.5000,1.9321
1375,1297,1292,37.5000,1.9321
1377,1328,1259,33.0000,1.8815
1377,1328,1318,35.0000,1.9111
1378,1310,1223,35.0000,2.0944
1378,1310,1317,35.0000,2.0944
1379,1283,1179,70.0000,2.0351
1379,1283,1285,80.0000,2.1014
1382,1284,1226,38.0000,2.0665
1382,1284,1252,50.0000,2.1276
1382,1352,1288,80.0000,2.1014
1383,1358,1325,80.0000,2.1450
1383,1358,1357,80.0000,2.1014
1384,1333,1258,37.5000,1.9321
1384,1333,1338,63.0000,1.9391
1384,1368,1287,37.5000,1.9321
1386,1425,1376,33.0000,1.8815
1387,1333,1258,33.0000,1.8815
1387,1333,1338,35.0000,1.9111
1387,1333,1384,37.5000,1.9321
1388,1272,1189,63.0000,1.9391
1388,1272,1229,37.5000,1.9321
1388,1272,1260,37.5000,1.9321
1389,1446,1379,37.5000,1.9321
1390,1431,1370,33.0000,1.8815
1391,1338,1296,80.0000,2.1450
1391,1338,1333,70.0000,2.0351
1393,1391,1338,35.0000,2.0909
1394,1352,1288,80.0000,2.1450
1394,1352,1382,70.0000,2.0351
1394,1368,1287,35.0000,1.9111
1394,1368,1384,80.0000,1.9146
1395,1317,1245,35.0000,2.0944
1395,1317,1310,35.0000,2.0944
1396,1388,1272,37.5000,1.9321
1397,1371,1246,37.5000,1.9321
1398,1448,1368,70.0000,2.0351
1399,1328,1259,35.0000,1.9111
1399,1328,1318,63.0000,1.9216
1399,1328,1377,35.0000,1.9111
1399,1422,1392,80.0000,2.1450
1400,1408,1346,70.0000,2.0944
1401,1336,1253,50.0000,2.1276
1401,1336,1369,38.0000,2.0665
1402,1315,1256,58.3500,1.9670
1402,1315,1270,37.5000,1.9321
1402,1315,1367,37.5000,1.9321
1403,1298,1254,35.0000,2.0909
1403,1298,1255,50.0000,2.1276
1403,1437,1359,35.0000,1.9111
1404,1425,1376,37.5000,1.9321
1404,1425,1386,37.5000,1.9321
1404,1461,1398,80.0000,1.9146
1406,1458,1381,33.0000,1.8815
1408,1346,1294,35.0000,2.0944
1408,1346,1347,50.0000,2.1502
1408,1400,1337,35.0000,2.0944
1409,1445,1365,70.0000,2.0351
1410,1414,1330,33.0000,1.8815
1415,1382,1284,35.0000,1.9111
1415,1382,1352,35.0000,1.9111
1416,1481,1411,37.5000,1.9321
1418,1414,1330,33.0000,1.8815
1418,1414,1410,33.0000,1.8815
1419,1440,1401,70.0000,2.0351
1419,1468,1388,80.0000,1.9146
1420,1399,1328,38.0000,2.0665
1421,1460,1404,37.5000,1.9321
1422,1399,1328,50.0000,2.1276
1422,1399,1420,35.0000,2.0909
1422,1484,1409,63.0000,1.9216
1424,1388,1272,37.5000,1.9321
1424,1388,1396,33.0000,1.8815
1425,1404,1309,37.5000,1.9321
1426,1461,1398,63.0000,1.9216
1426,1461,1404,63.0000,1.9391
1427,1371,1246,80.0000,1.9146
1427,1371,1397,35.0000,1.9111
1427,1450,1417,80.0000,2.1450
1429,1460,1404,37.5000,1.9321
1429,1460,1421,33.0000,1.8815
1430,1371,1246,63.0000,1.9391
1430,1371,1397,35.0000,1.9111
1430,1371,1427,63.0000,1.9216
1431,1471,1385,37.5000,1.9321
1432,1464,1430,35.0000,2.0909
1434,1391,1338,35.0000,2.0909
1434,1391,1393,35.0000,2.0944
1435,1365,1293,80.0000,1.9146
1435,1365,1312,35.0000,1.9111
1436,1347,1292,37.5000,1.9321
1436,1347,1304,33.0000,1.8815
1436,1347,1346,35.0000,1.9111
1437,1403,1298,70.0000,2.0351
1439,1379,1283,35.0000,1.9111
1439,1379,1354,33.0000,1.8815
1440,1401,1336,63.0000,1.9216
1440,1401,1339,35.0000,1.9111
1440,1419,1363,35.0000,2.0909
1441,1326,1233,63.0000,1.9391
1441,1326,1323,35.0000,1.9111
1441,1326,1325,63.0000,1.9216
1441,1477,1428,35.0000,2.0909
1442,1454,1402,50.0000,2.1276
1443,1465,1373,35.0000,1.9111
1444,1400,1337,35.0000,2.0944
1444,1400,1408,35.0000,2.0944
1445,1365,1293,63.0000,1.9391
1445,1365,1312,35.0000,1.9111
1445,1365,1435,63.0000,1.9216
1445,1409,1342,35.0000,2.0909
1446,1379,1283,63.0000,1.9391
1446,1379,1354,37.5000,1.9321
1446,1379,1439,37.5000,1.9321
1447,1504,1437,50.0000,2.1276
1448,1368,1287,35.0000,1.9111
1448,1368,1384,63.0000,1.9391
1448,1368,1394,63.0000,1.9216
1448,1398,1307,35.0000,2.0909
1449,1490,1435,80.0000,2.1450
1450,1427,1371,50.0000,2.1276
1452,1482,1382,58.3500,1.9670
1454,1402,1315,80.0000,1.9146
1454,1402,1356,35.0000,1.9111
1454,1442,1380,80.0000,2.1450
1456,1366,1279,37.5000,1.9321
1456,1366,1360,33.0000,1.8815
1456,1366,1361,33.0000,1.8815
1458,1532,1447,63.0000,1.9391
1460,1404,1309,37.5000,1.9321
1460,1404,1425,58.3500,1.9670
1461,1398,1307,38.0000,2.0665
1461,1398,1448,50.0000,2.1276
1461,1404,1309,37.5000,1.9321
1461,1404,1425,58.3500,1.9670
1461,1404,1460,58.3500,1.9670
1461,1426,1319,80.0000,2.1014
1462,1452,1364,33.0000,1.8815
1463,1394,1352,35.0000,2.0909
1463,1394,1368,38.0000,2.0665
1464,1430,1371,70.0000,2.0351
1464,1534,1442,63.0000,1.9216
1465,1443,1351,80.0000,2.1014
1465,1515,1451,37.5000,1.9321
1466,1468,1388,37.5000,1.9321
1466,1468,1419,35.0000,1.9111
1468,1388,1272,58.3500,1.9670
1468,1388,1396,37.5000,1.9321
1468,1388,1424,37.5000,1.9321
1468,1419,1363,38.0000,2.0665
1468,1419,1440,50.0000,2.1276
1469,1430,1371,80.0000,2.1014
1469,1430,1464,80.0000,2.1450
1470,1498,1412,35.0000,1.9111
1471,1431,1370,37.5000,1.9321
1471,1431,1390,37.5000,1.9321
1472,1334,1290,37.5000,1.9321
1472,1334,1306,37.5000,1.9321
1472,1334,1320,37.5000,1.9321
1472,1511,1455,37.5000,1.9321
1473,1427,1371,38.0000,2.0665
1473,1427,1450,35.0000,2.0909
1474,1488,1357,37.5000,1.9321
1475,1508,1401,37.5000,1.9321
1476,1355,1332,55.0000,1.8937
1476,1484,1409,80.0000,1.9146
1476,1484,1422,63.0000,1.9391
1477,1441,1326,70.0000,2.0351
1478,1435,1365,38.0000,2.0665
1479,1403,1298,80.0000,2.1450
1479,1403,1437,80.0000,2.1014
1480,1411,1331,33.0000,1.8815
1480,1411,1374,35.0000,1.9111
1481,1411,1331,37.5000,1.9321
1481,1411,1374,50.0000,2.0019
1481,1411,1480,37.5000,1.9321
1481,1505,1413,37.5000,1.9321
1482,1382,1284,80.0000,1.9146
1482,1382,1352,63.0000,1.9391
1482,1382,1415,37.5000,1.9321
1482,1452,1364,37.5000,1.9321
1482,1452,1462,37.5000,1.9321
1483,1482,1382,37.5000,1.9321
1483,1482,1452,37.5000,1.9321
1484,1409,1342,38.0000,2.0665
1484,1409,1445,50.0000,2.1276
1484,1422,1392,80.0000,2.1014
1484,1422,1399,70.0000,2.0351
1484,1476,1355,50.0000,1.9111
1485,1384,1333,37.5000,1.9321
1485,1384,1335,33.0000,1.8815
1485,1384,1368,37.5000,1.9321
1486,1472,1334,37.5000,1.9321
1487,1350,1281,50.0000,1.8954
1487,1350,1302,37.5000,1.9321
1487,1350,1348,37.5000,1.9321
1488,1357,1301,37.5000,1.9321
1488,1357,1308,80.0000,1.9146
1488,1357,1358,63.0000,1.9391
1489,1487,1350,37.5000,1.9321
1490,1435,1365,50.0000,2.1276
1490,1435,1478,35.0000,2.0909
1491,1546,1471,37.5000,1.9321
1492,1511,1455,33.0000,1.8815
1492,1511,1472,37.5000,1.9321
1493,1446,1379,80.0000,1.9146
1493,1446,1389,35.0000,1.9111
1495,1441,1326,80.0000,2.1014
1495,1441,1477,80.0000,2.1450
1496,1493,1446,38.0000,2.0665
1499,1556,1471,80.0000,1.9146
1500,1559,1488,55.0000,1.8937
1501,1531,1437,37.5000,1.9321
1502,1408,1346,70.0000,2.0944
1502,1408,1400,70.0000,2.0944
1503,1476,1355,35.0000,1.9111
1503,1476,1484,37.5000,1.9321
1504,1437,1359,35.0000,1.9111
1504,1437,1403,63.0000,1.9216
1504,1447,1340,80.0000,2.1450
1505,1481,1411,58.3500,1.9670
1505,1481,1416,37.5000,1.9321
1506,1517,1426,50.0000,2.1276
1506,1574,1499,70.0000,2.0351
1507,1440,1401,80.0000,2.1014
1507,1440,1419,80.0000,2.1450
1508,1401,1336,80.0000,1.9146
1508,1401,1339,37.5000,1.9321
1508,1401,1440,63.0000,1.9391
1508,1567,1494,37.5000,1.9321
1509,1552,1472,37.5000,1.9321
1510,1515,1451,35.0000,1.9111
1510,1515,1465,63.0000,1.9391
1511,1472,1334,58.3500,1.9670
1511,1472,1486,37.5000,1.9321
1512,1402,1315,63.0000,1.9391
1512,1402,1356,35.0000,1.9111
1512,1402,1454,63.0000,1.9216
1512,1536,1467,35.0000,2.0909
1514,1431,1370,33.0000,1.8815
1514,1431,1390,33.0000,1.8815
1514,1431,1471,37.5000,1.9321
1515,1465,1373,37.5000,1.9321
1515,1465,1443,63.0000,1.9391
1515,1510,1497,80.0000,2.1014
1516,1454,1402,38.0000,2.0665
1516,1454,1442,35.0000,2.0909
1517,1426,1319,80.0000,2.1450
1517,1426,1461,70.0000,2.0351
1517,1506,1405,35.0000,1.9111
1518,1452,1364,33.0000,1.8815
1518,1452,1462,33.0000,1.8815
1518,1452,1482,37.5000,1.9321
1519,1524,1493,80.0000,2.1450
1520,1550,1450,35.0000,1.9111
1521,1465,1373,33.0000,1.8815
1521,1465,1443,35.0000,1.9111
1521,1465,1515,37.5000,1.9321
1522,1576,1506,50.0000,1.9111
1523,1425,1376,33.0000,1.8815
1523,1425,1386,33.0000,1.8815
1523,1425,1404,37.5000,1.9321
1524,1493,1446,50.0000,2.1276
1524,1493,1496,35.0000,2.0909
1524,1575,1477,63.0000,1.9216
1525,1528,1374,35.0000,1.9111
1526,1498,1412,33.0000,1.8815
1526,1498,1470,35.0000,1.9111
1527,1502,1408,35.0000,2.0944
1528,1374,1411,62.0000,1.7261
1529,1549,1487,38.0000,2.0665
1530,1535,1414,37.5000,1.9321
1531,1437,1359,37.5000,1.9321
1531,1437,1403,63.0000,1.9391
1531,1437,1504,80.0000,1.9146
1531,1535,1414,58.3500,1.9670
1531,1535,1530,37.5000,1.9321
1532,1447,1340,80.0000,2.1014
1532,1447,1504,70.0000,2.0351
1532,1458,1381,37.5000,1.9321
1532,1458,1406,37.5000,1.9321
1533,1445,1365,80.0000,2.1014
1533,1445,1409,80.0000,2.1450
1534,1442,1380,80.0000,2.1014
1534,1442,1454,70.0000,2.0351
1534,1464,1430,50.0000,2.1276
1534,1464,1432,38.0000,2.0665
1535,1414,1330,37.5000,1.9321
1535,1414,1410,37.5000,1.9321
1535,1414,1418,37.5000,1.9321
1535,1531,1437,58.3500,1.9670
1535,1531,1501,37.5000,1.9321
1536,1512,1402,70.0000,2.0351
1538,1488,1357,37.5000,1.9321
1538,1488,1474,33.0000,1.8815
1539,1510,1497,80.0000,2.1450
1539,1510,1515,70.0000,2.0351
1539,1550,1450,63.0000,1.9216
1539,1550,1520,35.0000,1.9111
1540,1476,1355,35.0000,1.9111
1540,1476,1484,37.5000,1.9321
1540,1476,1503,33.0000,1.8815
1541,1572,1505,50.0000,2.1276
1541,1603,1536,63.0000,1.9216
1542,1589,1532,50.0000,2.1276
1543,1564,1446,80.0000,2.1014
1544,1458,1381,35.0000,1.9111
1544,1458,1406,35.0000,1.9111
1544,1458,1532,50.0000,1.9111
1545,1539,1510,35.0000,2.0909
1546,1471,1385,37.5000,1.9321
1546,1471,1431,58.3500,1.9670
1547,1548,1443,35.0000,2.0909
1548,1443,1351,80.0000,2.1450
1548,1443,1465,70.0000,2.0351
1549,1487,1350,80.0000,1.9146
1549,1487,1489,35.0000,1.9111
1550,1450,1417,80.0000,2.1014
1550,1450,1427,70.0000,2.0351
1550,1539,1510,50.0000,2.1276
1550,1539,1545,38.0000,2.0665
1551,1470,1498,55.0000,1.8937
1552,1472,1334,58.3500,1.9670
1552,1472,1486,37.5000,1.9321
1552,1472,1511,58.3500,1.9670
1553,1502,1408,35.0000,2.0944
1553,1502,1527,35.0000,2.0944
1554,1487,1350,63.0000,1.9391
1554,1487,1489,35.0000,1.9111
1554,1487,1549,63.0000,1.9216
1554,1562,1537,35.0000,2.0909
1555,1591,1505,70.0000,2.0351
1555,1605,1542,63.0000,1.9216
1556,1471,1385,37.5000,1.9321
1556,1471,1431,58.3500,1.9670
1556,1471,1546,58.3500,1.9670
1556,1499,1407,38.0000,2.0665
1556,1558,1457,80.0000,2.1014
1557,1576,1506,58.3500,1.9670
1557,1576,1522,50.0000,1.9111
1558,1556,1471,63.0000,1.9391
1558,1556,1499,63.0000,1.9216
1559,1488,1357,50.0000,1.9111
1559,1488,1474,35.0000,1.9111
1559,1488,1538,35.0000,1.9111
1560,1552,1472,37.5000,1.9321
1560,1552,1509,33.0000,1.8815
1561,1534,1442,35.0000,1.9111
1561,1534,1464,35.0000,1.9111
1562,1554,1487,70.0000,2.0351
1562,1585,1490,63.0000,1.9216
1563,1546,1471,37.5000,1.9321
1563,1546,1491,33.0000,1.8815
1564,1446,1379,63.0000,1.9391
1564,1446,1389,35.0000,1.9111
1564,1446,1493,63.0000,1.9216
1565,1461,1398,35.0000,1.9111
1565,1461,1404,37.5000,1.9321
1565,1461,1426,35.0000,1.9111
1566,1460,1404,37.5000,1.9321
1566,1460,1421,33.0000,1.8815
1566,1460,1429,33.0000,1.8815
1567,1508,1401,58.3500,1.9670
1567,1508,1475,37.5000,1.9321
1568,1528,1374,35.0000,1.9111
1568,1528,1525,33.0000,1.8815
1569,1448,1368,80.0000,2.1014
1569,1448,1398,80.0000,2.1450
1570,1481,1411,37.5000,1.9321
1570,1481,1416,33.0000,1.8815
1570,1481,1505,37.5000,1.9321
1571,1585,1490,35.0000,1.9111
1571,1585,1562,35.0000,1.9111
1572,1505,1413,35.0000,1.9111
1572,1505,1481,80.0000,1.9146
1572,1541,1438,80.0000,2.1450
1573,1554,1487,80.0000,2.1014
1573,1554,1562,80.0000,2.1450
1574,1499,1407,35.0000,2.0909
1574,1499,1556,50.0000,2.1276
1574,1506,1405,35.0000,1.9111
1574,1506,1517,63.0000,1.9216
1575,1477,1428,38.0000,2.0665
1575,1477,1441,50.0000,2.1276
1575,1524,1493,70.0000,2.0351
1575,1524,1519,80.0000,2.1014
1576,1506,1405,37.5000,1.9321
1576,1506,1517,80.0000,1.9146
1576,1506,1574,63.0000,1.9391
1576,1522,1433,55.0000,1.8937
1576,1557,1453,37.5000,1.9321
1578,1567,1494,33.0000,1.8815
1578,1567,1508,37.5000,1.9321
1579,1575,1477,35.0000,1.9111
1579,1575,1524,35.0000,1.9111
1580,1613,1577,33.0000,1.8815
1582,1484,1409,35.0000,1.9111
1582,1484,1422,35.0000,1.9111
1582,1484,1476,37.5000,1.9321
1583,1508,1401,37.5000,1.9321
1583,1508,1475,33.0000,1.8815
1583,1508,1567,37.5000,1.9321
1584,1544,1458,55.0000,1.8937
1585,1490,1435,70.0000,2.0351
1585,1490,1449,80.0000,2.1014
1585,1562,1537,38.0000,2.0665
1585,1562,1554,50.0000,2.1276
1586,1512,1402,80.0000,2.1014
1586,1512,1536,80.0000,2.1450
1587,1599,1498,37.5000,1.9321
1588,1557,1453,33.0000,1.8815
1588,1557,1576,37.5000,1.9321
1589,1532,1447,63.0000,1.9216
1589,1532,1458,80.0000,1.9146
1589,1542,1423,80.0000,2.1450
1590,1528,1374,35.0000,1.9111
1590,1528,1525,33.0000,1.8815
1590,1528,1568,33.0000,1.8815
1591,1505,1413,35.0000,1.9111
1591,1505,1481,63.0000,1.9391
1591,1505,1572,63.0000,1.9216
1591,1555,1459,35.0000,2.0909
1593,1504,1437,38.0000,2.0665
1593,1504,1447,35.0000,2.0909
1594,1557,1453,33.0000,1.8815
1594,1557,1576,37.5000,1.9321
1594,1557,1588,33.0000,1.8815
1595,1468,1388,63.0000,1.9391
1595,1468,1419,63.0000,1.9216
1595,1468,1466,35.0000,1.9111
1596,1532,1447,35.0000,1.9111
1596,1532,1458,37.5000,1.9321
1596,1532,1589,35.0000,1.9111
1598,1482,1382,50.0000,1.9111
1598,1482,1452,50.0000,1.9111
1598,1482,1483,35.0000,1.9111
1599,1498,1412,37.5000,1.9321
1599,1498,1470,50.0000,1.9111
1599,1498,1526,37.5000,1.9321
1600,1517,1426,35.0000,2.0909
1600,1517,1506,38.0000,2.0665
1603,1536,1467,38.0000,2.0665
1603,1536,1512,50.0000,2.1276
1603,1541,1438,80.0000,2.1014
1603,1541,1572,70.0000,2.0351
1603,1640,1592,37.5000,1.9321
1604,1597,1513,35.0000,2.0944
1605,1542,1423,80.0000,2.1014
1605,1542,1589,70.0000,2.0351
1605,1555,1459,38.0000,2.0665
1605,1555,1591,50.0000,2.1276
1605,1628,1581,37.5000,1.9321
1606,1599,1498,80.0000,1.9146
1606,1599,1587,35.0000,1.9111
1607,1548,1443,35.0000,2.0909
1607,1548,1547,35.0000,2.0944
1608,1531,1437,37.5000,1.9321
1608,1531,1501,33.0000,1.8815
1608,1531,1535,37.5000,1.9321
1609,1598,1482,55.0000,1.8937
1611,1626,1534,37.5000,1.9321
1612,1546,1471,37.5000,1.9321
1612,1546,1491,33.0000,1.8815
1612,1546,1563,33.0000,1.8815
1613,1659,1610,37.5000,1.9321
1614,1606,1599,38.0000,2.0665
1615,1595,1468,80.0000,2.1014
1617,1635,1595,35.0000,2.0909
1618,1515,1451,35.0000,1.9111
1618,1515,1465,80.0000,1.9146
1618,1515,1510,63.0000,1.9216
1619,1549,1487,50.0000,2.1276
1619,1549,1529,35.0000,2.0909
1620,1552,1472,37.5000,1.9321
1620,1552,1509,33.0000,1.8815
1620,1552,1560,33.0000,1.8815
1621,1556,1471,37.5000,1.9321
1621,1556,1499,35.0000,1.9111
1621,1556,1558,35.0000,1.9111
1622,1572,1505,38.0000,2.0665
1622,1572,1541,35.0000,2.0909
1624,1618,1515,38.0000,2.0665
1625,1511,1455,37.5000,1.9321
1625,1511,1472,58.3500,1.9670
1625,1511,1492,37.5000,1.9321
1625,1633,1623,80.0000,2.1014
1625,1658,1616,38.0000,2.0665
1626,1534,1442,63.0000,1.9391
1626,1534,1464,80.0000,1.9146
1626,1534,1561,37.5000,1.9321
1627,1535,1414,58.3500,1.9670
1627,1535,1530,37.5000,1.9321
1627,1535,1531,58.3500,1.9670
1628,1605,1542,63.0000,1.9391
1628,1605,1555,80.0000,1.9146
1628,1646,1597,70.0000,2.0351
1630,1627,1535,37.5000,1.9321
1631,1627,1535,37.5000,1.9321
1631,1627,1630,33.0000,1.8815
1633,1625,1511,63.0000,1.9391
1634,1558,1457,80.0000,2.1450
1634,1558,1556,70.0000,2.0351
1634,1644,1602,35.0000,1.9111
1635,1595,1468,70.0000,2.0351
1635,1595,1615,80.0000,2.1450
1636,1619,1549,80.0000,2.1450
1637,1576,1506,37.5000,1.9321
1637,1576,1522,35.0000,1.9111
1637,1576,1557,37.5000,1.9321
1638,1606,1599,50.0000,2.1276
1638,1606,1614,35.0000,2.0909
1638,1644,1602,35.0000,1.9111
1638,1644,1634,63.0000,1.9216
1639,1670,1619,35.0000,1.9111
1640,1603,1536,80.0000,1.9146
1640,1603,1541,63.0000,1.9391
1641,1574,1499,80.0000,2.1450
1641,1574,1506,80.0000,2.1014
1642,1564,1446,70.0000,2.0351
1642,1564,1543,80.0000,2.1450
1643,1550,1450,63.0000,1.9391
1643,1550,1520,37.5000,1.9321
1643,1550,1539,80.0000,1.9146
1644,1634,1558,50.0000,2.1276
1644,1638,1606,70.0000,2.0351
1645,1589,1532,38.0000,2.0665
1645,1589,1542,35.0000,2.0909
1646,1597,1513,35.0000,2.0909
1646,1597,1604,35.0000,2.0909
1646,1628,1581,35.0000,1.9111
1646,1628,1605,63.0000,1.9391
1647,1567,1494,35.0000,1.9111
1647,1567,1508,63.0000,1.9391
1647,1567,1578,35.0000,1.9111
1648,1642,1564,35.0000,2.0909
1649,1638,1606,80.0000,2.1450
1649,1638,1644,80.0000,2.1014
1650,1662,1575,37.5000,1.9321
1651,1680,1632,33.0000,1.8815
1652,1603,1536,35.0000,1.9111
1652,1603,1541,35.0000,1.9111
1652,1603,1640,37.5000,1.9321
1653,1683,1629,35.0000,1.9111
1654,1643,1550,37.5000,1.9321
1655,1633,1623,80.0000,2.1450
1655,1633,1625,70.0000,2.0351
1655,1670,1619,63.0000,1.9216
1655,1670,1639,35.0000,1.9111
1658,1625,1511,80.0000,1.9146
1658,1625,1633,63.0000,1.9216
1659,1613,1577,37.5000,1.9321
1659,1613,1580,37.5000,1.9321
1659,1695,1653,70.0000,2.0351
1660,1643,1550,37.5000,1.9321
1660,1643,1654,33.0000,1.8815
1661,1613,1577,33.0000,1.8815
1661,1613,1580,33.0000,1.8815
1661,1613,1659,37.5000,1.9321
1662,1575,1477,80.0000,1.9146
1662,1575,1524,63.0000,1.9391
1662,1575,1579,37.5000,1.9321
1663,1655,1633,35.0000,2.0909
1664,1696,1640,37.5000,1.9321
1665,1625,1511,37.5000,1.9321
1665,1625,1633,35.0000,1.9111
1665,1625,1658,35.0000,1.9111
1667,1591,1505,80.0000,2.1014
1667,1591,1555,80.0000,2.1450
1668,1605,1542,35.0000,1.9111
1668,1605,1555,35.0000,1.9111
1668,1605,1628,37.5000,1.9321
1669,1626,1534,37.5000,1.9321
1669,1626,1611,33.0000,1.8815
1670,1619,1549,70.0000,2.0351
1670,1619,1636,80.0000,2.1014
1670,1655,1633,50.0000,2.1276
1670,1655,1663,38.0000,2.0665
1671,1585,1490,63.0000,1.9391
1671,1585,1562,80.0000,1.9146
1671,1585,1571,37.5000,1.9321
1671,1694,1657,55.0000,1.8937
1672,1647,1567,80.0000,2.1014
1674,1640,1592,33.0000,1.8815
1674,1640,1603,37.5000,1.9321
1677,1599,1498,63.0000,1.9391
1677,1599,1587,35.0000,1.9111
1677,1599,1606,63.0000,1.9216
1678,1628,1581,33.0000,1.8815
1678,1628,1605,37.5000,1.9321
1678,1628,1646,35.0000,1.9111
1679,1626,1534,63.0000,1.9897
1679,1626,1611,35.0000,1.9111
1679,1626,1669,35.0000,1.9111
1679,1686,1656,35.0000,2.0944
1681,1671,1585,37.5000,1.9321
1682,1627,1535,37.5000,1.9321
1682,1627,1630,33.0000,1.8815
1682,1627,1631,33.0000,1.8815
1683,1653,1601,38.0000,2.0665
1684,1701,1647,35.0000,2.0909
1685,1687,1618,80.0000,2.1450
1686,1679,1626,70.0000,2.0944
1687,1618,1515,50.0000,2.1276
1687,1618,1624,35.0000,2.0909
1688,1634,1558,35.0000,2.0909
1688,1634,1644,38.0000,2.0665
1689,1705,1675,33.0000,1.8815
1690,1705,1675,33.0000,1.8815
1690,1705,1689,33.0000,1.8815
1691,1643,1550,37.5000,1.9321
1691,1643,1654,33.0000,1.8815
1691,1643,1660,33.0000,1.8815
1692,1677,1599,70.0000,2.0420
1693,1662,1575,37.5000,1.9321
1693,1662,1650,33.0000,1.8815
1694,1671,1585,50.0000,1.9111
1694,1671,1681,35.0000,1.9111
1695,1653,1601,35.0000,2.0909
1695,1653,1683,50.0000,2.1276
1695,1659,1610,35.0000,1.9111
1695,1659,1613,63.0000,1.9391
1696,1640,1592,37.5000,1.9321
1696,1640,1603,58.3500,1.9670
1696,1640,1674,37.5000,1.9321
1701,1647,1567,70.0000,2.0351
1701,1647,1672,80.0000,2.1450
1702,1703,1680,38.0000,2.0665
1703,1680,1632,35.0000,1.9111
1703,1680,1651,35.0000,1.9111
1704,1714,1642,35.0000,1.9111
1707,1711,1659,38.0000,2.0665
1708,1717,1679,35.0000,2.0944
1709,1713,1635,35.0000,1.9111
1710,1662,1575,63.0000,1.9391
1710,1662,1650,35.0000,1.9111
1710,1662,1693,35.0000,1.9111
1711,1659,1610,35.0000,1.9111
1711,1659,1613,80.0000,1.9146
1711,1659,1695,63.0000,1.9216
1712,1696,1640,37.5000,1.9321
1712,1696,1664,33.0000,1.8815
1713,1635,1595,50.0000,2.1276
1713,1635,1617,38.0000,2.0665
1713,1719,1676,80.0000,2.1014
1714,1642,1564,50.0000,2.1276
1714,1642,1648,38.0000,2.0665
1715,1726,1671,37.5000,1.9321
1716,1646,1597,80.0000,2.1450
1716,1646,1628,80.0000,2.1014
1717,1679,1626,70.0000,2.0944
1717,1679,1686,63.0000,2.0944
1718,1683,1629,33.0000,1.8815
1718,1683,1653,35.0000,1.9111
1719,1713,1635,63.0000,1.9216
1719,1713,1709,35.0000,1.9111
1720,1710,1662,70.0000,2.0420
1723,1686,1656,35.0000,2.0944
1723,1686,1679,63.0000,2.0944
1724,1726,1671,37.5000,1.9321
1724,1726,1715,33.0000,1.8815
1725,1731,1644,37.5000,1.9321
1726,1671,1585,58.3500,1.9670
1726,1671,1681,37.5000,1.9321
1726,1671,1694,50.0000,1.9111
1727,1723,1686,35.0000,2.0944
1728,1744,1680,70.0000,2.0351
1729,1677,1599,70.0000,2.0420
1729,1677,1692,80.0000,2.1991
1730,1658,1616,35.0000,2.0909
1730,1658,1625,50.0000,2.1276
1730,1747,1699,35.0000,1.9111
1731,1644,1602,37.5000,1.9321
1731,1644,1634,80.0000,1.9146
1731,1644,1638,63.0000,1.9391
1733,1722,1666,33.0000,1.8815
1734,1737,1714,80.0000,2.1014
1735,1683,1629,35.0000,1.9111
1735,1683,1653,63.0000,1.9216
1735,1683,1718,35.0000,1.9111
1736,1769,1722,37.5000,1.9321
1737,1714,1642,63.0000,1.9216
1737,1714,1704,35.0000,1.9111
1740,1742,1737,35.0000,2.0909
1742,1737,1714,70.0000,2.0351
1742,1737,1734,80.0000,2.1450
1742,1763,1687,63.0000,1.9216
1743,1735,1683,80.0000,2.1014
1744,1680,1632,35.0000,1.9111
1744,1680,1651,35.0000,1.9111
1744,1680,1703,63.0000,1.9216
1744,1728,1673,35.0000,2.0909
1745,1760,1735,35.0000,2.0909
1746,1703,1680,50.0000,2.1276
1746,1703,1702,35.0000,2.0909
1747,1730,1658,70.0000,2.0351
1747,1771,1741,50.0000,2.1276
1748,1731,1644,37.5000,1.9321
1748,1731,1725,33.0000,1.8815
1749,1722,1666,33.0000,1.8815
1749,1722,1733,33.0000,1.8815
1750,1780,1739,33.0000,1.8815
1753,1701,1647,35.0000,2.0909
1753,1701,1684,35.0000,2.0944
1755,1670,1619,63.0000,1.9391
1755,1670,1639,37.5000,1.9321
1755,1670,1655,80.0000,1.9146
1756,1746,1703,80.0000,2.1450
1757,1769,1722,58.3500,1.9670
1757,1769,1736,37.5000,1.9321
1757,1785,1741,63.0000,1.9391
1758,1717,1679,63.0000,2.0944
1758,1717,1708,35.0000,2.0944
1758,1765,1723,63.0000,2.0944
1760,1735,1683,70.0000,2.0351
1760,1735,1743,80.0000,2.1450
1761,1695,1653,80.0000,2.1450
1761,1695,1659,80.0000,2.1014
1763,1687,1618,70.0000,2.0351
1763,1687,1685,80.0000,2.1014
1763,1742,1737,50.0000,2.1276
1763,1742,1740,38.0000,2.0665
1763,1804,1754,37.5000,1.9321
1764,1711,1659,50.0000,2.1276
1764,1711,1707,35.0000,2.0909
1765,1723,1686,63.0000,2.0944
1765,1723,1727,35.0000,2.0944
1765,1758,1717,63.0000,2.0944
1766,1792,1728,63.0000,1.9216
1767,1764,1711,80.0000,2.1450
1768,1755,1670,37.5000,1.9321
1769,1722,1666,37.5000,1.9321
1769,1722,1733,37.5000,1.9321
1769,1722,1749,37.5000,1.9321
1769,1757,1698,37.5000,1.9321
1770,1710,1662,70.0000,2.0420
1770,1710,1720,80.0000,2.1991
1771,1741,1697,80.0000,2.1450
1771,1747,1699,35.0000,1.9111
1771,1747,1730,63.0000,1.9216
1772,1789,1714,37.5000,1.9321
1774,1696,1640,63.0000,1.9391
1774,1696,1664,35.0000,1.9111
1774,1696,1712,35.0000,1.9111
1774,1803,1773,35.0000,2.0909
1775,1785,1741,63.0000,1.9216
1775,1785,1757,80.0000,1.9146
1776,1783,1713,37.5000,1.9321
1777,1719,1676,80.0000,2.1450
1777,1719,1713,70.0000,2.0351
1777,1799,1746,63.0000,1.9216
1778,1819,1760,63.0000,1.9216
1779,1807,1765,35.0000,1.9722
1781,1780,1739,33.0000,1.8815
1781,1780,1750,33.0000,1.8815
1782,1808,1752,33.0000,1.8815
1783,1713,1635,80.0000,1.9146
1783,1713,1709,37.5000,1.9321
1783,1713,1719,63.0000,1.9391
1783,1791,1738,55.0000,1.8937
1784,1755,1670,37.5000,1.9321
1784,1755,1768,33.0000,1.8815
1785,1741,1697,80.0000,2.1014
1785,1741,1771,70.0000,2.0351
1785,1757,1698,37.5000,1.9321
1785,1757,1769,58.3500,1.9670
1785,1775,1721,38.0000,2.0665
1786,1800,1755,55.0000,1.8937
1787,1758,1717,35.0000,2.0944
1787,1758,1765,35.0000,2.0944
1788,1799,1746,35.0000,1.9111
1788,1799,1777,35.0000,1.9111
1789,1714,1642,80.0000,1.9146
1789,1714,1704,37.5000,1.9321
1789,1714,1737,63.0000,1.9391
1790,1730,1658,80.0000,2.1450
1790,1730,1747,80.0000,2.1014
1791,1783,1713,50.0000,1.9111
1791,1783,1776,35.0000,1.9111
1792,1728,1673,38.0000,2.0665
1792,1728,1744,50.0000,2.1276
1792,1766,1700,80.0000,2.1014
1793,1757,1698,33.0000,1.8815
1793,1757,1769,37.5000,1.9321
1793,1757,1785,37.5000,1.9321
1794,1726,1671,37.5000,1.9321
1794,1726,1715,33.0000,1.8815
1794,1726,1724,33.0000,1.8815
1795,1792,1728,35.0000,1.9111
1795,1792,1766,35.0000,1.9111
1796,1731,1644,50.0000,1.9111
1796,1731,1725,35.0000,1.9111
1796,1731,1748,35.0000,1.9111
1798,1827,1764,35.0000,1.9111
1799,1746,1703,70.0000,2.0351
1799,1746,1756,80.0000,2.1014
1799,1777,1719,50.0000,2.1276
1800,1755,1670,50.0000,1.9111
1800,1755,1768,35.0000,1.9111
1800,1755,1784,35.0000,1.9111
1801,1825,1778,50.0000,2.1276
1801,1826,1775,70.0000,2.0351
1802,1705,1675,37.5000,1.9321
1802,1705,1689,37.5000,1.9321
1802,1705,1690,37.5000,1.9321
1802,1830,1797,37.5000,1.9321
1803,1774,1696,70.0000,2.0351
1804,1763,1687,63.0000,1.9391
1804,1763,1742,80.0000,1.9146
1805,1789,1714,37.5000,1.9321
1805,1789,1772,33.0000,1.8815
1807,1765,1723,70.0000,2.0944
1807,1765,1758,70.0000,2.0944
1808,1823,1747,58.3500,1.9670
1809,1763,1687,35.0000,1.9111
1809,1763,1742,35.0000,1.9111
1809,1763,1804,37.5000,1.9321
1810,1830,1797,33.0000,1.8815
1810,1830,1802,37.5000,1.9321
1811,1774,1696,80.0000,2.1014
1811,1774,1803,80.0000,2.1450
1812,1771,1741,35.0000,2.0909
1812,1771,1747,38.0000,2.0665
1813,1834,1802,63.0000,1.9391
1814,1777,1719,35.0000,2.0909
1814,1777,1799,38.0000,2.0665
1815,1834,1802,80.0000,1.9146
1815,1834,1813,63.0000,1.9216
1816,1836,1801,37.5000,1.9321
1817,1744,1680,80.0000,2.1014
1817,1744,1728,80.0000,2.1450
1818,1829,1766,50.0000,2.1276
1818,1845,1815,70.0000,2.0351
1819,1760,1735,50.0000,2.1276
1819,1760,1745,38.0000,2.0665
1819,1778,1706,80.0000,2.1014
1820,1804,1754,33.0000,1.8815
1820,1804,1763,37.5000,1.9321
1821,1796,1731,55.0000,1.8937
1822,1836,1801,37.5000,1.9321
1822,1836,1816,33.0000,1.8815
1823,1747,1699,37.5000,1.9321
1823,1747,1730,63.0000,1.9391
1823,1747,1771,80.0000,1.9146
1823,1808,1752,37.5000,1.9321
1823,1808,1782,37.5000,1.9321
1824,1835,1806,35.0000,2.0944
1825,1778,1706,80.0000,2.1450
1825,1778,1819,70.0000,2.0351
1825,1801,1732,35.0000,1.9111
1826,1775,1721,35.0000,2.0909
1826,1775,1785,50.0000,2.1276
1826,1801,1732,35.0000,1.9111
1826,1801,1825,63.0000,1.9216
1827,1764,1711,70.0000,2.0351
1827,1764,1767,80.0000,2.1014
1827,1841,1813,50.0000,2.1276
1829,1766,1700,80.0000,2.1450
1829,1766,1792,70.0000,2.0351
1829,1818,1751,35.0000,1.9111
1830,1802,1705,58.3500,1.9670
1831,1802,1705,37.5000,1.9321
1831,1802,1830,37.5000,1.9321
1832,1837,1828,35.0000,2.0944
1833,1823,1747,37.5000,1.9321
1833,1823,1808,37.5000,1.9321
1834,1802,1705,58.3500,1.9670
1834,1802,1830,58.3500,1.9670
1834,1802,1831,37.5000,1.9321
1834,1813,1759,80.0000,2.1014
1834,1815,1762,38.0000,2.0665
1836,1801,1732,37.5000,1.9321
1836,1801,1825,80.0000,1.9146
1836,1801,1826,63.0000,1.9391
1838,1783,1713,37.5000,1.9321
1838,1783,1776,33.0000,1.8815
1838,1783,1791,35.0000,1.9111
1839,1819,1760,35.0000,1.9111
1839,1819,1778,35.0000,1.9111
1840,1789,1714,37.5000,1.9321
1840,1789,1772,33.0000,1.8815
1840,1789,1805,33.0000,1.8815
1841,1813,1759,80.0000,2.1450
1841,1813,1834,70.0000,2.0351
1841,1827,1764,63.0000,1.9216
1841,1827,1798,35.0000,1.9111
1843,1860,1818,37.5000,1.9321
1844,1785,1741,35.0000,1.9111
1844,1785,1757,37.5000,1.9321
1844,1785,1775,35.0000,1.9111
1845,1815,1762,35.0000,2.0909
1845,1815,1834,50.0000,2.1276
1845,1818,1751,35.0000,1.9111
1845,1818,1829,63.0000,1.9216
1846,1792,1728,35.0000,1.9111
1846,1792,1766,35.0000,1.9111
1846,1792,1795,33.0000,1.8815
1847,1803,1773,35.0000,2.0944
1847,1803,1774,35.0000,2.0909
1849,1769,1722,58.3500,1.9670
1849,1769,1736,37.5000,1.9321
1849,1769,1757,58.3500,1.9670
1850,1837,1828,35.0000,2.0944
1850,1837,1832,35.0000,2.0944
1850,1856,1848,35.0000,2.0944
1850,1857,1842,35.0000,2.0944
1851,1864,1804,37.5000,1.9321
1853,1799,1746,35.0000,1.9111
1853,1799,1777,35.0000,1.9111
1853,1799,1788,33.0000,1.8815
1854,1849,1769,37.5000,1.9321
1855,1780,1739,37.5000,1.9321
1855,1780,1750,37.5000,1.9321
1855,1780,1781,37.5000,1.9321
1855,1860,1818,58.3500,1.9670
1855,1860,1843,37.5000,1.9321
1856,1850,1837,70.0000,2.0944
1856,1869,1808,80.0000,1.9408
1857,1850,1837,70.0000,2.0944
1857,1850,1856,70.0000,2.0944
1858,1819,1760,35.0000,1.9111
1858,1819,1778,35.0000,1.9111
1858,1819,1839,33.0000,1.8815
1860,1818,1751,37.5000,1.9321
1860,1818,1829,80.0000,1.9146
1860,1818,1845,63.0000,1.9391
1860,1855,1780,58.3500,1.9670
1861,1835,1806,35.0000,2.0909
1861,1835,1824,35.0000,2.0909
1861,1876,1852,35.0000,1.9111
1862,1841,1813,35.0000,2.0909
1862,1841,1827,38.0000,2.0665
1863,1823,1747,37.5000,1.9321
1863,1823,1808,37.5000,1.9321
1863,1823,1833,33.0000,1.8815
1864,1804,1754,37.5000,1.9321
1864,1804,1763,58.3500,1.9670
1864,1804,1820,37.5000,1.9321
1865,1825,1778,35.0000,2.0909
1865,1825,1801,38.0000,2.0665
1866,1884,1864,37.5000,1.9321
1867,1861,1835,80.0000,2.1450
1868,1829,1766,35.0000,2.0909
1868,1829,1818,38.0000,2.0665
1869,1808,1752,37.5000,1.9321
1869,1808,1782,37.5000,1.9321
1869,1808,1823,58.3500,1.9670
1869,1856,1848,35.0000,2.0665
1869,1856,1850,50.0000,2.1502
1870,1857,1842,35.0000,2.0944
1870,1857,1850,35.0000,2.0944
1871,1855,1780,37.5000,1.9321
1871,1855,1860,37.5000,1.9321
1872,1849,1769,37.5000,1.9321
1872,1849,1854,33.0000,1.8815
1873,1826,1775,80.0000,2.1450
1873,1826,1801,80.0000,2.1014
1874,1830,1797,33.0000,1.8815
1874,1830,1802,37.5000,1.9321
1874,1830,1810,33.0000,1.8815
1875,1849,1769,37.5000,1.9321
1875,1849,1854,33.0000,1.8815
1875,1849,1872,33.0000,1.8815
1876,1861,1835,70.0000,2.0351
1876,1861,1867,80.0000,2.1014
1876,1880,1827,58.3500,1.9670
1877,1834,1802,37.5000,1.9321
1877,1834,1813,35.0000,1.9111
1877,1834,1815,35.0000,1.9111
1878,1869,1808,37.5000,1.9321
1878,1869,1856,35.0000,1.9111
1879,1885,1859,35.0000,1.9111
1880,1827,1764,63.0000,1.9391
1880,1827,1798,37.5000,1.9321
1880,1827,1841,80.0000,1.9146
1880,1876,1852,37.5000,1.9321
1880,1876,1861,63.0000,1.9391
1881,1887,1855,37.5000,1.9321
1882,1845,1815,80.0000,2.1450
1882,1845,1818,80.0000,2.1014
1883,1864,1804,37.5000,1.9321
1883,1864,1851,33.0000,1.8815
1884,1864,1804,58.3500,1.9670
1884,1864,1851,37.5000,1.9321
1884,1864,1883,37.5000,1.9321
1885,1897,1884,80.0000,1.9408
1886,1836,1801,50.0000,1.9111
1886,1836,1816,35.0000,1.9111
1886,1836,1822,35.0000,1.9111
1887,1855,1780,58.3500,1.9670
1887,1855,1860,58.3500,1.9670
1887,1855,1871,37.5000,1.9321
1888,1880,1827,37.5000,1.9321
1888,1880,1876,37.5000,1.9321
1889,1887,1855,37.5000,1.9321
1889,1887,1881,33.0000,1.8815
1890,1860,1818,37.5000,1.9321
1890,1860,1843,33.0000,1.8815
1890,1860,1855,37.5000,1.9321
1891,1869,1808,37.5000,1.9321
1891,1869,1856,35.0000,1.9111
1891,1869,1878,33.0000,1.8815
1892,1886,1836,55.0000,1.8937
1893,1880,1827,37.5000,1.9321
1893,1880,1876,37.5000,1.9321
1893,1880,1888,33.0000,1.8815
1894,1885,1859,35.0000,1.9111
1894,1885,1879,35.0000,1.9111
1895,1884,1864,37.5000,1.9321
1895,1884,1866,33.0000,1.8815
1896,1876,1852,33.0000,1.8815
1896,1876,1861,35.0000,1.9111
1896,1876,1880,37.5000,1.9321
1897,1884,1864,58.3500,1.9670
1897,1884,1866,37.5000,1.9321
1897,1884,1895,37.5000,1.9321
1897,1885,1859,35.0000,1.9111
1897,1885,1879,35.0000,1.9111
1897,1885,1894,35.0000,1.9111
1898,1887,1855,37.5000,1.9321
1898,1887,1881,33.0000,1.8815
1898,1887,1889,33.0000,1.8815
1899,1897,1884,37.5000,1.9321
1899,1897,1885,35.0000,1.9111
1900,1897,1884,37.5000,1.9321
1900,1897,1885,35.0000,1.9111
1900,1897,1899,33.0000,1.8815
