ID1,ID2,Kr,r0
1,0,553.0000,0.9450
3,1,450.0000,1.3640
4,2,367.0000,1.0800
4,3,469.0000,1.4000
8,3,469.0000,1.4000
8,7,367.0000,1.0800
9,4,469.0000,1.4000
10,9,367.0000,1.0800
11,5,340.0000,1.0900
11,6,340.0000,1.0900
12,11,340.0000,1.0900
13,8,469.0000,1.4000
14,9,469.0000,1.4000
14,13,469.0000,1.4000
18,13,367.0000,1.0800
19,15,340.0000,1.0900
19,16,340.0000,1.0900
21,11,268.0000,1.5290
21,19,268.0000,1.5290
23,14,317.0000,1.5100
23,17,340.0000,1.0900
23,22,340.0000,1.0900
25,20,340.0000,1.0900
25,21,268.0000,1.5290
25,24,340.0000,1.0900
26,21,340.0000,1.0900
27,19,340.0000,1.0900
31,30,656.0000,1.2500
34,31,656.0000,1.2500
37,35,553.0000,0.9450
38,28,340.0000,1.0900
38,31,317.0000,1.5220
38,36,340.0000,1.0900
39,29,553.0000,0.9450
40,23,268.0000,1.5290
42,40,340.0000,1.0900
45,33,340.0000,1.0900
45,37,320.0000,1.4100
45,44,340.0000,1.0900
46,25,268.0000,1.5290
47,40,337.0000,1.4490
47,41,434.0000,1.0100
49,46,340.0000,1.0900
52,32,434.0000,1.0100
54,46,317.0000,1.5220
54,53,570.0000,1.2290
56,40,317.0000,1.5220
56,48,570.0000,1.2290
59,39,450.0000,1.3640
60,43,367.0000,1.0800
60,59,469.0000,1.4000
61,52,434.0000,1.0100
64,46,337.0000,1.4490
64,58,434.0000,1.0100
65,54,490.0000,1.3350
66,47,490.0000,1.3350
67,65,434.0000,1.0100
68,52,490.0000,1.3350
68,57,570.0000,1.2290
69,38,268.0000,1.5290
72,51,434.0000,1.0100
73,55,340.0000,1.0900
73,65,337.0000,1.4490
73,66,317.0000,1.5220
74,50,434.0000,1.0100
75,69,340.0000,1.0900
76,74,434.0000,1.0100
77,62,434.0000,1.0100
77,69,337.0000,1.4490
80,72,434.0000,1.0100
81,66,570.0000,1.2290
82,45,268.0000,1.5290
84,74,434.0000,1.0100
86,56,490.0000,1.3350
89,77,490.0000,1.3350
89,82,317.0000,1.5220
91,82,340.0000,1.0900
92,59,469.0000,1.4000
92,90,367.0000,1.0800
93,60,469.0000,1.4000
94,63,340.0000,1.0900
95,93,367.0000,1.0800
97,86,434.0000,1.0100
98,74,367.0000,1.4710
98,83,340.0000,1.0900
98,87,340.0000,1.0900
100,94,340.0000,1.0900
101,70,434.0000,1.0100
104,64,490.0000,1.3350
105,71,340.0000,1.0900
106,69,317.0000,1.5220
106,99,570.0000,1.2290
108,78,340.0000,1.0900
108,94,268.0000,1.5290
110,89,570.0000,1.2290
111,72,481.0000,1.3400
111,101,481.0000,1.3400
113,105,340.0000,1.0900
114,79,340.0000,1.0900
115,82,337.0000,1.4490
115,112,434.0000,1.0100
116,85,553.0000,0.9450
116,114,320.0000,1.4100
121,104,570.0000,1.2290
122,68,317.0000,1.5220
123,96,340.0000,1.0900
123,105,268.0000,1.5290
123,118,340.0000,1.0900
124,73,268.0000,1.5290
126,124,340.0000,1.0900
127,86,337.0000,1.4490
127,114,268.0000,1.5290
128,124,340.0000,1.0900
129,88,340.0000,1.0900
130,94,268.0000,1.5290
130,119,340.0000,1.0900
132,108,337.0000,1.4490
133,127,340.0000,1.0900
134,122,340.0000,1.0900
135,115,490.0000,1.3350
135,131,570.0000,1.2290
136,108,340.0000,1.0900
137,92,469.0000,1.4000
139,103,340.0000,1.0900
139,125,320.0000,1.4100
140,122,340.0000,1.0900
141,93,469.0000,1.4000
141,137,469.0000,1.4000
142,114,340.0000,1.0900
143,105,317.0000,1.5220
144,109,340.0000,1.0900
144,129,268.0000,1.5290
145,102,434.0000,1.0100
146,143,656.0000,1.2500
147,104,317.0000,1.5220
147,130,268.0000,1.5290
147,132,337.0000,1.4490
149,101,337.0000,1.4630
149,129,268.0000,1.5290
150,107,340.0000,1.0900
150,144,268.0000,1.5290
151,117,367.0000,1.0800
154,132,490.0000,1.3350
154,150,317.0000,1.5220
155,122,268.0000,1.5290
155,135,317.0000,1.5220
155,145,337.0000,1.4490
156,149,340.0000,1.0900
157,129,340.0000,1.0900
158,120,340.0000,1.0900
158,139,268.0000,1.5290
160,106,490.0000,1.3350
161,98,268.0000,1.5290
162,111,481.0000,1.3400
164,125,553.0000,0.9450
165,148,367.0000,1.0800
167,160,434.0000,1.0100
169,162,434.0000,1.0100
170,151,469.0000,1.4000
170,153,367.0000,1.0800
172,137,367.0000,1.0800
173,139,340.0000,1.0900
176,130,340.0000,1.0900
177,151,469.0000,1.4000
177,159,367.0000,1.0800
178,161,340.0000,1.0900
179,163,367.0000,1.0800
179,165,469.0000,1.4000
181,124,268.0000,1.5290
181,171,340.0000,1.0900
182,181,340.0000,1.0900
183,138,340.0000,1.0900
183,180,340.0000,1.0900
184,154,570.0000,1.2290
185,145,490.0000,1.3350
185,158,317.0000,1.5220
187,161,340.0000,1.0900
188,144,340.0000,1.0900
190,127,317.0000,1.5220
191,190,570.0000,1.2290
192,143,656.0000,1.2500
194,149,340.0000,1.0900
195,161,268.0000,1.5290
195,166,340.0000,1.0900
195,175,340.0000,1.0900
197,165,469.0000,1.4000
197,183,317.0000,1.5100
198,147,340.0000,1.0900
199,123,268.0000,1.5290
200,168,434.0000,1.0100
200,199,337.0000,1.4490
203,141,317.0000,1.5100
203,189,340.0000,1.0900
204,162,434.0000,1.0100
205,152,570.0000,1.2290
206,150,337.0000,1.4490
206,205,490.0000,1.3350
208,155,340.0000,1.0900
209,158,337.0000,1.4490
211,179,469.0000,1.4000
214,199,340.0000,1.0900
216,174,570.0000,1.2290
216,209,490.0000,1.3350
217,160,337.0000,1.4490
217,210,340.0000,1.0900
218,202,570.0000,1.2290
218,217,317.0000,1.5220
219,186,340.0000,1.0900
219,203,268.0000,1.5290
220,197,469.0000,1.4000
222,211,450.0000,1.3640
225,170,469.0000,1.4000
227,222,553.0000,0.9450
229,177,469.0000,1.4040
230,193,570.0000,1.2290
234,211,469.0000,1.4000
234,220,469.0000,1.4000
235,200,490.0000,1.3350
237,201,434.0000,1.0100
238,218,490.0000,1.3350
238,219,337.0000,1.4490
239,199,317.0000,1.5220
239,237,490.0000,1.3350
241,209,434.0000,1.0100
245,220,367.0000,1.0800
246,196,340.0000,1.0900
246,235,317.0000,1.5220
247,183,268.0000,1.5290
247,230,317.0000,1.5220
248,203,340.0000,1.0900
252,190,490.0000,1.3350
252,242,434.0000,1.0100
253,225,367.0000,1.0800
254,185,570.0000,1.2290
255,181,268.0000,1.5290
256,255,340.0000,1.0900
257,215,434.0000,1.0100
257,247,337.0000,1.4490
258,206,434.0000,1.0100
261,225,469.0000,1.4000
261,229,447.0000,1.4190
262,213,367.0000,1.0800
263,243,656.0000,1.2500
264,226,656.0000,1.2500
265,207,367.0000,1.0800
266,263,656.0000,1.2500
269,238,434.0000,1.0100
271,212,340.0000,1.0900
271,249,340.0000,1.0900
272,234,367.0000,1.0800
275,255,337.0000,1.4630
275,260,434.0000,1.0100
277,223,570.0000,1.2290
278,228,367.0000,1.0800
278,262,469.0000,1.4000
279,232,570.0000,1.2290
283,195,268.0000,1.5290
284,233,340.0000,1.0900
284,244,340.0000,1.0900
285,235,570.0000,1.2290
286,224,340.0000,1.0900
287,205,317.0000,1.5220
287,286,268.0000,1.5290
289,231,367.0000,1.0800
289,265,469.0000,1.4000
290,229,388.0000,1.4590
290,286,317.0000,1.4950
292,216,317.0000,1.5220
292,280,340.0000,1.0900
294,221,340.0000,1.0900
295,294,340.0000,1.0900
296,230,490.0000,1.3350
296,292,337.0000,1.4490
297,240,340.0000,1.0900
297,246,268.0000,1.5290
298,283,340.0000,1.0900
300,287,337.0000,1.4490
300,291,434.0000,1.0100
302,275,481.0000,1.3400
303,239,570.0000,1.2290
307,217,268.0000,1.5290
307,305,340.0000,1.0900
308,237,337.0000,1.4490
308,279,317.0000,1.5220
308,294,268.0000,1.5290
309,251,340.0000,1.0900
309,264,317.0000,1.5220
312,246,337.0000,1.4490
312,277,490.0000,1.3350
313,282,367.0000,1.0800
314,219,317.0000,1.5220
314,306,570.0000,1.2290
315,302,481.0000,1.3400
316,315,434.0000,1.0100
317,247,340.0000,1.0900
318,236,340.0000,1.0900
319,255,340.0000,1.0900
320,279,490.0000,1.3350
320,318,337.0000,1.4490
321,267,340.0000,1.0900
321,271,268.0000,1.5290
322,284,317.0000,1.5100
322,313,469.0000,1.4000
323,283,340.0000,1.0900
324,259,434.0000,1.0100
324,299,434.0000,1.0100
327,302,481.0000,1.3400
328,264,656.0000,1.2500
329,257,490.0000,1.3350
330,268,434.0000,1.0100
330,311,434.0000,1.0100
331,262,469.0000,1.4000
331,307,317.0000,1.5100
333,273,434.0000,1.0100
334,300,490.0000,1.3350
335,250,656.0000,1.2500
337,309,340.0000,1.0900
339,270,434.0000,1.0100
339,321,367.0000,1.4710
341,315,434.0000,1.0100
342,283,268.0000,1.5290
342,304,340.0000,1.0900
342,334,317.0000,1.5220
343,252,337.0000,1.4490
343,329,317.0000,1.5220
344,261,428.0000,1.3800
345,327,434.0000,1.0100
346,327,434.0000,1.0100
347,324,434.0000,1.0100
349,265,469.0000,1.4000
349,326,367.0000,1.0800
352,334,570.0000,1.2290
353,313,469.0000,1.4000
353,348,367.0000,1.0800
354,335,656.0000,1.2500
355,271,268.0000,1.5290
355,297,268.0000,1.5290
358,263,317.0000,1.5220
358,325,340.0000,1.0900
359,276,434.0000,1.0100
360,287,340.0000,1.0900
363,286,340.0000,1.0900
364,277,317.0000,1.5220
364,332,340.0000,1.0900
364,351,340.0000,1.0900
365,274,367.0000,1.0800
366,358,340.0000,1.0900
367,297,340.0000,1.0900
368,288,340.0000,1.0900
368,318,268.0000,1.5290
369,339,434.0000,1.0100
370,322,469.0000,1.4000
371,343,340.0000,1.0900
372,290,546.0000,1.3520
372,344,427.0000,1.3810
373,278,469.0000,1.4000
374,281,340.0000,1.0900
376,320,434.0000,1.0100
377,370,367.0000,1.0800
379,293,434.0000,1.0100
380,312,434.0000,1.0100
381,318,317.0000,1.5220
381,333,490.0000,1.3350
382,307,340.0000,1.0900
383,336,553.0000,0.9450
383,373,450.0000,1.3640
384,294,268.0000,1.5290
384,374,268.0000,1.5290
384,375,340.0000,1.0900
385,284,268.0000,1.5290
385,333,337.0000,1.4490
386,338,340.0000,1.0900
386,340,340.0000,1.0900
387,329,570.0000,1.2290
388,296,337.0000,1.4490
388,361,340.0000,1.0900
389,344,434.0000,1.0100
391,301,340.0000,1.0900
391,386,268.0000,1.5290
392,353,469.0000,1.4000
393,308,340.0000,1.0900
394,355,340.0000,1.0900
395,310,340.0000,1.0900
397,350,434.0000,1.0100
397,374,337.0000,1.4630
398,289,469.0000,1.4000
399,370,469.0000,1.4000
399,392,469.0000,1.4000
401,368,340.0000,1.0900
403,321,340.0000,1.0900
404,356,553.0000,0.9450
404,395,320.0000,1.4100
405,339,434.0000,1.0100
406,359,428.0000,1.3800
406,365,469.0000,1.4000
408,324,367.0000,1.4710
408,362,340.0000,1.0900
411,309,268.0000,1.5290
411,379,337.0000,1.4490
412,292,268.0000,1.5290
413,412,340.0000,1.0900
415,392,367.0000,1.0800
416,314,490.0000,1.3350
416,414,434.0000,1.0100
418,355,340.0000,1.0900
419,398,367.0000,1.0800
420,408,340.0000,1.0900
422,331,469.0000,1.4000
423,385,340.0000,1.0900
424,374,340.0000,1.0900
425,372,367.0000,1.0800
426,399,367.0000,1.0800
427,359,427.0000,1.3810
427,417,367.0000,1.0800
428,365,469.0000,1.4000
428,402,367.0000,1.0800
429,330,490.0000,1.3350
430,335,317.0000,1.5220
430,400,340.0000,1.0900
433,373,469.0000,1.4000
433,422,469.0000,1.4000
434,357,570.0000,1.2290
436,390,340.0000,1.0900
436,395,268.0000,1.5290
436,434,317.0000,1.5220
438,388,268.0000,1.5290
438,410,340.0000,1.0900
438,412,268.0000,1.5290
439,368,268.0000,1.5290
439,407,340.0000,1.0900
440,379,490.0000,1.3350
440,391,317.0000,1.5220
441,343,268.0000,1.5290
441,432,340.0000,1.0900
443,378,570.0000,1.2290
445,388,340.0000,1.0900
446,395,340.0000,1.0900
447,441,340.0000,1.0900
452,429,570.0000,1.2290
453,349,469.0000,1.4000
454,391,337.0000,1.4490
454,443,490.0000,1.3350
455,381,570.0000,1.2290
457,430,340.0000,1.0900
458,342,337.0000,1.4490
459,411,317.0000,1.5220
460,386,340.0000,1.0900
462,384,340.0000,1.0900
463,358,268.0000,1.5290
463,449,340.0000,1.0900
464,385,317.0000,1.5220
464,437,570.0000,1.2290
465,412,340.0000,1.0900
466,435,434.0000,1.0100
466,459,490.0000,1.3350
467,411,340.0000,1.0900
469,397,481.0000,1.3400
470,422,367.0000,1.0800
471,396,340.0000,1.0900
471,450,340.0000,1.0900
472,364,337.0000,1.4490
473,398,469.0000,1.4000
473,453,469.0000,1.4000
474,409,434.0000,1.0100
477,451,434.0000,1.0100
479,439,317.0000,1.5220
480,468,434.0000,1.0100
480,469,481.0000,1.3400
483,433,367.0000,1.0800
485,421,340.0000,1.0900
487,429,317.0000,1.5220
487,448,340.0000,1.0900
488,442,570.0000,1.2290
488,458,490.0000,1.3350
489,481,553.0000,0.9450
489,485,320.0000,1.4100
490,408,268.0000,1.5290
490,475,340.0000,1.0900
491,471,340.0000,1.0900
493,439,340.0000,1.0900
494,472,434.0000,1.0100
495,459,570.0000,1.2290
496,458,434.0000,1.0100
497,406,447.0000,1.4190
499,431,434.0000,1.0100
502,463,317.0000,1.5220
502,474,490.0000,1.3350
503,478,656.0000,1.2500
505,454,434.0000,1.0100
506,456,340.0000,1.0900
506,482,340.0000,1.0900
507,416,337.0000,1.4490
507,501,340.0000,1.0900
508,506,340.0000,1.0900
510,469,481.0000,1.3400
510,486,434.0000,1.0100
511,499,434.0000,1.0100
512,434,490.0000,1.3350
513,479,656.0000,1.2500
514,427,546.0000,1.3520
514,497,388.0000,1.4590
515,430,268.0000,1.5290
515,477,337.0000,1.4490
517,438,340.0000,1.0900
520,444,340.0000,1.0900
521,472,490.0000,1.3350
521,476,570.0000,1.2290
522,443,317.0000,1.5220
522,474,337.0000,1.4490
524,461,340.0000,1.0900
524,512,337.0000,1.4490
525,490,340.0000,1.0900
526,477,490.0000,1.3350
526,524,317.0000,1.5220
527,466,337.0000,1.4490
527,485,268.0000,1.5290
527,516,340.0000,1.0900
528,428,469.0000,1.4000
530,440,570.0000,1.2290
531,453,317.0000,1.5100
531,484,340.0000,1.0900
532,463,337.0000,1.4490
535,499,434.0000,1.0100
536,518,553.0000,0.9450
537,436,337.0000,1.4490
538,471,268.0000,1.5290
538,498,340.0000,1.0900
539,503,656.0000,1.2500
540,485,340.0000,1.0900
541,441,317.0000,1.5220
542,520,340.0000,1.0900
543,479,656.0000,1.2500
544,487,340.0000,1.0900
546,473,367.0000,1.0800
547,538,320.0000,1.4100
549,480,434.0000,1.0100
550,500,570.0000,1.2290
550,532,490.0000,1.3350
551,464,490.0000,1.3350
553,499,367.0000,1.4710
553,520,268.0000,1.5290
553,529,340.0000,1.0900
554,487,268.0000,1.5290
554,509,340.0000,1.0900
555,515,340.0000,1.0900
557,520,340.0000,1.0900
558,537,434.0000,1.0100
559,536,450.0000,1.3640
562,545,367.0000,1.0800
562,559,469.0000,1.4000
564,522,340.0000,1.0900
565,503,317.0000,1.5220
565,507,268.0000,1.5290
565,560,340.0000,1.0900
567,531,340.0000,1.0900
568,551,434.0000,1.0100
569,497,469.0000,1.4040
569,528,469.0000,1.4000
570,541,656.0000,1.2500
573,566,553.0000,0.9450
574,492,340.0000,1.0900
574,554,268.0000,1.5290
576,507,317.0000,1.5220
576,552,570.0000,1.2290
577,510,434.0000,1.0100
578,526,570.0000,1.2290
580,547,553.0000,0.9450
581,504,340.0000,1.0900
581,556,340.0000,1.0900
583,528,367.0000,1.0800
585,512,434.0000,1.0100
590,559,469.0000,1.4000
590,587,367.0000,1.0800
591,532,434.0000,1.0100
593,562,469.0000,1.4000
594,593,367.0000,1.0800
596,582,553.0000,0.9450
597,515,317.0000,1.5220
597,572,570.0000,1.2290
598,502,570.0000,1.2290
599,581,340.0000,1.0900
600,490,268.0000,1.5290
600,592,340.0000,1.0900
604,534,434.0000,1.0100
605,519,570.0000,1.2290
606,537,490.0000,1.3350
606,584,570.0000,1.2290
607,522,268.0000,1.5290
607,563,340.0000,1.0900
608,593,469.0000,1.4000
609,590,469.0000,1.4000
609,608,469.0000,1.4000
610,488,317.0000,1.5220
611,523,340.0000,1.0900
612,561,340.0000,1.0900
612,575,340.0000,1.0900
612,600,268.0000,1.5290
613,548,340.0000,1.0900
613,573,320.0000,1.4100
614,541,656.0000,1.2500
616,533,570.0000,1.2290
618,514,317.0000,1.4950
618,603,340.0000,1.0900
619,610,340.0000,1.0900
620,531,268.0000,1.5290
620,589,340.0000,1.0900
622,609,367.0000,1.0800
623,506,268.0000,1.5290
624,588,434.0000,1.0100
624,610,337.0000,1.4490
626,617,434.0000,1.0100
626,623,337.0000,1.4490
627,524,268.0000,1.5290
627,608,317.0000,1.5100
630,607,340.0000,1.0900
631,579,340.0000,1.0900
631,596,320.0000,1.4100
631,625,340.0000,1.0900
632,601,553.0000,0.9450
633,554,340.0000,1.0900
634,621,570.0000,1.2290
636,611,340.0000,1.0900
637,574,317.0000,1.5220
637,604,490.0000,1.3350
638,574,337.0000,1.4490
638,616,490.0000,1.3350
639,551,337.0000,1.4490
639,629,340.0000,1.0900
639,634,317.0000,1.5220
640,521,317.0000,1.5220
641,635,570.0000,1.2290
644,626,490.0000,1.3350
645,576,490.0000,1.3350
646,604,337.0000,1.4490
646,605,317.0000,1.5220
646,611,268.0000,1.5290
647,586,340.0000,1.0900
647,613,268.0000,1.5290
648,611,340.0000,1.0900
649,571,434.0000,1.0100
650,527,317.0000,1.5220
651,565,340.0000,1.0900
652,634,490.0000,1.3350
653,652,434.0000,1.0100
654,569,367.0000,1.0800
655,538,268.0000,1.5290
655,641,317.0000,1.5220
659,627,340.0000,1.0900
660,641,490.0000,1.3350
661,550,317.0000,1.5220
661,660,337.0000,1.4490
663,618,340.0000,1.0900
664,602,340.0000,1.0900
664,644,317.0000,1.5220
664,652,337.0000,1.4490
665,595,340.0000,1.0900
665,643,340.0000,1.0900
667,605,490.0000,1.3350
667,640,337.0000,1.4490
669,600,340.0000,1.0900
670,644,570.0000,1.2290
673,645,434.0000,1.0100
675,623,317.0000,1.5220
677,597,490.0000,1.3350
678,647,337.0000,1.4490
678,674,434.0000,1.0100
680,640,340.0000,1.0900
682,677,434.0000,1.0100
683,661,340.0000,1.0900
684,660,434.0000,1.0100
686,615,434.0000,1.0100
686,650,490.0000,1.3350
688,675,570.0000,1.2290
689,553,317.0000,1.5220
690,613,340.0000,1.0900
691,581,268.0000,1.5290
691,687,340.0000,1.0900
692,623,340.0000,1.0900
693,624,490.0000,1.3350
693,691,317.0000,1.5220
695,655,340.0000,1.0900
697,665,337.0000,1.4490
698,620,317.0000,1.5220
698,649,490.0000,1.3350
700,627,340.0000,1.0900
705,618,268.0000,1.5290
705,645,337.0000,1.4490
706,620,337.0000,1.4490
708,610,268.0000,1.5290
708,699,340.0000,1.0900
709,616,317.0000,1.5220
709,649,337.0000,1.4490
710,675,490.0000,1.3350
710,704,434.0000,1.0100
712,678,490.0000,1.3350
714,705,340.0000,1.0900
716,712,570.0000,1.2290
718,642,570.0000,1.2290
718,706,490.0000,1.3350
720,708,340.0000,1.0900
721,697,434.0000,1.0100
722,702,553.0000,0.9450
723,697,490.0000,1.3350
723,719,570.0000,1.2290
724,640,268.0000,1.5290
724,671,340.0000,1.0900
726,628,434.0000,1.0100
727,607,317.0000,1.5100
728,632,320.0000,1.4100
728,676,340.0000,1.0900
729,638,434.0000,1.0100
731,666,434.0000,1.0100
731,689,490.0000,1.3350
733,650,570.0000,1.2290
735,657,367.0000,1.0800
735,727,469.0000,1.4000
736,606,317.0000,1.5220
737,655,337.0000,1.4490
737,694,434.0000,1.0100
738,637,570.0000,1.2290
740,713,367.0000,1.0800
741,656,434.0000,1.0100
742,724,340.0000,1.0900
743,679,340.0000,1.0900
743,685,340.0000,1.0900
744,726,434.0000,1.0100
746,612,268.0000,1.5290
746,741,337.0000,1.4490
748,646,340.0000,1.0900
749,693,570.0000,1.2290
750,677,337.0000,1.4490
750,723,317.0000,1.5220
750,732,340.0000,1.0900
751,689,570.0000,1.2290
754,730,450.0000,1.3640
754,740,469.0000,1.4000
755,672,434.0000,1.0100
756,710,337.0000,1.4490
756,712,317.0000,1.5220
756,715,340.0000,1.0900
757,717,340.0000,1.0900
757,722,320.0000,1.4100
757,736,268.0000,1.5290
758,740,469.0000,1.4000
758,747,367.0000,1.0800
759,662,340.0000,1.0900
759,752,340.0000,1.0900
760,709,340.0000,1.0900
761,681,553.0000,0.9450
762,668,434.0000,1.0100
763,728,340.0000,1.0900
765,658,340.0000,1.0900
768,631,268.0000,1.5290
769,647,317.0000,1.5220
769,755,490.0000,1.3350
770,711,434.0000,1.0100
771,639,268.0000,1.5290
772,706,434.0000,1.0100
773,701,434.0000,1.0100
773,768,337.0000,1.4490
775,665,317.0000,1.5220
775,770,490.0000,1.3350
776,734,570.0000,1.2290
777,661,268.0000,1.5290
777,761,320.0000,1.4100
777,767,340.0000,1.0900
778,736,337.0000,1.4490
778,776,490.0000,1.3350
780,771,340.0000,1.0900
782,696,340.0000,1.0900
782,771,268.0000,1.5290
782,781,340.0000,1.0900
784,730,553.0000,0.9450
785,667,337.0000,1.4490
785,764,340.0000,1.0900
786,707,434.0000,1.0100
786,783,434.0000,1.0100
787,746,340.0000,1.0900
788,765,340.0000,1.0900
790,703,434.0000,1.0100
792,754,469.0000,1.4000
793,664,268.0000,1.5290
794,736,340.0000,1.0900
795,758,469.0000,1.4000
796,778,434.0000,1.0100
797,759,340.0000,1.0900
798,691,337.0000,1.4490
799,698,570.0000,1.2290
800,708,340.0000,1.0900
802,709,268.0000,1.5290
802,743,268.0000,1.5290
803,725,340.0000,1.0900
803,765,268.0000,1.5290
804,793,340.0000,1.0900
805,726,481.0000,1.3400
805,762,481.0000,1.3400
807,793,340.0000,1.0900
808,792,367.0000,1.0800
809,786,434.0000,1.0100
810,686,337.0000,1.4490
811,768,340.0000,1.0900
813,745,340.0000,1.0900
813,791,340.0000,1.0900
813,795,317.0000,1.5100
814,792,469.0000,1.4000
814,795,469.0000,1.4000
816,718,317.0000,1.5220
816,770,337.0000,1.4490
818,765,317.0000,1.5220
818,766,656.0000,1.2500
819,746,317.0000,1.5220
819,801,570.0000,1.2290
820,728,268.0000,1.5290
820,776,317.0000,1.5220
821,727,469.0000,1.4000
821,815,367.0000,1.0800
822,798,434.0000,1.0100
824,803,340.0000,1.0900
826,743,268.0000,1.5290
826,762,337.0000,1.4630
827,724,268.0000,1.5290
827,785,268.0000,1.5290
828,705,317.0000,1.5220
829,775,570.0000,1.2290
830,741,490.0000,1.3350
830,810,317.0000,1.5220
831,739,340.0000,1.0900
832,779,340.0000,1.0900
832,806,340.0000,1.0900
834,759,268.0000,1.5290
834,810,268.0000,1.5290
836,814,367.0000,1.0800
837,816,340.0000,1.0900
838,768,317.0000,1.5220
838,790,490.0000,1.3350
839,753,340.0000,1.0900
839,834,268.0000,1.5290
841,735,469.0000,1.4000
843,785,340.0000,1.0900
844,737,490.0000,1.3350
845,755,337.0000,1.4490
845,832,268.0000,1.5290
846,831,340.0000,1.0900
847,789,340.0000,1.0900
847,790,337.0000,1.4490
849,731,337.0000,1.4490
851,757,340.0000,1.0900
852,841,367.0000,1.0800
853,782,340.0000,1.0900
854,802,340.0000,1.0900
856,798,490.0000,1.3350
856,825,570.0000,1.2290
857,773,490.0000,1.3350
857,845,317.0000,1.5220
858,774,434.0000,1.0100
860,769,570.0000,1.2290
861,802,340.0000,1.0900
862,793,340.0000,1.0900
864,828,570.0000,1.2290
866,810,340.0000,1.0900
868,812,434.0000,1.0100
868,820,337.0000,1.4490
869,827,340.0000,1.0900
871,823,340.0000,1.0900
871,831,268.0000,1.5290
871,849,268.0000,1.5290
872,839,340.0000,1.0900
875,771,268.0000,1.5290
876,786,367.0000,1.4710
876,835,340.0000,1.0900
877,875,340.0000,1.0900
878,817,570.0000,1.2290
878,849,317.0000,1.5220
879,831,340.0000,1.0900
881,826,340.0000,1.0900
882,750,268.0000,1.5290
884,826,340.0000,1.0900
886,820,340.0000,1.0900
888,875,340.0000,1.0900
889,756,268.0000,1.5290
892,827,340.0000,1.0900
893,777,268.0000,1.5290
894,828,490.0000,1.3350
894,859,434.0000,1.0100
895,833,340.0000,1.0900
895,840,340.0000,1.0900
896,803,268.0000,1.5290
896,867,340.0000,1.0900
898,839,340.0000,1.0900
900,882,340.0000,1.0900
902,893,340.0000,1.0900
903,889,340.0000,1.0900
905,844,570.0000,1.2290
907,849,340.0000,1.0900
908,893,340.0000,1.0900
909,844,317.0000,1.5220
909,858,337.0000,1.4490
909,897,340.0000,1.0900
910,847,340.0000,1.0900
911,805,481.0000,1.3400
912,819,490.0000,1.3350
913,842,570.0000,1.2290
913,896,317.0000,1.5220
915,850,340.0000,1.0900
915,885,340.0000,1.0900
916,847,317.0000,1.5220
916,858,490.0000,1.3350
918,816,268.0000,1.5290
918,904,340.0000,1.0900
919,874,340.0000,1.0900
919,882,268.0000,1.5290
919,906,222.0000,1.8100
922,834,340.0000,1.0900
923,876,340.0000,1.0900
925,818,656.0000,1.2500
926,821,469.0000,1.4000
927,855,340.0000,1.0900
927,899,340.0000,1.0900
929,813,268.0000,1.5290
931,882,340.0000,1.0900
932,912,434.0000,1.0100
934,845,340.0000,1.0900
935,830,570.0000,1.2290
937,873,340.0000,1.0900
937,889,268.0000,1.5290
937,933,340.0000,1.0900
938,915,340.0000,1.0900
939,880,570.0000,1.2290
939,929,317.0000,1.5220
942,918,340.0000,1.0900
944,841,469.0000,1.4000
944,926,469.0000,1.4000
945,911,434.0000,1.0100
946,883,434.0000,1.0100
946,929,337.0000,1.4490
947,857,570.0000,1.2290
949,848,340.0000,1.0900
950,895,340.0000,1.0900
952,838,570.0000,1.2290
953,865,434.0000,1.0100
954,832,317.0000,1.4950
956,887,340.0000,1.0900
956,914,340.0000,1.0900
957,876,268.0000,1.5290
957,901,340.0000,1.0900
958,875,340.0000,1.0900
960,956,340.0000,1.0900
961,856,317.0000,1.5220
961,940,340.0000,1.0900
963,893,340.0000,1.0900
964,889,268.0000,1.5290
964,924,340.0000,1.0900
964,959,340.0000,1.0900
967,920,340.0000,1.0900
967,936,340.0000,1.0900
967,949,268.0000,1.5290
968,863,570.0000,1.2290
969,953,434.0000,1.0100
970,870,570.0000,1.2290
971,911,434.0000,1.0100
972,957,340.0000,1.0900
973,890,434.0000,1.0100
974,878,490.0000,1.3350
976,868,490.0000,1.3350
977,930,340.0000,1.0900
977,949,268.0000,1.5290
977,962,340.0000,1.0900
978,891,340.0000,1.0900
978,975,340.0000,1.0900
979,895,268.0000,1.5290
979,928,340.0000,1.0900
980,921,367.0000,1.0800
980,954,546.0000,1.3520
981,927,340.0000,1.0900
983,939,490.0000,1.3350
983,961,337.0000,1.4490
988,912,337.0000,1.4490
988,955,340.0000,1.0900
991,894,337.0000,1.4490
991,970,317.0000,1.5220
992,929,340.0000,1.0900
993,978,340.0000,1.0900
994,909,340.0000,1.0900
995,927,268.0000,1.5290
995,943,340.0000,1.0900
996,917,434.0000,1.0100
997,926,367.0000,1.0800
998,871,268.0000,1.5290
999,896,337.0000,1.4490
999,989,434.0000,1.0100
1002,949,268.0000,1.5290
1002,968,317.0000,1.5220
1002,973,337.0000,1.4490
1004,913,490.0000,1.3350
1005,906,222.0000,1.8100
1005,982,340.0000,1.0900
1006,948,340.0000,1.0900
1006,976,317.0000,1.5220
1007,983,434.0000,1.0100
1008,919,340.0000,1.0900
1010,998,340.0000,1.0900
1011,1005,340.0000,1.0900
1012,916,570.0000,1.2290
1013,988,340.0000,1.0900
1014,953,481.0000,1.3400
1014,996,481.0000,1.3400
1015,966,340.0000,1.0900
1015,974,337.0000,1.4490
1016,974,434.0000,1.0100
1018,915,268.0000,1.5290
1018,1006,268.0000,1.5290
1020,951,340.0000,1.0900
1021,991,340.0000,1.0900
1023,918,317.0000,1.4950
1024,998,340.0000,1.0900
1025,946,490.0000,1.3350
1025,1020,317.0000,1.5220
1026,941,570.0000,1.2290
1028,965,340.0000,1.0900
1028,1004,337.0000,1.4490
1029,973,490.0000,1.3350
1029,979,317.0000,1.5220
1032,944,450.0000,1.3640
1032,1031,553.0000,0.9450
1034,1000,434.0000,1.0100
1035,954,388.0000,1.4590
1037,968,490.0000,1.3350
1037,1020,337.0000,1.4490
1038,964,340.0000,1.0900
1039,984,340.0000,1.0900
1039,995,268.0000,1.5290
1040,1034,434.0000,1.0100
1041,976,570.0000,1.2290
1047,937,268.0000,1.5290
1048,998,340.0000,1.0900
1050,967,340.0000,1.0900
1051,979,337.0000,1.4490
1051,1026,490.0000,1.3350
1053,1047,340.0000,1.0900
1054,991,340.0000,1.0900
1055,985,340.0000,1.0900
1056,970,490.0000,1.3350
1056,1055,337.0000,1.4490
1057,961,268.0000,1.5290
1057,1033,340.0000,1.0900
1058,1017,570.0000,1.2290
1058,1055,317.0000,1.5220
1060,978,268.0000,1.5290
1060,1027,340.0000,1.0900
1062,957,268.0000,1.5290
1062,1049,340.0000,1.0900
1063,956,268.0000,1.5290
1063,1060,268.0000,1.5290
1065,1004,434.0000,1.0100
1068,977,340.0000,1.0900
1069,1003,367.0000,1.0800
1069,1035,469.0000,1.4040
1070,986,340.0000,1.0900
1070,1043,340.0000,1.0900
1072,1019,367.0000,1.0800
1072,1023,546.0000,1.3520
1074,987,656.0000,1.2500
1076,1001,340.0000,1.0900
1076,1018,268.0000,1.5290
1077,996,337.0000,1.4630
1077,1030,340.0000,1.0900
1079,1047,340.0000,1.0900
1083,990,340.0000,1.0900
1083,1077,268.0000,1.5290
1090,980,427.0000,1.3810
1092,1009,434.0000,1.0100
1094,1022,434.0000,1.0100
1095,1075,367.0000,1.0800
1097,1034,490.0000,1.3350
1097,1087,570.0000,1.2290
1098,1039,340.0000,1.0900
1100,1018,340.0000,1.0900
1102,995,268.0000,1.5290
1102,1044,340.0000,1.0900
1103,1005,340.0000,1.0900
1105,1085,367.0000,1.0800
1105,1095,469.0000,1.4000
1106,999,490.0000,1.3350
1108,1063,340.0000,1.0900
1109,988,317.0000,1.5220
1109,1092,490.0000,1.3350
1110,1028,317.0000,1.5220
1111,1002,340.0000,1.0900
1112,1015,268.0000,1.5290
1112,1036,340.0000,1.0900
1113,1058,490.0000,1.3350
1114,1061,434.0000,1.0100
1114,1110,490.0000,1.3350
1115,1106,570.0000,1.2290
1116,1095,469.0000,1.4000
1116,1107,450.0000,1.3640
1117,1062,268.0000,1.5290
1117,1064,340.0000,1.0900
1117,1066,340.0000,1.0900
1118,1015,317.0000,1.5220
1118,1094,490.0000,1.3350
1119,1045,340.0000,1.0900
1119,1084,340.0000,1.0900
1119,1113,337.0000,1.4490
1120,1090,434.0000,1.0100
1121,1039,340.0000,1.0900
1123,1057,222.0000,1.8100
1124,1105,469.0000,1.4000
1125,1078,367.0000,1.0800
1127,1047,340.0000,1.0900
1128,1023,388.0000,1.4590
1129,1025,570.0000,1.2290
1130,1006,337.0000,1.4490
1131,1107,553.0000,0.9450
1132,1081,367.0000,1.0800
1132,1125,469.0000,1.4000
1133,1028,268.0000,1.5290
1133,1074,317.0000,1.5220
1134,1116,469.0000,1.4000
1135,1046,340.0000,1.0900
1135,1070,268.0000,1.5290
1137,1020,268.0000,1.5290
1137,1124,317.0000,1.5100
1137,1136,340.0000,1.0900
1138,1083,340.0000,1.0900
1139,1014,481.0000,1.3400
1140,1062,340.0000,1.0900
1141,1035,447.0000,1.4190
1141,1090,428.0000,1.3800
1142,1124,469.0000,1.4000
1142,1134,469.0000,1.4000
1143,1063,340.0000,1.0900
1144,1134,367.0000,1.0800
1145,1113,434.0000,1.0100
1146,1059,367.0000,1.0800
1146,1128,469.0000,1.4040
1148,1026,317.0000,1.5220
1148,1114,337.0000,1.4490
1149,1037,434.0000,1.0100
1150,1042,570.0000,1.2290
1150,1130,490.0000,1.3350
1152,1056,434.0000,1.0100
1153,1057,340.0000,1.0900
1154,1110,570.0000,1.2290
1155,1076,268.0000,1.5290
1155,1082,340.0000,1.0900
1156,1076,340.0000,1.0900
1158,1139,434.0000,1.0100
1159,1070,367.0000,1.4710
1159,1088,434.0000,1.0100
1160,1080,340.0000,1.0900
1160,1104,340.0000,1.0900
1161,1029,570.0000,1.2290
1162,1051,434.0000,1.0100
1163,1133,340.0000,1.0900
1165,1083,268.0000,1.5290
1165,1099,340.0000,1.0900
1166,1073,340.0000,1.0900
1166,1148,268.0000,1.5290
1167,1142,367.0000,1.0800
1168,1074,656.0000,1.2500
1169,1102,340.0000,1.0900
1170,1052,340.0000,1.0900
1171,1089,340.0000,1.0900
1171,1112,268.0000,1.5290
1172,1097,317.0000,1.5220
1172,1126,340.0000,1.0900
1174,1077,340.0000,1.0900
1175,1155,340.0000,1.0900
1176,1135,340.0000,1.0900
1177,1086,340.0000,1.0900
1177,1166,268.0000,1.5290
1178,1125,469.0000,1.4000
1178,1170,317.0000,1.5100
1179,1093,434.0000,1.0100
1179,1173,434.0000,1.0100
1180,1071,340.0000,1.0900
1181,1112,340.0000,1.0900
1182,1094,337.0000,1.4490
1182,1102,268.0000,1.5290
1184,1132,469.0000,1.4000
1184,1183,367.0000,1.0800
1185,1069,469.0000,1.4000
1186,1055,268.0000,1.5290
1186,1172,268.0000,1.5290
1187,1160,340.0000,1.0900
1188,1159,434.0000,1.0100
1189,1067,656.0000,1.2500
1191,1170,340.0000,1.0900
1192,1072,427.0000,1.3810
1194,1091,340.0000,1.0900
1195,1180,340.0000,1.0900
1196,1101,434.0000,1.0100
1197,1118,570.0000,1.2290
1198,1096,340.0000,1.0900
1199,1123,274.0000,1.3360
1201,1092,337.0000,1.4490
1201,1165,268.0000,1.5290
1202,1185,367.0000,1.0800
1203,1147,434.0000,1.0100
1204,1109,570.0000,1.2290
1206,1060,268.0000,1.5290
1206,1203,337.0000,1.4490
1207,1130,434.0000,1.0100
1208,1151,340.0000,1.0900
1208,1164,340.0000,1.0900
1209,1171,340.0000,1.0900
1210,1180,340.0000,1.0900
1211,1139,434.0000,1.0100
1212,1177,340.0000,1.0900
1214,1122,570.0000,1.2290
1215,1106,317.0000,1.5220
1215,1194,268.0000,1.5290
1216,1159,434.0000,1.0100
1217,1194,340.0000,1.0900
1218,1186,340.0000,1.0900
1219,1133,340.0000,1.0900
1221,1198,340.0000,1.0900
1222,1135,268.0000,1.5290
1222,1190,340.0000,1.0900
1223,1128,447.0000,1.4190
1223,1192,428.0000,1.3800
1225,1137,340.0000,1.0900
1227,1148,340.0000,1.0900
1228,1155,340.0000,1.0900
1232,1178,469.0000,1.4000
1233,1157,340.0000,1.0900
1233,1222,268.0000,1.5290
1233,1231,340.0000,1.0900
1234,1184,469.0000,1.4000
1234,1232,469.0000,1.4000
1235,1189,656.0000,1.2500
1236,1198,340.0000,1.0900
1238,1170,268.0000,1.5290
1238,1196,337.0000,1.4490
1238,1214,317.0000,1.5220
1239,1192,434.0000,1.0100
1240,1165,340.0000,1.0900
1243,1177,340.0000,1.0900
1244,1182,340.0000,1.0900
1245,1146,469.0000,1.4000
1246,1180,268.0000,1.5290
1246,1198,268.0000,1.5290
1246,1220,340.0000,1.0900
1247,1141,469.0000,1.4000
1248,1245,367.0000,1.0800
1250,1215,337.0000,1.4490
1252,1119,317.0000,1.5220
1253,1182,317.0000,1.5220
1253,1213,570.0000,1.2290
1255,1117,268.0000,1.5290
1256,1160,268.0000,1.5290
1256,1208,268.0000,1.5290
1257,1206,317.0000,1.5220
1257,1241,570.0000,1.2290
1262,1172,340.0000,1.0900
1263,1186,340.0000,1.0900
1264,1249,570.0000,1.2290
1264,1250,490.0000,1.3350
1264,1255,317.0000,1.5220
1265,1206,340.0000,1.0900
1266,1166,320.0000,1.4100
1266,1237,553.0000,0.9450
1267,1171,317.0000,1.5220
1268,1196,490.0000,1.3350
1268,1201,317.0000,1.5220
1269,1201,340.0000,1.0900
1271,1194,268.0000,1.5290
1271,1230,340.0000,1.0900
1272,1189,317.0000,1.5220
1272,1229,340.0000,1.0900
1272,1260,340.0000,1.0900
1273,1185,469.0000,1.4000
1273,1247,469.0000,1.4000
1274,1232,367.0000,1.0800
1275,1205,340.0000,1.0900
1275,1250,337.0000,1.4490
1275,1271,268.0000,1.5290
1276,1234,367.0000,1.0800
1277,1267,570.0000,1.2290
1278,1150,317.0000,1.5220
1279,1193,340.0000,1.0900
1280,1208,340.0000,1.0900
1282,1203,490.0000,1.3350
1282,1279,317.0000,1.5220
1283,1179,490.0000,1.3350
1284,1226,434.0000,1.0100
1284,1252,490.0000,1.3350
1285,1283,570.0000,1.2290
1286,1214,490.0000,1.3350
1286,1279,337.0000,1.4490
1289,1215,340.0000,1.0900
1291,1261,434.0000,1.0100
1291,1278,337.0000,1.4490
1292,1200,340.0000,1.0900
1293,1224,340.0000,1.0900
1293,1251,340.0000,1.0900
1295,1255,340.0000,1.0900
1297,1242,340.0000,1.0900
1297,1278,268.0000,1.5290
1297,1292,268.0000,1.5290
1298,1254,434.0000,1.0100
1298,1255,337.0000,1.4490
1299,1247,367.0000,1.0800
1300,1222,340.0000,1.0900
1303,1256,340.0000,1.0900
1305,1252,570.0000,1.2290
1308,1257,490.0000,1.3350
1310,1223,469.0000,1.4000
1313,1267,490.0000,1.3350
1313,1311,434.0000,1.0100
1315,1256,268.0000,1.5290
1315,1270,340.0000,1.0900
1316,1292,340.0000,1.0900
1317,1245,469.0000,1.4000
1317,1310,469.0000,1.4000
1318,1291,490.0000,1.3350
1321,1238,340.0000,1.0900
1322,1278,340.0000,1.0900
1324,1308,434.0000,1.0100
1325,1314,434.0000,1.0100
1326,1233,268.0000,1.5290
1326,1323,340.0000,1.0900
1326,1325,337.0000,1.4490
1327,1293,340.0000,1.0900
1328,1259,340.0000,1.0900
1328,1318,317.0000,1.5220
1329,1273,367.0000,1.0800
1333,1258,340.0000,1.0900
1334,1290,340.0000,1.0900
1334,1306,340.0000,1.0900
1334,1320,340.0000,1.0900
1336,1253,490.0000,1.3350
1338,1296,570.0000,1.2290
1338,1333,317.0000,1.5220
1341,1286,434.0000,1.0100
1343,1281,274.0000,1.3360
1344,1271,340.0000,1.0900
1345,1275,340.0000,1.0900
1346,1294,434.0000,1.0100
1347,1292,268.0000,1.5290
1347,1304,340.0000,1.0900
1347,1346,337.0000,1.4630
1349,1318,570.0000,1.2290
1350,1281,222.0000,1.8100
1350,1302,340.0000,1.0900
1350,1348,340.0000,1.0900
1352,1288,570.0000,1.2290
1353,1282,570.0000,1.2290
1355,1332,553.0000,0.9450
1357,1301,340.0000,1.0900
1357,1308,337.0000,1.4490
1358,1325,490.0000,1.3350
1358,1357,317.0000,1.5220
1362,1268,570.0000,1.2290
1365,1293,268.0000,1.5290
1365,1312,340.0000,1.0900
1366,1279,268.0000,1.5290
1366,1360,340.0000,1.0900
1366,1361,340.0000,1.0900
1367,1315,340.0000,1.0900
1368,1287,340.0000,1.0900
1369,1336,434.0000,1.0100
1371,1246,268.0000,1.5290
1372,1313,434.0000,1.0100
1375,1297,340.0000,1.0900
1377,1328,340.0000,1.0900
1378,1310,367.0000,1.0800
1379,1283,317.0000,1.5220
1379,1354,340.0000,1.0900
1382,1284,337.0000,1.4490
1382,1352,317.0000,1.5220
1383,1358,570.0000,1.2290
1384,1333,268.0000,1.5290
1384,1335,340.0000,1.0900
1384,1368,268.0000,1.5290
1387,1333,340.0000,1.0900
1388,1272,268.0000,1.5290
1391,1338,490.0000,1.3350
1393,1391,434.0000,1.0100
1394,1352,490.0000,1.3350
1394,1368,337.0000,1.4490
1395,1317,367.0000,1.0800
1396,1388,340.0000,1.0900
1397,1371,340.0000,1.0900
1398,1307,434.0000,1.0100
1399,1328,337.0000,1.4490
1400,1337,434.0000,1.0100
1401,1336,337.0000,1.4490
1401,1339,340.0000,1.0900
1402,1315,268.0000,1.5290
1402,1356,340.0000,1.0900
1403,1298,490.0000,1.3350
1404,1309,340.0000,1.0900
1408,1346,481.0000,1.3400
1408,1400,481.0000,1.3400
1409,1342,434.0000,1.0100
1411,1331,340.0000,1.0900
1411,1374,222.0000,1.8100
1414,1330,340.0000,1.0900
1414,1410,340.0000,1.0900
1415,1382,340.0000,1.0900
1418,1414,340.0000,1.0900
1419,1363,434.0000,1.0100
1420,1399,434.0000,1.0100
1422,1392,570.0000,1.2290
1422,1399,490.0000,1.3350
1424,1388,340.0000,1.0900
1425,1376,340.0000,1.0900
1425,1386,340.0000,1.0900
1425,1404,268.0000,1.5290
1426,1319,570.0000,1.2290
1427,1371,337.0000,1.4490
1430,1371,317.0000,1.5220
1431,1370,340.0000,1.0900
1431,1390,340.0000,1.0900
1434,1391,434.0000,1.0100
1435,1365,337.0000,1.4490
1436,1347,340.0000,1.0900
1437,1359,340.0000,1.0900
1437,1403,317.0000,1.5220
1439,1379,340.0000,1.0900
1440,1401,317.0000,1.5220
1440,1419,490.0000,1.3350
1441,1326,317.0000,1.5220
1442,1380,570.0000,1.2290
1443,1351,570.0000,1.2290
1444,1400,434.0000,1.0100
1445,1365,317.0000,1.5220
1445,1409,490.0000,1.3350
1446,1379,268.0000,1.5290
1446,1389,340.0000,1.0900
1447,1340,570.0000,1.2290
1448,1368,317.0000,1.5220
1448,1398,490.0000,1.3350
1450,1417,570.0000,1.2290
1450,1427,490.0000,1.3350
1452,1364,340.0000,1.0900
1454,1402,337.0000,1.4490
1454,1442,490.0000,1.3350
1456,1366,340.0000,1.0900
1458,1381,340.0000,1.0900
1458,1406,340.0000,1.0900
1460,1404,268.0000,1.5290
1460,1421,340.0000,1.0900
1460,1429,340.0000,1.0900
1461,1398,337.0000,1.4490
1461,1404,268.0000,1.5290
1461,1426,317.0000,1.5220
1462,1452,340.0000,1.0900
1463,1394,434.0000,1.0100
1464,1430,490.0000,1.3350
1464,1432,434.0000,1.0100
1465,1373,340.0000,1.0900
1465,1443,317.0000,1.5220
1468,1388,268.0000,1.5290
1468,1419,337.0000,1.4490
1468,1466,340.0000,1.0900
1469,1430,570.0000,1.2290
1471,1385,340.0000,1.0900
1471,1431,268.0000,1.5290
1472,1334,268.0000,1.5290
1473,1427,434.0000,1.0100
1476,1355,320.0000,1.4100
1477,1428,434.0000,1.0100
1477,1441,490.0000,1.3350
1478,1435,434.0000,1.0100
1479,1403,570.0000,1.2290
1480,1411,340.0000,1.0900
1481,1411,268.0000,1.5290
1481,1416,340.0000,1.0900
1482,1382,268.0000,1.5290
1482,1452,268.0000,1.5290
1483,1482,340.0000,1.0900
1484,1409,337.0000,1.4490
1484,1422,317.0000,1.5220
1484,1476,268.0000,1.5290
1485,1384,340.0000,1.0900
1486,1472,340.0000,1.0900
1487,1350,268.0000,1.5290
1488,1357,268.0000,1.5290
1488,1474,340.0000,1.0900
1489,1487,340.0000,1.0900
1490,1435,490.0000,1.3350
1490,1449,570.0000,1.2290
1493,1446,337.0000,1.4490
1495,1441,570.0000,1.2290
1496,1493,434.0000,1.0100
1498,1412,340.0000,1.0900
1498,1470,320.0000,1.4100
1499,1407,434.0000,1.0100
1502,1408,481.0000,1.3400
1503,1476,340.0000,1.0900
1504,1437,337.0000,1.4490
1504,1447,490.0000,1.3350
1505,1413,340.0000,1.0900
1505,1481,268.0000,1.5290
1506,1405,340.0000,1.0900
1507,1440,570.0000,1.2290
1508,1401,268.0000,1.5290
1508,1475,340.0000,1.0900
1510,1497,570.0000,1.2290
1511,1455,340.0000,1.0900
1511,1472,268.0000,1.5290
1511,1492,340.0000,1.0900
1512,1402,317.0000,1.5220
1514,1431,340.0000,1.0900
1515,1451,340.0000,1.0900
1515,1465,268.0000,1.5290
1515,1510,317.0000,1.5220
1516,1454,434.0000,1.0100
1517,1426,490.0000,1.3350
1517,1506,337.0000,1.4490
1518,1452,340.0000,1.0900
1521,1465,340.0000,1.0900
1522,1433,553.0000,0.9450
1523,1425,340.0000,1.0900
1524,1493,490.0000,1.3350
1524,1519,570.0000,1.2290
1526,1498,340.0000,1.0900
1527,1502,434.0000,1.0100
1528,1374,222.0000,1.8100
1528,1525,340.0000,1.0900
1531,1437,268.0000,1.5290
1531,1501,340.0000,1.0900
1532,1447,317.0000,1.5220
1532,1458,268.0000,1.5290
1533,1445,570.0000,1.2290
1534,1442,317.0000,1.5220
1534,1464,337.0000,1.4490
1535,1414,268.0000,1.5290
1535,1530,340.0000,1.0900
1535,1531,268.0000,1.5290
1536,1467,434.0000,1.0100
1536,1512,490.0000,1.3350
1538,1488,340.0000,1.0900
1539,1510,490.0000,1.3350
1540,1476,340.0000,1.0900
1541,1438,570.0000,1.2290
1542,1423,570.0000,1.2290
1544,1458,320.0000,1.4100
1545,1539,434.0000,1.0100
1546,1471,268.0000,1.5290
1546,1491,340.0000,1.0900
1548,1443,490.0000,1.3350
1548,1547,434.0000,1.0100
1549,1487,337.0000,1.4490
1549,1529,434.0000,1.0100
1550,1450,317.0000,1.5220
1550,1520,340.0000,1.0900
1550,1539,337.0000,1.4490
1551,1470,553.0000,0.9450
1552,1472,268.0000,1.5290
1552,1509,340.0000,1.0900
1553,1502,434.0000,1.0100
1554,1487,317.0000,1.5220
1555,1459,434.0000,1.0100
1556,1471,268.0000,1.5290
1556,1499,337.0000,1.4490
1557,1453,340.0000,1.0900
1558,1457,570.0000,1.2290
1558,1556,317.0000,1.5220
1559,1488,320.0000,1.4100
1559,1500,553.0000,0.9450
1560,1552,340.0000,1.0900
1561,1534,340.0000,1.0900
1562,1537,434.0000,1.0100
1562,1554,490.0000,1.3350
1563,1546,340.0000,1.0900
1564,1446,317.0000,1.5220
1564,1543,570.0000,1.2290
1565,1461,340.0000,1.0900
1566,1460,340.0000,1.0900
1567,1494,340.0000,1.0900
1567,1508,268.0000,1.5290
1568,1528,340.0000,1.0900
1569,1448,570.0000,1.2290
1570,1481,340.0000,1.0900
1572,1505,337.0000,1.4490
1572,1541,490.0000,1.3350
1573,1554,570.0000,1.2290
1574,1499,490.0000,1.3350
1574,1506,317.0000,1.5220
1575,1477,337.0000,1.4490
1575,1524,317.0000,1.5220
1576,1506,268.0000,1.5290
1576,1522,320.0000,1.4100
1576,1557,268.0000,1.5290
1578,1567,340.0000,1.0900
1579,1575,340.0000,1.0900
1582,1484,340.0000,1.0900
1583,1508,340.0000,1.0900
1584,1544,553.0000,0.9450
1585,1490,317.0000,1.5220
1585,1562,337.0000,1.4490
1585,1571,340.0000,1.0900
1586,1512,570.0000,1.2290
1588,1557,340.0000,1.0900
1589,1532,337.0000,1.4490
1589,1542,490.0000,1.3350
1590,1528,340.0000,1.0900
1591,1505,317.0000,1.5220
1591,1555,490.0000,1.3350
1593,1504,434.0000,1.0100
1594,1557,340.0000,1.0900
1595,1468,317.0000,1.5220
1596,1532,340.0000,1.0900
1597,1513,434.0000,1.0100
1598,1482,320.0000,1.4100
1599,1498,268.0000,1.5290
1599,1587,340.0000,1.0900
1600,1517,434.0000,1.0100
1603,1536,337.0000,1.4490
1603,1541,317.0000,1.5220
1604,1597,434.0000,1.0100
1605,1542,317.0000,1.5220
1605,1555,337.0000,1.4490
1606,1599,337.0000,1.4490
1607,1548,434.0000,1.0100
1608,1531,340.0000,1.0900
1609,1598,553.0000,0.9450
1612,1546,340.0000,1.0900
1613,1577,340.0000,1.0900
1613,1580,340.0000,1.0900
1614,1606,434.0000,1.0100
1615,1595,570.0000,1.2290
1618,1515,337.0000,1.4490
1619,1549,490.0000,1.3350
1620,1552,340.0000,1.0900
1621,1556,340.0000,1.0900
1622,1572,434.0000,1.0100
1624,1618,434.0000,1.0100
1625,1511,268.0000,1.5290
1626,1534,268.0000,1.5290
1626,1611,340.0000,1.0900
1627,1535,268.0000,1.5290
1628,1581,340.0000,1.0900
1628,1605,268.0000,1.5290
1630,1627,340.0000,1.0900
1631,1627,340.0000,1.0900
1633,1623,570.0000,1.2290
1633,1625,317.0000,1.5220
1634,1558,490.0000,1.3350
1635,1595,490.0000,1.3350
1635,1617,434.0000,1.0100
1636,1619,570.0000,1.2290
1637,1576,340.0000,1.0900
1638,1606,490.0000,1.3350
1640,1592,340.0000,1.0900
1640,1603,268.0000,1.5290
1641,1574,570.0000,1.2290
1642,1564,490.0000,1.3350
1643,1550,268.0000,1.5290
1644,1602,340.0000,1.0900
1644,1634,337.0000,1.4490
1644,1638,317.0000,1.5220
1645,1589,434.0000,1.0100
1646,1597,490.0000,1.3350
1646,1628,317.0000,1.5220
1647,1567,317.0000,1.5220
1648,1642,434.0000,1.0100
1649,1638,570.0000,1.2290
1652,1603,340.0000,1.0900
1653,1601,434.0000,1.0100
1654,1643,340.0000,1.0900
1655,1633,490.0000,1.3350
1658,1616,434.0000,1.0100
1658,1625,337.0000,1.4490
1659,1610,340.0000,1.0900
1659,1613,268.0000,1.5290
1660,1643,340.0000,1.0900
1661,1613,340.0000,1.0900
1662,1575,268.0000,1.5290
1662,1650,340.0000,1.0900
1663,1655,434.0000,1.0100
1665,1625,340.0000,1.0900
1667,1591,570.0000,1.2290
1668,1605,340.0000,1.0900
1669,1626,340.0000,1.0900
1670,1619,317.0000,1.5220
1670,1639,340.0000,1.0900
1670,1655,337.0000,1.4490
1671,1585,268.0000,1.5290
1672,1647,570.0000,1.2290
1674,1640,340.0000,1.0900
1677,1599,317.0000,1.5220
1678,1628,340.0000,1.0900
1679,1626,317.0000,1.5100
1680,1632,340.0000,1.0900
1680,1651,340.0000,1.0900
1681,1671,340.0000,1.0900
1682,1627,340.0000,1.0900
1683,1629,340.0000,1.0900
1683,1653,337.0000,1.4490
1686,1656,367.0000,1.0800
1686,1679,469.0000,1.4000
1687,1618,490.0000,1.3350
1687,1685,570.0000,1.2290
1688,1634,434.0000,1.0100
1691,1643,340.0000,1.0900
1692,1677,656.0000,1.2500
1693,1662,340.0000,1.0900
1694,1657,553.0000,0.9450
1694,1671,320.0000,1.4100
1695,1653,490.0000,1.3350
1695,1659,317.0000,1.5220
1696,1640,268.0000,1.5290
1696,1664,340.0000,1.0900
1701,1647,490.0000,1.3350
1701,1684,434.0000,1.0100
1703,1680,337.0000,1.4490
1703,1702,434.0000,1.0100
1705,1675,340.0000,1.0900
1705,1689,340.0000,1.0900
1705,1690,340.0000,1.0900
1710,1662,317.0000,1.5220
1711,1659,337.0000,1.4490
1711,1707,434.0000,1.0100
1712,1696,340.0000,1.0900
1713,1635,337.0000,1.4490
1713,1709,340.0000,1.0900
1714,1642,337.0000,1.4490
1714,1704,340.0000,1.0900
1716,1646,570.0000,1.2290
1717,1679,469.0000,1.4000
1717,1708,367.0000,1.0800
1718,1683,340.0000,1.0900
1719,1676,570.0000,1.2290
1719,1713,317.0000,1.5220
1720,1710,656.0000,1.2500
1722,1666,340.0000,1.0900
1723,1686,469.0000,1.4000
1726,1671,268.0000,1.5290
1726,1715,340.0000,1.0900
1726,1724,340.0000,1.0900
1727,1723,367.0000,1.0800
1728,1673,434.0000,1.0100
1729,1677,656.0000,1.2500
1730,1658,490.0000,1.3350
1731,1644,268.0000,1.5290
1731,1725,340.0000,1.0900
1733,1722,340.0000,1.0900
1735,1683,317.0000,1.5220
1737,1714,317.0000,1.5220
1737,1734,570.0000,1.2290
1741,1697,570.0000,1.2290
1742,1737,490.0000,1.3350
1742,1740,434.0000,1.0100
1743,1735,570.0000,1.2290
1744,1680,317.0000,1.5220
1744,1728,490.0000,1.3350
1746,1703,490.0000,1.3350
1747,1699,340.0000,1.0900
1747,1730,317.0000,1.5220
1748,1731,340.0000,1.0900
1749,1722,340.0000,1.0900
1753,1701,434.0000,1.0100
1755,1670,268.0000,1.5290
1756,1746,570.0000,1.2290
1757,1698,340.0000,1.0900
1758,1717,469.0000,1.4000
1760,1735,490.0000,1.3350
1760,1745,434.0000,1.0100
1761,1695,570.0000,1.2290
1763,1687,317.0000,1.5220
1763,1742,337.0000,1.4490
1764,1711,490.0000,1.3350
1765,1723,469.0000,1.4000
1765,1758,469.0000,1.4000
1766,1700,570.0000,1.2290
1767,1764,570.0000,1.2290
1768,1755,340.0000,1.0900
1769,1722,268.0000,1.5290
1769,1736,340.0000,1.0900
1769,1757,268.0000,1.5290
1770,1710,656.0000,1.2500
1771,1741,490.0000,1.3350
1771,1747,337.0000,1.4490
1774,1696,317.0000,1.5220
1775,1721,434.0000,1.0100
1777,1719,490.0000,1.3350
1778,1706,570.0000,1.2290
1780,1739,340.0000,1.0900
1780,1750,340.0000,1.0900
1781,1780,340.0000,1.0900
1783,1713,268.0000,1.5290
1783,1776,340.0000,1.0900
1784,1755,340.0000,1.0900
1785,1741,317.0000,1.5220
1785,1757,268.0000,1.5290
1785,1775,337.0000,1.4490
1787,1758,367.0000,1.0800
1789,1714,268.0000,1.5290
1789,1772,340.0000,1.0900
1790,1730,570.0000,1.2290
1791,1738,553.0000,0.9450
1791,1783,320.0000,1.4100
1792,1728,337.0000,1.4490
1792,1766,317.0000,1.5220
1793,1757,340.0000,1.0900
1794,1726,340.0000,1.0900
1795,1792,340.0000,1.0900
1796,1731,320.0000,1.4100
1799,1746,317.0000,1.5220
1799,1777,337.0000,1.4490
1799,1788,340.0000,1.0900
1800,1755,320.0000,1.4100
1800,1786,553.0000,0.9450
1801,1732,340.0000,1.0900
1802,1705,268.0000,1.5290
1803,1773,434.0000,1.0100
1803,1774,490.0000,1.3350
1804,1754,340.0000,1.0900
1804,1763,268.0000,1.5290
1805,1789,340.0000,1.0900
1807,1765,450.0000,1.3640
1807,1779,553.0000,0.9450
1808,1752,340.0000,1.0900
1808,1782,340.0000,1.0900
1809,1763,340.0000,1.0900
1811,1774,570.0000,1.2290
1812,1771,434.0000,1.0100
1813,1759,570.0000,1.2290
1814,1777,434.0000,1.0100
1815,1762,434.0000,1.0100
1817,1744,570.0000,1.2290
1818,1751,340.0000,1.0900
1819,1760,337.0000,1.4490
1819,1778,317.0000,1.5220
1820,1804,340.0000,1.0900
1821,1796,553.0000,0.9450
1823,1747,268.0000,1.5290
1823,1808,268.0000,1.5290
1825,1778,490.0000,1.3350
1825,1801,337.0000,1.4490
1826,1775,490.0000,1.3350
1826,1801,317.0000,1.5220
1827,1764,317.0000,1.5220
1827,1798,340.0000,1.0900
1829,1766,490.0000,1.3350
1829,1818,337.0000,1.4490
1830,1797,340.0000,1.0900
1830,1802,268.0000,1.5290
1830,1810,340.0000,1.0900
1831,1802,340.0000,1.0900
1833,1823,340.0000,1.0900
1834,1802,268.0000,1.5290
1834,1813,317.0000,1.5220
1834,1815,337.0000,1.4490
1835,1806,434.0000,1.0100
1835,1824,434.0000,1.0100
1836,1801,268.0000,1.5290
1836,1816,340.0000,1.0900
1836,1822,340.0000,1.0900
1837,1828,434.0000,1.0100
1837,1832,434.0000,1.0100
1838,1783,340.0000,1.0900
1839,1819,340.0000,1.0900
1840,1789,340.0000,1.0900
1841,1813,490.0000,1.3350
1841,1827,337.0000,1.4490
1844,1785,340.0000,1.0900
1845,1815,490.0000,1.3350
1845,1818,317.0000,1.5220
1846,1792,340.0000,1.0900
1847,1803,434.0000,1.0100
1849,1769,268.0000,1.5290
1850,1837,481.0000,1.3400
1853,1799,340.0000,1.0900
1854,1849,340.0000,1.0900
1855,1780,268.0000,1.5290
1856,1848,434.0000,1.0100
1856,1850,481.0000,1.3400
1857,1842,434.0000,1.0100
1857,1850,481.0000,1.3400
1858,1819,340.0000,1.0900
1860,1818,268.0000,1.5290
1860,1843,340.0000,1.0900
1860,1855,268.0000,1.5290
1861,1835,490.0000,1.3350
1862,1841,434.0000,1.0100
1863,1823,340.0000,1.0900
1864,1804,268.0000,1.5290
1864,1851,340.0000,1.0900
1865,1825,434.0000,1.0100
1867,1861,570.0000,1.2290
1868,1829,434.0000,1.0100
1869,1808,268.0000,1.5290
1869,1856,337.0000,1.4630
1870,1857,434.0000,1.0100
1871,1855,340.0000,1.0900
1872,1849,340.0000,1.0900
1873,1826,570.0000,1.2290
1874,1830,340.0000,1.0900
1875,1849,340.0000,1.0900
1876,1852,340.0000,1.0900
1876,1861,317.0000,1.5220
1877,1834,340.0000,1.0900
1878,1869,340.0000,1.0900
1880,1827,268.0000,1.5290
1880,1876,268.0000,1.5290
1882,1845,570.0000,1.2290
1883,1864,340.0000,1.0900
1884,1864,268.0000,1.5290
1884,1866,340.0000,1.0900
1885,1859,434.0000,1.0100
1885,1879,434.0000,1.0100
1886,1836,320.0000,1.4100
1887,1855,268.0000,1.5290
1887,1881,340.0000,1.0900
1888,1880,340.0000,1.0900
1889,1887,340.0000,1.0900
1890,1860,340.0000,1.0900
1891,1869,340.0000,1.0900
1892,1886,553.0000,0.9450
1893,1880,340.0000,1.0900
1894,1885,434.0000,1.0100
1895,1884,340.0000,1.0900
1896,1876,340.0000,1.0900
1897,1884,268.0000,1.5290
1897,1885,367.0000,1.4710
1898,1887,340.0000,1.0900
1899,1897,340.0000,1.0900
1900,1897,340.0000,1.0900
