ID,neighbours IDs
0,1
1,3,0
2,4
3,8,4,1
4,3,9,2
5,11
6,11
7,8
8,13,3,7
9,4,14,10
10,9
11,21,6,12,5
12,11
13,14,8,18
14,23,13,9
15,19
16,19
17,23
18,13
19,21,16,15,27
20,25
21,25,11,19,26
22,23
23,40,14,22,17
24,25
25,46,21,24,20
26,21
27,19
28,38
29,39
30,31
31,38,34,30
32,52
33,45
34,31
35,37
36,38
37,45,35
38,69,31,36,28
39,59,29
40,47,56,23,42
41,47
42,40
43,60
44,45
45,82,37,33,44
46,64,54,25,49
47,40,66,41
48,56
49,46
50,74
51,72
52,68,61,32
53,54
54,46,53,65
55,73
56,40,48,86
57,68
58,64
59,60,92,39
60,93,59,43
61,52
62,77
63,94
64,46,104,58
65,73,54,67
66,73,81,47
67,65
68,122,57,52
69,77,106,38,75
70,101
71,105
72,111,51,80
73,65,66,124,55
74,98,84,50,76
75,69
76,74
77,69,89,62
78,108
79,114
80,72
81,66
82,115,89,45,91
83,98
84,74
85,116
86,127,56,97
87,98
88,129
89,82,110,77
90,92
91,82
92,59,137,90
93,141,60,95
94,130,108,63,100
95,93
96,123
97,86
98,161,74,87,83
99,106
100,94
101,149,111,70
102,145
103,139
104,147,121,64
105,123,143,113,71
106,69,99,160
107,150
108,94,132,78,136
109,144
110,89
111,101,72,162
112,115
113,105
114,127,116,142,79
115,82,135,112
116,114,85
117,151
118,123
119,130
120,158
121,104
122,155,68,134,140
123,199,105,96,118
124,73,181,128,126
125,139,164
126,124
127,86,190,114,133
128,124
129,144,149,88,157
130,147,94,119,176
131,135
132,147,108,154
133,127
134,122
135,155,131,115
136,108
137,92,141,172
138,183
139,158,125,173,103
140,122
141,203,93,137
142,114
143,105,192,146
144,150,129,188,109
145,155,185,102
146,143
147,132,104,130,198
148,165
149,129,101,156,194
150,206,154,144,107
151,177,170,117
152,205
153,170
154,150,184,132
155,145,135,122,208
156,149
157,129
158,209,185,139,120
159,177
160,217,106,167
161,195,98,178,187
162,111,204,169
163,179
164,125
165,179,197,148
166,195
167,160
168,200
169,162
170,151,225,153
171,181
172,137
173,139
174,216
175,195
176,130
177,229,151,159
178,161
179,211,165,163
180,183
181,124,255,171,182
182,181
183,247,197,180,138
184,154
185,158,254,145
186,219
187,161
188,144
189,203
190,127,191,252
191,190
192,143
193,230
194,149
195,283,161,175,166
196,246
197,183,220,165
198,147
199,200,239,123,214
200,199,235,168
201,237
202,218
203,219,141,248,189
204,162
205,287,152,206
206,150,205,258
207,265
208,155
209,158,216,241
210,217
211,234,179,222
212,271
213,262
214,199
215,257
216,292,174,209
217,160,218,307,210
218,217,202,238
219,238,314,203,186
220,197,234,245
221,294
222,211,227
223,277
224,286
225,170,261,253
226,264
227,222
228,278
229,261,290,177
230,247,193,296
231,289
232,279
233,284
234,220,211,272
235,246,285,200
236,318
237,308,239,201
238,219,218,269
239,199,303,237
240,297
241,209
242,252
243,263
244,284
245,220
246,312,235,297,196
247,257,230,183,317
248,203
249,271
250,335
251,309
252,343,190,242
253,225
254,185
255,181,275,256,319
256,255
257,247,329,215
258,206
259,324
260,275
261,344,229,225
262,278,331,213
263,358,243,266
264,309,328,226
265,289,349,207
266,263
267,321
268,330
269,238
270,339
271,355,321,249,212
272,234
273,333
274,365
275,255,302,260
276,359
277,364,223,312
278,373,262,228
279,308,232,320
280,292
281,374
282,313
283,342,195,298,323
284,385,322,233,244
285,235
286,287,290,363,224
287,300,205,286,360
288,368
289,398,265,231
290,286,372,229
291,300
292,296,216,412,280
293,379
294,308,384,295,221
295,294
296,292,388,230
297,246,355,367,240
298,283
299,324
300,287,334,291
301,391
302,275,327,315
303,239
304,342
305,307
306,314
307,217,331,305,382
308,237,279,294,393
309,411,264,251,337
310,395
311,330
312,246,277,380
313,353,322,282
314,219,306,416
315,302,316,341
316,315
317,247
318,320,381,368,236
319,255
320,318,279,376
321,271,339,403,267
322,284,370,313
323,283
324,408,347,299,259
325,358
326,349
327,302,346,345
328,264
329,343,387,257
330,429,311,268
331,307,422,262
332,364
333,385,381,273
334,342,352,300
335,430,354,250
336,383
337,309
338,386
339,321,405,369,270
340,386
341,315
342,458,334,283,304
343,252,329,441,371
344,372,261,389
345,327
346,327
347,324
348,353
349,265,453,326
350,397
351,364
352,334
353,392,313,348
354,335
355,297,271,418,394
356,404
357,434
358,463,263,325,366
359,427,406,276
360,287
361,388
362,408
363,286
364,472,277,332,351
365,428,406,274
366,358
367,297
368,318,439,288,401
369,339
370,322,399,377
371,343
372,290,344,425
373,433,278,383
374,384,397,281,424
375,384
376,320
377,370
378,443
379,411,440,293
380,312
381,318,455,333
382,307
383,373,336
384,294,374,375,462
385,333,464,284,423
386,391,338,340,460
387,329
388,438,296,361,445
389,344
390,436
391,454,440,386,301
392,399,353,415
393,308
394,355
395,436,404,446,310
396,471
397,374,469,350
398,473,289,419
399,370,392,426
400,430
401,368
402,428
403,321
404,395,356
405,339
406,359,497,365
407,439
408,490,324,362,420
409,474
410,438
411,379,459,309,467
412,292,438,413,465
413,412
414,416
415,392
416,507,314,414
417,427
418,355
419,398
420,408
421,485
422,331,433,470
423,385
424,374
425,372
426,399
427,514,359,417
428,528,365,402
429,487,452,330
430,515,335,400,457
431,499
432,441
433,422,373,483
434,436,357,512
435,466
436,537,434,395,390
437,464
438,412,388,410,517
439,368,479,493,407
440,391,530,379
441,343,541,447,432
442,488
443,522,378,454
444,520
445,388
446,395
447,441
448,487
449,463
450,471
451,477
452,429
453,531,473,349
454,391,443,505
455,381
456,506
457,430
458,342,488,496
459,411,495,466
460,386
461,524
462,384
463,532,502,358,449
464,385,437,551
465,412
466,527,459,435
467,411
468,480
469,397,480,510
470,422
471,538,396,450,491
472,364,521,494
473,453,398,546
474,522,502,409
475,490
476,521
477,515,526,451
478,503
479,439,543,513
480,469,468,549
481,489
482,506
483,433
484,531
485,527,489,540,421
486,510
487,554,429,544,448
488,610,442,458
489,485,481
490,600,408,475,525
491,471
492,574
493,439
494,472
495,459
496,458
497,406,514,569
498,538
499,553,511,535,431
500,550
501,507
502,463,598,474
503,565,539,478
504,581
505,454
506,623,508,482,456
507,416,576,565,501
508,506
509,554
510,469,486,577
511,499
512,524,434,585
513,479
514,618,427,497
515,477,597,430,555
516,527
517,438
518,536
519,605
520,553,557,444,542
521,640,476,472
522,474,443,607,564
523,611
524,512,526,627,461
525,490
526,524,578,477
527,466,650,485,516
528,569,428,583
529,553
530,440
531,620,453,567,484
532,463,550,591
533,616
534,604
535,499
536,559,518
537,436,606,558
538,655,547,471,498
539,503
540,485
541,441,570,614
542,520
543,479
544,487
545,562
546,473
547,538,580
548,613
549,480
550,661,500,532
551,639,464,568
552,576
553,499,689,520,529
554,574,487,509,633
555,515
556,581
557,520
558,537
559,562,590,536
560,565
561,612
562,593,559,545
563,607
564,522
565,507,503,560,651
566,573
567,531
568,551
569,497,528,654
570,541
571,649
572,597
573,613,566
574,638,637,554,492
575,612
576,507,552,645
577,510
578,526
579,631
580,547
581,691,504,599,556
582,596
583,528
584,606
585,512
586,647
587,590
588,624
589,620
590,559,609,587
591,532
592,600
593,608,562,594
594,593
595,665
596,631,582
597,515,572,677
598,502
599,581
600,612,490,592,669
601,632
602,664
603,618
604,646,637,534
605,646,519,667
606,736,584,537
607,522,727,563,630
608,627,593,609
609,590,608,622
610,624,488,708,619
611,646,636,648,523
612,746,600,575,561
613,647,573,548,690
614,541
615,686
616,709,533,638
617,626
618,705,514,603,663
619,610
620,706,698,531,589
621,634
622,609
623,626,675,506,692
624,610,693,588
625,631
626,623,644,617
627,524,608,700,659
628,726
629,639
630,607
631,768,596,579,625
632,728,601
633,554
634,639,621,652
635,641
636,611
637,574,738,604
638,574,616,729
639,551,634,771,629
640,667,521,724,680
641,655,635,660
642,718
643,665
644,664,670,626
645,705,576,673
646,604,605,611,748
647,678,769,613,586
648,611
649,709,698,571
650,527,733,686
651,565
652,664,634,653
653,652
654,569
655,737,641,538,695
656,741
657,735
658,765
659,627
660,661,641,684
661,660,550,777,683
662,759
663,618
664,652,644,793,602
665,697,775,643,595
666,731
667,640,785,605
668,762
669,600
670,644
671,724
672,755
673,645
674,678
675,623,688,710
676,728
677,750,597,682
678,647,712,674
679,743
680,640
681,761
682,677
683,661
684,660
685,743
686,810,650,615
687,691
688,675
689,553,751,731
690,613
691,798,693,581,687
692,623
693,691,749,624
694,737
695,655
696,782
697,665,723,721
698,620,799,649
699,708
700,627
701,773
702,722
703,790
704,710
705,645,828,618,714
706,620,718,772
707,786
708,610,699,800,720
709,649,616,802,760
710,756,675,704
711,770
712,756,716,678
713,740
714,705
715,756
716,712
717,757
718,816,642,706
719,723
720,708
721,697
722,757,702
723,750,719,697
724,640,827,671,742
725,803
726,805,628,744
727,607,821,735
728,820,632,676,763
729,638
730,754,784
731,849,689,666
732,750
733,650
734,776
735,841,727,657
736,778,606,757,794
737,655,844,694
738,637
739,831
740,758,754,713
741,746,830,656
742,724
743,802,826,685,679
744,726
745,813
746,741,819,612,787
747,758
748,646
749,693
750,677,723,882,732
751,689
752,759
753,839
754,740,792,730
755,845,769,672
756,710,712,889,715
757,736,722,717,851
758,795,740,747
759,834,797,662,752
760,709
761,777,681
762,826,805,668
763,728
764,785
765,803,818,658,788
766,818
767,777
768,773,838,631,811
769,647,860,755
770,816,775,711
771,639,875,782,780
772,706
773,768,857,701
774,858
775,665,829,770
776,820,734,778
777,661,761,893,767
778,736,776,796
779,832
780,771
781,782
782,771,853,781,696
783,786
784,730
785,827,667,764,843
786,876,783,809,707
787,746
788,765
789,847
790,847,838,703
791,813
792,754,814,808
793,664,804,807,862
794,736
795,813,758,814
796,778
797,759
798,691,856,822
799,698
800,708
801,819
802,709,743,854,861
803,896,765,824,725
804,793
805,762,726,911
806,832
807,793
808,792
809,786
810,686,830,834,866
811,768
812,868
813,929,795,745,791
814,792,795,836
815,821
816,770,718,918,837
817,878
818,765,766,925
819,746,801,912
820,868,776,728,886
821,727,926,815
822,798
823,871
824,803
825,856
826,743,762,884,881
827,724,785,869,892
828,705,864,894
829,775
830,810,935,741
831,871,846,879,739
832,845,954,806,779
833,895
834,810,839,759,922
835,876
836,814
837,816
838,768,952,790
839,834,872,898,753
840,895
841,944,735,852
842,913
843,785
844,909,905,737
845,755,857,832,934
846,831
847,790,916,910,789
848,949
849,731,878,871,907
850,915
851,757
852,841
853,782
854,802
855,927
856,961,825,798
857,845,947,773
858,909,916,774
859,894
860,769
861,802
862,793
863,968
864,828
865,953
866,810
867,896
868,820,976,812
869,827
870,970
871,849,998,831,823
872,839
873,937
874,919
875,771,958,877,888
876,957,786,923,835
877,875
878,849,817,974
879,831
880,939
881,826
882,750,919,900,931
883,946
884,826
885,915
886,820
887,956
888,875
889,756,937,964,903
890,973
891,978
892,827
893,777,963,902,908
894,991,828,859
895,979,833,840,950
896,999,913,803,867
897,909
898,839
899,927
900,882
901,957
902,893
903,889
904,918
905,844
906,919,1005
907,849
908,893
909,858,844,897,994
910,847
911,805,971,945
912,988,819,932
913,896,842,1004
914,956
915,1018,938,885,850
916,847,1012,858
917,996
918,816,1023,904,942
919,882,906,874,1008
920,967
921,980
922,834
923,876
924,964
925,818
926,821,944,997
927,995,855,899,981
928,979
929,946,939,813,992
930,977
931,882
932,912
933,937
934,845
935,830
936,967
937,889,1047,933,873
938,915
939,929,880,983
940,961
941,1026
942,918
943,995
944,926,841,1032
945,911
946,929,1025,883
947,857
948,1006
949,1002,977,967,848
950,895
951,1020
952,838
953,1014,865,969
954,832,980,1035
955,988
956,1063,960,914,887
957,1062,876,901,972
958,875
959,964
960,956
961,983,856,1057,940
962,977
963,893
964,889,1038,924,959
965,1028
966,1015
967,949,920,1050,936
968,1002,863,1037
969,953
970,991,870,1056
971,911
972,957
973,1002,1029,890
974,1015,878,1016
975,978
976,1006,1041,868
977,949,930,962,1068
978,1060,891,975,993
979,1051,1029,895,928
980,954,1090,921
981,927
982,1005
983,961,939,1007
984,1039
985,1055
986,1070
987,1074
988,912,1109,1013,955
989,999
990,1083
991,894,970,1021,1054
992,929
993,978
994,909
995,1102,927,1039,943
996,1077,1014,917
997,926
998,871,1010,1024,1048
999,896,1106,989
1000,1034
1001,1076
1002,973,968,949,1111
1003,1069
1004,1028,913,1065
1005,906,1011,1103,982
1006,1130,976,1018,948
1007,983
1008,919
1009,1092
1010,998
1011,1005
1012,916
1013,988
1014,996,953,1139
1015,974,1118,1112,966
1016,974
1017,1058
1018,1006,1076,915,1100
1019,1072
1020,1037,1025,1137,951
1021,991
1022,1094
1023,918,1072,1128
1024,998
1025,1020,1129,946
1026,1148,941,1051
1027,1060
1028,1004,1110,1133,965
1029,979,1161,973
1030,1077
1031,1032
1032,944,1031
1033,1057
1034,1097,1040,1000
1035,1141,954,1069
1036,1112
1037,1020,968,1149
1038,964
1039,995,984,1121,1098
1040,1034
1041,976
1042,1150
1043,1070
1044,1102
1045,1119
1046,1135
1047,937,1079,1053,1127
1048,998
1049,1062
1050,967
1051,979,1026,1162
1052,1170
1053,1047
1054,991
1055,1056,1058,1186,985
1056,1055,970,1152
1057,961,1123,1033,1153
1058,1055,1017,1113
1059,1146
1060,1206,1063,978,1027
1061,1114
1062,1117,957,1140,1049
1063,1060,956,1108,1143
1064,1117
1065,1004
1066,1117
1067,1189
1068,977
1069,1035,1185,1003
1070,1135,1159,986,1043
1071,1180
1072,1023,1192,1019
1073,1166
1074,1133,987,1168
1075,1095
1076,1018,1155,1001,1156
1077,1083,996,1174,1030
1078,1125
1079,1047
1080,1160
1081,1132
1082,1155
1083,1165,1077,1138,990
1084,1119
1085,1105
1086,1177
1087,1097
1088,1159
1089,1171
1090,980,1141,1120
1091,1194
1092,1201,1109,1009
1093,1179
1094,1182,1118,1022
1095,1116,1105,1075
1096,1198
1097,1172,1087,1034
1098,1039
1099,1165
1100,1018
1101,1196
1102,1182,995,1044,1169
1103,1005
1104,1160
1105,1095,1124,1085
1106,1215,1115,999
1107,1116,1131
1108,1063
1109,988,1204,1092
1110,1028,1154,1114
1111,1002
1112,1015,1171,1036,1181
1113,1119,1058,1145
1114,1148,1110,1061
1115,1106
1116,1134,1095,1107
1117,1255,1062,1064,1066
1118,1015,1197,1094
1119,1113,1252,1084,1045
1120,1090
1121,1039
1122,1214
1123,1057,1199
1124,1137,1142,1105
1125,1132,1178,1078
1126,1172
1127,1047
1128,1223,1023,1146
1129,1025
1130,1006,1150,1207
1131,1107
1132,1184,1125,1081
1133,1028,1074,1219,1163
1134,1142,1116,1144
1135,1222,1070,1176,1046
1136,1137
1137,1020,1124,1225,1136
1138,1083
1139,1014,1211,1158
1140,1062
1141,1090,1035,1247
1142,1124,1134,1167
1143,1063
1144,1134
1145,1113
1146,1128,1245,1059
1147,1203
1148,1114,1026,1166,1227
1149,1037
1150,1278,1042,1130
1151,1208
1152,1056
1153,1057
1154,1110
1155,1076,1175,1228,1082
1156,1076
1157,1233
1158,1139
1159,1070,1188,1088,1216
1160,1256,1104,1187,1080
1161,1029
1162,1051
1163,1133
1164,1208
1165,1201,1083,1099,1240
1166,1148,1266,1177,1073
1167,1142
1168,1074
1169,1102
1170,1238,1178,1052,1191
1171,1112,1267,1209,1089
1172,1186,1097,1126,1262
1173,1179
1174,1077
1175,1155
1176,1135
1177,1166,1212,1086,1243
1178,1170,1232,1125
1179,1283,1173,1093
1180,1246,1071,1210,1195
1181,1112
1182,1094,1253,1102,1244
1183,1184
1184,1234,1132,1183
1185,1069,1273,1202
1186,1055,1172,1263,1218
1187,1160
1188,1159
1189,1272,1235,1067
1190,1222
1191,1170
1192,1072,1223,1239
1193,1279
1194,1215,1271,1091,1217
1195,1180
1196,1238,1268,1101
1197,1118
1198,1246,1096,1236,1221
1199,1123
1200,1292
1201,1092,1268,1165,1269
1202,1185
1203,1206,1282,1147
1204,1109
1205,1275
1206,1203,1257,1060,1265
1207,1130
1208,1256,1164,1151,1280
1209,1171
1210,1180
1211,1139
1212,1177
1213,1253
1214,1238,1122,1286
1215,1250,1106,1194,1289
1216,1159
1217,1194
1218,1186
1219,1133
1220,1246
1221,1198
1222,1233,1135,1190,1300
1223,1192,1128,1310
1224,1293
1225,1137
1226,1284
1227,1148
1228,1155
1229,1272
1230,1271
1231,1233
1232,1178,1234,1274
1233,1326,1222,1231,1157
1234,1232,1184,1276
1235,1189
1236,1198
1237,1266
1238,1196,1214,1170,1321
1239,1192
1240,1165
1241,1257
1242,1297
1243,1177
1244,1182
1245,1146,1317,1248
1246,1371,1198,1180,1220
1247,1273,1141,1299
1248,1245
1249,1264
1250,1215,1275,1264
1251,1293
1252,1119,1305,1284
1253,1182,1213,1336
1254,1298
1255,1298,1264,1117,1295
1256,1315,1160,1208,1303
1257,1206,1241,1308
1258,1333
1259,1328
1260,1272
1261,1291
1262,1172
1263,1186
1264,1255,1249,1250
1265,1206
1266,1166,1237
1267,1171,1277,1313
1268,1201,1362,1196
1269,1201
1270,1315
1271,1194,1275,1230,1344
1272,1388,1189,1229,1260
1273,1185,1247,1329
1274,1232
1275,1271,1250,1205,1345
1276,1234
1277,1267
1278,1291,1150,1297,1322
1279,1286,1282,1366,1193
1280,1208
1281,1350,1343
1282,1279,1353,1203
1283,1379,1285,1179
1284,1382,1252,1226
1285,1283
1286,1279,1214,1341
1287,1368
1288,1352
1289,1215
1290,1334
1291,1278,1318,1261
1292,1297,1347,1200,1316
1293,1365,1251,1224,1327
1294,1346
1295,1255
1296,1338
1297,1278,1292,1375,1242
1298,1255,1403,1254
1299,1247
1300,1222
1301,1357
1302,1350
1303,1256
1304,1347
1305,1252
1306,1334
1307,1398
1308,1357,1257,1324
1309,1404
1310,1317,1223,1378
1311,1313
1312,1365
1313,1267,1311,1372
1314,1325
1315,1402,1256,1270,1367
1316,1292
1317,1245,1310,1395
1318,1328,1349,1291
1319,1426
1320,1334
1321,1238
1322,1278
1323,1326
1324,1308
1325,1326,1358,1314
1326,1325,1441,1233,1323
1327,1293
1328,1399,1318,1377,1259
1329,1273
1330,1414
1331,1411
1332,1355
1333,1384,1338,1387,1258
1334,1472,1306,1290,1320
1335,1384
1336,1401,1253,1369
1337,1400
1338,1333,1296,1391
1339,1401
1340,1447
1341,1286
1342,1409
1343,1281
1344,1271
1345,1275
1346,1347,1408,1294
1347,1292,1346,1436,1304
1348,1350
1349,1318
1350,1487,1281,1302,1348
1351,1443
1352,1382,1288,1394
1353,1282
1354,1379
1355,1476,1332
1356,1402
1357,1308,1358,1488,1301
1358,1357,1383,1325
1359,1437
1360,1366
1361,1366
1362,1268
1363,1419
1364,1452
1365,1435,1445,1293,1312
1366,1279,1360,1361,1456
1367,1315
1368,1394,1448,1384,1287
1369,1336
1370,1431
1371,1427,1430,1246,1397
1372,1313
1373,1465
1374,1411,1528
1375,1297
1376,1425
1377,1328
1378,1310
1379,1446,1283,1439,1354
1380,1442
1381,1458
1382,1284,1352,1482,1415
1383,1358
1384,1368,1333,1335,1485
1385,1471
1386,1425
1387,1333
1388,1468,1272,1396,1424
1389,1446
1390,1431
1391,1338,1434,1393
1392,1422
1393,1391
1394,1368,1352,1463
1395,1317
1396,1388
1397,1371
1398,1461,1448,1307
1399,1328,1422,1420
1400,1408,1337,1444
1401,1336,1440,1508,1339
1402,1454,1512,1315,1356
1403,1437,1479,1298
1404,1461,1460,1425,1309
1405,1506
1406,1458
1407,1499
1408,1346,1400,1502
1409,1484,1445,1342
1410,1414
1411,1481,1374,1331,1480
1412,1498
1413,1505
1414,1535,1418,1410,1330
1415,1382
1416,1481
1417,1450
1418,1414
1419,1468,1440,1363
1420,1399
1421,1460
1422,1484,1392,1399
1423,1542
1424,1388
1425,1404,1376,1523,1386
1426,1461,1319,1517
1427,1371,1450,1473
1428,1477
1429,1460
1430,1371,1469,1464
1431,1471,1390,1514,1370
1432,1464
1433,1522
1434,1391
1435,1365,1490,1478
1436,1347
1437,1504,1403,1531,1359
1438,1541
1439,1379
1440,1401,1507,1419
1441,1326,1495,1477
1442,1534,1380,1454
1443,1465,1351,1548
1444,1400
1445,1365,1533,1409
1446,1493,1564,1379,1389
1447,1532,1340,1504
1448,1368,1569,1398
1449,1490
1450,1550,1417,1427
1451,1515
1452,1482,1518,1364,1462
1453,1557
1454,1402,1442,1516
1455,1511
1456,1366
1457,1558
1458,1532,1544,1381,1406
1459,1555
1460,1404,1421,1429,1566
1461,1398,1426,1404,1565
1462,1452
1463,1394
1464,1534,1430,1432
1465,1515,1443,1521,1373
1466,1468
1467,1536
1468,1419,1595,1388,1466
1469,1430
1470,1498,1551
1471,1556,1546,1431,1385
1472,1511,1334,1552,1486
1473,1427
1474,1488
1475,1508
1476,1484,1355,1540,1503
1477,1575,1441,1428
1478,1435
1479,1403
1480,1411
1481,1505,1411,1570,1416
1482,1382,1598,1452,1483
1483,1482
1484,1409,1422,1476,1582
1485,1384
1486,1472
1487,1549,1554,1350,1489
1488,1357,1559,1538,1474
1489,1487
1490,1585,1449,1435
1491,1546
1492,1511
1493,1446,1524,1496
1494,1567
1495,1441
1496,1493
1497,1510
1498,1599,1470,1412,1526
1499,1556,1574,1407
1500,1559
1501,1531
1502,1408,1527,1553
1503,1476
1504,1437,1447,1593
1505,1572,1591,1481,1413
1506,1517,1574,1576,1405
1507,1440
1508,1401,1567,1475,1583
1509,1552
1510,1515,1497,1539
1511,1625,1472,1455,1492
1512,1402,1586,1536
1513,1597
1514,1431
1515,1618,1510,1465,1451
1516,1454
1517,1506,1426,1600
1518,1452
1519,1524
1520,1550
1521,1465
1522,1576,1433
1523,1425
1524,1575,1519,1493
1525,1528
1526,1498
1527,1502
1528,1374,1525,1590,1568
1529,1549
1530,1535
1531,1437,1535,1608,1501
1532,1589,1447,1458,1596
1533,1445
1534,1464,1442,1626,1561
1535,1531,1627,1414,1530
1536,1603,1512,1467
1537,1562
1538,1488
1539,1550,1510,1545
1540,1476
1541,1603,1438,1572
1542,1605,1423,1589
1543,1564
1544,1458,1584
1545,1539
1546,1471,1491,1563,1612
1547,1548
1548,1443,1607,1547
1549,1487,1619,1529
1550,1539,1450,1643,1520
1551,1470
1552,1472,1509,1560,1620
1553,1502
1554,1487,1573,1562
1555,1605,1591,1459
1556,1499,1558,1471,1621
1557,1576,1594,1588,1453
1558,1556,1457,1634
1559,1488,1500
1560,1552
1561,1534
1562,1585,1554,1537
1563,1546
1564,1446,1543,1642
1565,1461
1566,1460
1567,1508,1647,1578,1494
1568,1528
1569,1448
1570,1481
1571,1585
1572,1505,1541,1622
1573,1554
1574,1506,1641,1499
1575,1477,1524,1662,1579
1576,1506,1522,1557,1637
1577,1613
1578,1567
1579,1575
1580,1613
1581,1628
1582,1484
1583,1508
1584,1544
1585,1562,1490,1671,1571
1586,1512
1587,1599
1588,1557
1589,1532,1542,1645
1590,1528
1591,1505,1667,1555
1592,1640
1593,1504
1594,1557
1595,1468,1615,1635
1596,1532
1597,1646,1513,1604
1598,1482,1609
1599,1606,1677,1498,1587
1600,1517
1601,1653
1602,1644
1603,1536,1541,1640,1652
1604,1597
1605,1555,1542,1628,1668
1606,1599,1638,1614
1607,1548
1608,1531
1609,1598
1610,1659
1611,1626
1612,1546
1613,1659,1577,1580,1661
1614,1606
1615,1595
1616,1658
1617,1635
1618,1515,1687,1624
1619,1670,1636,1549
1620,1552
1621,1556
1622,1572
1623,1633
1624,1618
1625,1658,1633,1511,1665
1626,1534,1679,1611,1669
1627,1535,1631,1682,1630
1628,1605,1646,1581,1678
1629,1683
1630,1627
1631,1627
1632,1680
1633,1625,1623,1655
1634,1644,1558,1688
1635,1713,1595,1617
1636,1619
1637,1576
1638,1644,1649,1606
1639,1670
1640,1603,1696,1674,1592
1641,1574
1642,1714,1564,1648
1643,1550,1654,1691,1660
1644,1634,1638,1731,1602
1645,1589
1646,1628,1716,1597
1647,1567,1672,1701
1648,1642
1649,1638
1650,1662
1651,1680
1652,1603
1653,1683,1695,1601
1654,1643
1655,1670,1633,1663
1656,1686
1657,1694
1658,1625,1730,1616
1659,1711,1695,1613,1610
1660,1643
1661,1613
1662,1575,1710,1693,1650
1663,1655
1664,1696
1665,1625
1666,1722
1667,1591
1668,1605
1669,1626
1670,1655,1619,1755,1639
1671,1585,1694,1726,1681
1672,1647
1673,1728
1674,1640
1675,1705
1676,1719
1677,1599,1729,1692
1678,1628
1679,1626,1717,1686
1680,1703,1744,1651,1632
1681,1671
1682,1627
1683,1653,1735,1629,1718
1684,1701
1685,1687
1686,1723,1679,1656
1687,1763,1685,1618
1688,1634
1689,1705
1690,1705
1691,1643
1692,1677
1693,1662
1694,1671,1657
1695,1659,1761,1653
1696,1640,1774,1712,1664
1697,1741
1698,1757
1699,1747
1700,1766
1701,1647,1684,1753
1702,1703
1703,1680,1746,1702
1704,1714
1705,1802,1689,1690,1675
1706,1778
1707,1711
1708,1717
1709,1713
1710,1662,1720,1770
1711,1659,1764,1707
1712,1696
1713,1635,1719,1783,1709
1714,1642,1737,1789,1704
1715,1726
1716,1646
1717,1679,1758,1708
1718,1683
1719,1713,1676,1777
1720,1710
1721,1775
1722,1769,1733,1749,1666
1723,1765,1686,1727
1724,1726
1725,1731
1726,1671,1794,1715,1724
1727,1723
1728,1792,1744,1673
1729,1677
1730,1747,1790,1658
1731,1644,1796,1748,1725
1732,1801
1733,1722
1734,1737
1735,1683,1743,1760
1736,1769
1737,1714,1734,1742
1738,1791
1739,1780
1740,1742
1741,1785,1697,1771
1742,1763,1737,1740
1743,1735
1744,1680,1817,1728
1745,1760
1746,1799,1756,1703
1747,1771,1730,1823,1699
1748,1731
1749,1722
1750,1780
1751,1818
1752,1808
1753,1701
1754,1804
1755,1670,1800,1784,1768
1756,1746
1757,1785,1769,1793,1698
1758,1717,1765,1787
1759,1813
1760,1819,1735,1745
1761,1695
1762,1815
1763,1742,1687,1804,1809
1764,1827,1767,1711
1765,1758,1723,1807
1766,1792,1700,1829
1767,1764
1768,1755
1769,1757,1849,1722,1736
1770,1710
1771,1747,1741,1812
1772,1789
1773,1803
1774,1696,1811,1803
1775,1785,1826,1721
1776,1783
1777,1799,1719,1814
1778,1819,1706,1825
1779,1807
1780,1855,1781,1739,1750
1781,1780
1782,1808
1783,1713,1791,1838,1776
1784,1755
1785,1775,1741,1757,1844
1786,1800
1787,1758
1788,1799
1789,1714,1840,1772,1805
1790,1730
1791,1783,1738
1792,1728,1766,1795,1846
1793,1757
1794,1726
1795,1792
1796,1731,1821
1797,1830
1798,1827
1799,1777,1746,1853,1788
1800,1755,1786
1801,1825,1826,1836,1732
1802,1834,1705,1830,1831
1803,1774,1773,1847
1804,1763,1864,1754,1820
1805,1789
1806,1835
1807,1765,1779
1808,1823,1869,1782,1752
1809,1763
1810,1830
1811,1774
1812,1771
1813,1834,1759,1841
1814,1777
1815,1834,1845,1762
1816,1836
1817,1744
1818,1829,1845,1860,1751
1819,1760,1778,1858,1839
1820,1804
1821,1796
1822,1836
1823,1747,1808,1833,1863
1824,1835
1825,1801,1778,1865
1826,1801,1873,1775
1827,1841,1764,1880,1798
1828,1837
1829,1818,1766,1868
1830,1802,1810,1797,1874
1831,1802
1832,1837
1833,1823
1834,1815,1813,1802,1877
1835,1861,1824,1806
1836,1801,1886,1822,1816
1837,1850,1832,1828
1838,1783
1839,1819
1840,1789
1841,1827,1813,1862
1842,1857
1843,1860
1844,1785
1845,1818,1882,1815
1846,1792
1847,1803
1848,1856
1849,1769,1854,1872,1875
1850,1856,1837,1857
1851,1864
1852,1876
1853,1799
1854,1849
1855,1860,1780,1887,1871
1856,1869,1850,1848
1857,1850,1870,1842
1858,1819
1859,1885
1860,1818,1855,1843,1890
1861,1876,1867,1835
1862,1841
1863,1823
1864,1804,1884,1883,1851
1865,1825
1866,1884
1867,1861
1868,1829
1869,1808,1856,1878,1891
1870,1857
1871,1855
1872,1849
1873,1826
1874,1830
1875,1849
1876,1880,1861,1896,1852
1877,1834
1878,1869
1879,1885
1880,1827,1876,1893,1888
1881,1887
1882,1845
1883,1864
1884,1864,1897,1866,1895
1885,1897,1859,1879,1894
1886,1836,1892
1887,1855,1889,1881,1898
1888,1880
1889,1887
1890,1860
1891,1869
1892,1886
1893,1880
1894,1885
1895,1884
1896,1876
1897,1884,1885,1900,1899
1898,1887
1899,1897
1900,1897
