ID,three bonds apart neighbours IDs
0,8,4
1,9,2,13,7
2,8,1,14,10
3,14,10,14,18
4,0,13,7,23,13
5,25,19,26
6,25,19,26
7,4,1,14,18
8,0,9,2,23,9
9,8,1,8,18,40,22,17
10,3,2,23,13
11,16,15,27,46,24,20
12,25,19,26
13,4,1,4,10,40,22,17
14,3,2,3,7,47,56,42
15,25,11,26
16,25,11,26
17,13,9,47,56,42
18,3,7,23,9
19,6,12,5,46,24,20
20,11,19,26,64,54,49
21,64,54,49
22,13,9,47,56,42
23,4,10,8,18,66,41,48,86
24,11,19,26,64,54,49
25,6,12,5,16,15,27,53,65,104,58
26,6,12,5,16,15,27,46,24,20
27,25,11,26
28,34,30,77,106,75
29,60,92
30,69,36,28
31,77,106,75
32,122,57
33,35,115,89,91
34,69,36,28
35,82,33,44
36,34,30,77,106,75
37,115,89,91
38,89,62,99,160
39,93,43,137,90
40,13,9,73,81,127,97
41,56,23,42,73,81
42,14,22,17,66,41,48,86
43,92,39,141,95
44,35,115,89,91
45,110,77,135,112
46,11,19,26,73,67,147,121
47,14,22,17,48,86,65,124,55
48,47,23,42,127,97
49,21,24,20,53,65,104,58
50,161,87,83
51,101,162
52,155,134,140
53,64,25,49,73,67
54,21,24,20,104,58,66,124,55
55,54,67,81,47,181,128,126
56,14,22,17,66,41,190,114,133
57,61,32,155,134,140
58,54,25,49,147,121
59,141,95,141,172
60,29,137,90,203,137
61,122,57
62,106,38,75,82,110
63,132,78,136,147,119,176
64,21,24,20,53,65,132,130,198
65,64,25,49,81,47,181,128,126
66,56,23,42,54,67,181,128,126
67,46,53,66,124,55
68,145,135,208
69,34,30,82,110,217,167
70,72,162,129,156,194
71,199,96,118,192,146
72,149,70,204,169
73,40,41,46,53,255,171,182
74,195,178,187
75,31,36,28,89,62,99,160
76,161,87,83
77,31,36,28,115,45,91,99,160
78,130,63,100,147,154
79,85,86,190,133
80,101,162
81,40,41,65,124,55
82,35,69,62,155,131
83,84,50,76,195,178,187
84,161,87,83
85,127,142,79
86,47,23,42,116,142,79,191,252
87,84,50,76,195,178,187
88,150,188,109,101,156,194
89,37,33,44,106,38,75,135,112
90,60,39,141,172
91,37,33,44,110,77,135,112
92,29,93,43,203,93
93,92,39,92,172,219,248,189
94,154,104,198
95,59,43,203,137
96,143,113,71,200,239,214
97,40,48,190,114,133
98,283,175,166
99,77,38,75,217,167
100,132,78,136,147,119,176
101,51,80,144,88,157,204,169
102,135,122,208,158,254
103,164,209,185,120
104,54,25,49,94,119,176,108,154
105,200,239,214
106,31,36,28,89,62,218,307,210
107,129,188,109,184,132,205,258
108,119,176,104,198,150,184
109,149,88,157,206,154,107
110,69,62,115,45,91
111,129,156,194
112,89,45,91,155,131
113,199,96,118,192,146
114,56,97,191,252
115,37,33,44,110,77,145,122,208
116,86,190,133
117,225,153,229,159
118,143,113,71,200,239,214
119,108,63,100,132,104,198
120,125,173,103,254,145,216,241
121,46,58,132,130,198
122,61,32,131,115,185,102
123,192,146,235,168,303,237
124,54,67,81,47,275,256,319
125,209,185,120
126,65,66,55,255,171,182
127,40,48,85,343,242
128,65,66,55,255,171,182
129,111,70,206,154,107
130,121,64,78,136,154
131,82,112,145,122,208
132,63,100,121,64,119,176,206,144,107
133,56,97,116,142,79,191,252
134,57,52,145,135,208
135,89,45,91,68,134,140,185,102
136,130,63,100,147,154
137,60,39,60,95,219,248,189
138,220,165,257,230,317
139,254,145,216,241
140,57,52,145,135,208
141,59,43,59,90,238,314,186
142,85,86,190,133
143,199,96,118
144,101,156,194,184,132,205,258
145,68,134,140,131,115,209,139,120
146,123,113,71
147,46,58,63,100,78,136,150,184
148,211,163,183,220
149,72,162,150,188,109
150,149,88,157,147,108,287,152
151,261,253,261,290
152,150,258,300,286,360
153,177,117,261,253
154,94,78,136,129,188,109,104,130,198,205,258
155,57,52,82,112,158,254
156,111,70,144,88,157
157,150,188,109,101,156,194
158,164,155,102,292,174
159,170,117,261,290
160,77,38,75,202,238,331,305,382
161,84,50,76,342,298,323
162,51,80,149,70
163,197,148,234,222
164,158,173,103
165,247,180,138,234,222,234,245
166,98,178,187,342,298,323
167,69,99,218,307,210
168,239,123,214,246,285
169,101,72
170,229,159,344,229
171,73,128,126,275,256,319
172,59,90,203,93
173,164,209,185,120
174,158,241,296,412,280
175,98,178,187,342,298,323
176,108,63,100,132,104,198
177,225,153,344,225,286,372
178,74,87,83,283,175,166
179,183,220,227,220,272
180,220,165,257,230,317
181,65,66,55,302,260
182,73,128,126,275,256,319
183,179,148,234,245,193,296,329,215
184,147,108,206,144,107
185,125,173,103,135,122,208,216,241
186,141,248,189,218,269,306,416
187,74,87,83,283,175,166
188,149,88,157,206,154,107
189,93,137,238,314,186
190,56,97,116,142,79,329,441,371
191,86,114,133,343,242
192,123,113,71
193,257,183,317,292,388
194,111,70,144,88,157
195,74,87,83,458,334,304
196,285,200,355,367,240,277,380
197,211,163,211,272,257,230,317
198,121,64,94,119,176,108,154
199,143,113,71,246,285,308,201
200,105,96,118,303,237,312,297,196
201,199,303,279,294,393
202,160,307,210,219,269
203,60,95,92,172,218,269,306,416
204,101,72
205,154,144,107,290,363,224,334,291
206,129,188,109,184,132,300,286,360
207,398,231,453,326
208,68,134,140,131,115,185,102
209,125,173,103,254,145,296,412,280
210,106,167,202,238,331,305,382
211,197,148,197,245
212,339,403,267,297,418,394
213,373,228,307,422
214,105,96,118,235,168,303,237
215,230,183,317,343,387
216,185,139,120,388,230,438,413,465
217,69,99,219,269,422,262
218,106,167,314,203,186,331,305,382
219,93,137,217,202,507,414
220,179,148,247,180,138,179,222
221,237,279,393,374,375,462
222,165,163,220,272
223,246,380,472,332,351
224,300,205,360,372,229
225,177,117,290,177,372,389
226,411,251,337
227,234,179
228,331,213,433,383
229,170,117,170,253,287,363,224,389,425
230,197,180,138,329,215,216,412,280,438,361,445
231,349,207,473,419
232,237,294,393,318,376
233,370,313,333,464,423
234,165,163,183,165,227
235,239,123,214,355,367,240,277,380
236,279,376,439,288,401,455,333
237,200,123,214,232,320,384,295,221
238,141,248,189,160,307,210,306,416
239,105,96,118,235,168,279,294,393
240,312,235,196,271,418,394
241,185,139,120,292,174
242,127,191,329,441,371
243,463,325,366
244,370,313,333,464,423
245,183,165,211,272
246,199,168,364,223,271,418,394
247,220,165,292,388,343,387
248,93,137,238,314,186
249,339,403,267,297,418,394
250,515,400,457
251,328,226,379,459,467
252,86,114,133,387,257,541,447,432
253,151,153,344,229
254,155,102,209,139,120
255,73,128,126,327,315
256,124,171,182,302,260
257,197,180,138,193,296,252,441,371
258,154,144,107,287,152
259,490,362,420
260,181,256,319,327,315
261,151,153,151,159,286,425
262,217,305,382,433,383,433,470
263,532,502,449
264,379,459,467
265,473,419,531,473
266,463,325,366
267,355,249,212,405,369,270
268,487,452
269,217,202,314,203,186
270,271,403,267
271,246,367,240,405,369,270
272,179,222,197,245
273,318,455,464,284,423
274,359,497,528,402
275,124,171,182,316,341,346,345
276,497,365,514,417
277,235,297,196,521,494
278,307,422,336,422,483
279,239,201,384,295,221,381,368,236
280,174,209,388,230,438,413,465
281,294,375,462,469,350
282,284,370,392,348
283,98,178,187,352,300,488,496
284,353,282,381,273,399,377,437,551
285,199,168,312,297,196
286,152,206,261,177,334,291,344,425
287,150,258,372,229,342,352
288,320,381,236,479,493,407
289,453,326,453,546
290,151,159,225,300,205,360,389
291,205,286,360,342,352
292,158,241,247,193,361,445,410,517
293,459,309,467,391,530
294,239,201,232,320,397,281,424
295,237,279,393,374,375,462
296,174,209,257,183,317,413,465,410,517
297,285,200,321,249,212,277,380
298,161,175,166,458,334,304
299,490,362,420
300,152,206,290,363,224,458,283,304
301,338,340,460,530,379,443,505
302,181,256,319
303,200,123,214,308,201
304,195,298,323,352,300,488,496
305,160,218,210,422,262
306,238,203,186,507,414
307,106,167,202,238,278,213,433,470
308,199,303,318,376,374,375,462
309,440,293,495,466
310,356,537,434,390
311,487,452
312,285,200,355,367,240,472,332,351
313,385,233,244,399,377,399,415
314,141,248,189,218,269,576,565,501
315,255,260,346,345
316,275,327
317,197,180,138,193,296,329,215
318,308,232,385,273,479,493,407
319,124,171,182,302,260
320,237,294,393,439,288,401,455,333
321,297,418,394
322,392,348,333,464,423,392,426
323,161,175,166,458,334,304
324,600,475,525
325,243,266,532,502,449
326,289,207,531,473
327,255,260,316,341
328,411,251,337
329,230,183,317,190,242,541,447,432
330,554,544,448
331,160,218,210,373,228,373,483
332,223,312,521,494
333,322,233,244,320,368,236,437,551
334,195,298,323,205,286,360,488,496
335,477,597,555
336,433,278
337,328,226,379,459,467
338,454,440,301
339,355,249,212
340,454,440,301
341,275,327
342,161,175,166,287,291,610,442
343,127,191,247,215,570,614
344,170,253,177,286
345,275,315
346,275,315
347,490,362,420
348,322,282,399,415
349,398,231,398,546,620,567,484
350,384,281,424,480,510
351,223,312,521,494
352,287,291,458,283,304
353,284,370,370,426
354,515,400,457
355,312,235,196,339,403,267
356,436,446,310
357,537,395,390,524,585
358,598,474,550,591
359,428,274,569,618
360,152,206,290,363,224,334,291
361,292,230,412,410,517
362,347,299,259,600,475,525
363,300,205,360,372,229
364,246,380,640,476
365,427,276,514,569,569,583
366,243,266,532,502,449
367,312,235,196,271,418,394
368,279,376,455,333,543,513
369,271,403,267
370,385,233,244,353,282,353,415
371,190,242,387,257,541,447,432
372,177,225,287,363,224
373,331,213,331,470
374,308,295,221,480,510
375,308,295,221,397,281,424
376,308,232,381,368,236
377,284,313,392,426
378,391,505,474,607,564
379,264,251,337,454,386,301,495,466
380,235,297,196,364,223
381,279,376,439,288,401,464,284,423
382,160,218,210,422,262
383,262,228,422,483
384,237,279,393,469,350
385,370,313,318,455,639,568
386,530,379,443,505
387,247,215,252,441,371
388,247,193,216,280,413,465
389,229,225,290,425
390,404,446,310,357,512,606,558
391,411,293,522,378
392,322,282,322,377
393,239,201,232,320,384,295,221
394,321,249,212,246,367,240
395,357,512,606,558
396,655,547,498
397,294,375,462,468,549,486,577
398,349,207,531,349
399,284,313,313,348
400,354,250,477,597,555
401,320,381,236,479,493,407
402,406,274,569,583
403,355,249,212,405,369,270
404,537,434,390
405,271,403,267
406,417,528,402,618,528,654
407,318,288,401,543,513
408,612,592,669
409,463,598,443,607,564
410,296,361,445,292,413,465
411,328,226,391,530,527,435
412,174,209,230,361,445
413,296,216,280,388,410,517
414,219,306,576,565,501
415,313,348,370,426
416,238,203,186,503,560,651,552,645
417,406,276,618,497
418,321,249,212,246,367,240
419,265,231,453,546
420,347,299,259,600,475,525
421,481,466,650,516
422,278,213,217,305,382,278,383
423,322,233,244,381,273,437,551
424,294,375,462,469,350
425,286,229,261,389
426,322,377,353,415
427,365,569,705,603,663
428,359,497,497,654
429,574,509,633
430,526,451,572,677
431,689,520,529
432,252,329,371,570,614
433,262,228,307,262,336
434,404,446,310,526,627,461,606,558
435,411,495,650,485,516
436,356,524,585,736,584
437,333,284,423,639,568
438,216,280,230
439,320,381,236
440,338,340,460,459,309,467,443,505
441,190,242,387,257
442,342,496,624,708,619
443,440,386,301,502,409,727,563,630
444,499,689,529
445,292,230,412,410,517
446,356,537,434,390
447,252,329,371,570,614
448,452,330,574,509,633
449,263,325,366,598,474,550,591
450,655,547,498
451,597,430,555,524,578
452,311,268,554,544,448
453,289,207,289,419,706,698,589
454,338,340,460,530,379,474,607,564
455,320,368,236,385,273
456,626,675,692
457,354,250,477,597,555
458,195,298,323,352,300,624,708,619
459,264,251,337,440,293,650,485,516
460,454,440,301
461,434,585,578,477,608,700,659
462,308,295,221,397,281,424
463,243,266,522,409,661,500
464,322,233,244,381,273,634,771,629
465,296,216,280,388,410,517
466,379,309,467,489,540,421,733,686
467,264,251,337,440,293,495,466
468,397,510
469,384,281,424
470,307,262,373,483
471,580,737,641,695
472,223,312,667,724,680
473,265,231,265,326,620,567,484
474,378,454,532,358,449,727,563,630
475,324,362,420,612,592,669
476,364,494,667,724,680
477,335,400,457,512,627,461,572,677
478,507,560,651
479,318,288,401
480,374,350,486,577
481,527,540,421
482,626,675,692
483,278,383,331,470
484,473,349,706,698,589
485,459,435,733,686
486,397,480
487,311,268,638,637,492
488,334,283,304,693,588,699,800,720
489,466,650,516
490,347,299,259,746,575,561
491,655,547,498
492,487,509,633,738,604,616,729
493,318,288,401,543,513
494,277,332,351,640,476
495,379,309,467,527,435
496,334,283,304,610,442
497,276,428,274,417,428,583,705,603,663
498,396,450,491,580,737,641,695
499,557,444,542,751,731
500,463,591,660,777,683
501,314,414,503,560,651,552,645
502,263,325,366,443,607,564,550,591
503,416,576,501
504,798,693,687
505,440,386,301,522,378
506,644,617,688,710
507,219,306,539,478,705,673
508,626,675,692
509,429,544,448,638,637,492
510,374,350,468,549
511,689,520,529
512,537,395,390,578,477,608,700,659
513,368,493,407
514,276,365,528,654,645,828,714
515,354,250,524,578,750,682
516,459,435,489,540,421,733,686
517,296,361,445,292,413,465
518,562,590
519,604,611,748,640,785
520,511,535,431,751,731
521,277,332,351,785,605,827,671,742
522,391,505,463,598,821,735
523,604,605,748
524,436,357,515,451,593,609
525,324,362,420,612,592,669
526,434,585,597,430,555,608,700,659
527,411,495,481,810,615
528,406,274,406,514
529,511,535,431,557,444,542,751,731
530,411,293,454,386,301
531,265,326,398,546,799,649,718,772
532,263,325,366,598,474,660,777,683
533,574,729,649,802,760
534,574,738,605,611,748
535,689,520,529
536,593,545,609,587
537,404,446,310,357,512,778,757,794
538,635,660,844,694
539,507,560,651
540,481,466,650,516
541,252,329,371
542,499,689,529
543,368,493,407
544,452,330,574,509,633
545,590,536,608,594
546,289,419,531,349
547,396,450,491,737,641,695
548,566,678,769,586
549,397,510
550,502,358,449,641,684,761,893,767
551,333,284,423,621,652,875,782,780
552,416,565,501,705,673
553,849,666
554,452,330,738,604,616,729
555,335,400,457,526,451,572,677
556,798,693,687
557,499,689,529
558,434,395,390,736,584
559,608,594,608,622
560,539,478,416,576,501
561,490,592,669,741,819,787
562,518,609,587,627,609
563,474,443,564,821,735
564,378,454,502,409,727,563,630
565,314,414,552,645
566,647,548,690
567,473,349,706,698,589
568,385,437,634,771,629
569,359,365,365,402,618,427
570,343,447,432
571,620,799,616,802,760
572,477,430,555,750,682
573,678,769,586
574,429,544,448,646,534,709,533
575,490,592,669,741,819,787
576,314,414,503,560,651,828,618,714
577,397,480
578,515,451,512,627,461
579,582,773,838,811
580,655,471,498
581,749,624,856,822
582,768,579,625
583,365,402,497,654
584,436,558,778,757,794
585,436,357,526,627,461
586,573,548,690,712,674,860,755
587,562,536,608,622
588,488,708,619,691,749
589,453,567,484,799,649,718,772
590,518,593,545,627,593
591,502,358,449,661,500
592,408,475,525,746,575,561
593,590,536,590,622,524,700,659
594,559,545,627,609
595,723,721,829,770
596,773,838,811
597,335,400,457,526,451,723,882,732
598,532,358,449,522,409
599,798,693,687
600,324,362,420,741,819,787
601,820,676,763
602,670,626,634,653,804,807,862
603,427,497,645,828,714
604,638,554,492,519,667,636,648,523
605,637,534,636,648,523,521,724,680,827,764,843
606,434,395,390,722,717,851,776,796
607,378,454,502,409,841,657,926,815
608,512,526,461,559,545,559,587
609,562,536,562,594,524,700,659
610,342,496,691,749
611,637,534,519,667
612,408,475,525,830,656,801,912
613,712,674,860,755
614,343,447,432
615,527,733,830,834,866
616,637,554,492,698,571,743,854,861
617,675,506,692,664,670
618,359,417,406,569,576,673,864,894
619,442,458,693,588,699,800,720
620,473,349,709,571,816,642
621,551,771,629,664,653
622,559,587,627,593
623,664,670,756,704
624,442,458,798,581,687,699,800,720
625,582,773,838,811
626,508,482,456,652,793,602,688,710
627,434,585,578,477,562,594,590,622
628,762,911
629,464,568,621,652,875,782,780
630,474,443,564,821,735
631,857,701,952,790
632,868,776,886
633,429,544,448,638,637,492
634,464,568,644,793,602,875,782,780
635,737,538,695,661,684
636,604,605,748
637,487,509,633,616,729,605,611,748
638,487,509,633,738,604,649,802,760
639,385,437,664,653,853,781,696,958,877,888
640,364,494,646,519,764,843,869,892
641,547,471,498,550,777,683,844,694
642,620,772,770,918,837
643,723,721,829,770
644,675,506,692,634,653,804,807,862
645,416,565,501,514,603,663,864,894
646,574,738,640,785
647,566,756,716,845,672
648,604,605,748
649,533,638,706,531,589,743,854,861
650,459,435,489,540,421,830,834,866
651,539,478,416,576,501
652,551,771,629,670,626,804,807,862
653,639,621,644,793,602
654,406,514,428,583
655,396,450,491,580,661,684,909,905
656,819,612,787,810,935
657,607,821,944,852
658,896,824,725,766,925
659,512,526,461,593,609
660,500,532,737,538,695,761,893,767
661,463,591,655,635,681,963,902,908
662,810,839,922
663,427,497,645,828,714
664,623,617,639,621
665,750,719,816,711
666,553,751,878,871,907
667,476,472,604,611,748,671,742,869,892
668,726,911,743,884,881
669,408,475,525,746,575,561
670,623,617,652,793,602
671,667,521,680,785,869,892
672,647,860,857,832,934
673,507,552,828,618,714
674,769,613,586,756,716
675,508,482,456,644,617,712,889,715
676,601,868,776,886
677,477,430,555,719,697,919,900,931
678,573,548,690,710,889,715,860,755
679,709,854,861,762,884,881
680,476,472,785,605,827,671,742
681,661,893,767
682,515,572,723,882,732
683,500,532,641,684,761,893,767
684,655,635,550,777,683
685,709,854,861,762,884,881
686,466,485,516,935,741,839,759,922
687,504,599,556,749,624,856,822
688,626,506,692,756,704
689,511,535,431,557,444,542,878,871,907
690,566,678,769,586
691,610,588,961,825
692,508,482,456,644,617,688,710
693,504,599,556,488,708,619,856,822
694,641,538,695,909,905
695,547,471,498,635,660,844,694
696,639,875,780
697,677,882,732,829,770
698,453,567,484,718,772,616,802,760
699,624,488,619
700,512,526,461,593,609
701,838,631,811,845,947
702,736,717,851
703,768,952,916,910,789
704,623,688,712,889,715
705,427,497,507,552,991,859
706,453,567,484,799,649,770,918,837
707,957,923,835
708,442,458,693,588
709,574,729,620,799,826,685,679
710,626,506,692,716,678,937,964,903
711,665,829,718,918,837
712,769,613,586,675,704,937,964,903
713,792,730,795,747
714,514,603,663,576,673,864,894
715,675,704,716,678,937,964,903
716,647,674,710,889,715
717,702,778,606,794
718,698,531,589,775,711,1023,904,942
719,665,721,677,882,732
720,624,488,619
721,775,643,595,750,719
722,778,606,794
723,775,643,595,597,682,919,900,931
724,476,472,605,764,843
725,818,658,788,999,913,867
726,826,668,971,945
727,474,443,564,944,852,944,997
728,734,778,976,812
729,637,554,492,709,533
730,758,713,814,808
731,499,520,529,998,831,823,817,974
732,597,682,719,697,919,900,931
733,466,485,516,810,615
734,736,796,868,728,886
735,522,563,630,926,815,926,1032
736,436,558,702,820,734
737,547,471,498,635,660,858,897,994
738,638,554,492,646,534
739,849,998,823
740,784,814,808,813,814
741,600,575,561,686,834,866,801,912
742,667,521,680,785,869,892
743,649,616,760,805,668
744,762,911
745,758,814,946,939,992
746,490,592,669,810,935,988,932
747,754,713,813,814
748,637,534,519,667,636,648,523
749,610,588,798,581,687
750,515,572,665,721,906,874,1008
751,499,520,529,849,666
752,810,839,922
753,810,759,922
754,795,747,795,836
755,678,613,586,954,806,779,947,773
756,623,688,647,674,1047,933,873,1038,924,959
757,584,537,776,796
758,792,730,929,745,791,792,836
759,686,830,866,872,898,753
760,533,638,698,571,743,854,861
761,660,550,683,963,902,908
762,628,744,802,685,679,971,945
763,601,868,776,886
764,640,605,724,869,892
765,999,913,867
766,803,658,788
767,660,550,683,681,963,902,908
768,582,847,703,845,947
769,573,548,690,712,674,857,832,934
770,697,643,595,642,706,1023,904,942
771,464,568,621,652
772,698,531,589,816,642
773,596,579,625,952,790,755,832,934
774,844,897,994,847,1012
775,723,721,718,918,837
776,632,676,763,606,757,794,976,812
777,500,532,641,684
778,584,537,722,717,851,868,728,886
779,755,857,934,980,1035
780,551,634,629,853,781,696,958,877,888
781,639,875,780
782,551,634,629,958,877,888
783,957,923,835
784,740,792
785,646,519,521,680,671,742
786,1062,901,972
787,600,575,561,830,656,801,912
788,896,824,725,766,925
789,838,703,1012,858
790,773,631,811,1012,858
791,758,814,946,939,992
792,784,758,713,813,758
793,670,626,634,653
794,584,537,722,717,851,776,796
795,754,713,754,808,946,939,992
796,606,757,794,820,734
797,810,839,922
798,504,599,556,749,624,983,1057,940
799,706,531,589,709,571
800,624,488,619
801,741,612,787,988,932
802,533,638,698,571,762,884,881
803,766,925,842,1004,1106,989
804,652,644,602
805,743,884,881
806,755,857,934,980,1035
807,652,644,602
808,740,730,795,836
809,957,923,835
810,527,733,746,656,797,662,752,872,898,753
811,596,579,625,857,701,952,790
812,776,728,886,1006,1041
813,740,747,792,836,880,983,1025,883
814,740,730,740,747,929,745,791
815,607,735,944,997
816,620,772,665,829,1072,1128
817,731,871,907,1015,1016
818,896,824,725
819,600,575,561,830,656,1109,1013,955
820,601,736,796,1006,1041
821,522,563,630,841,657,841,1032
822,693,581,687,961,825
823,846,879,739,731,878,907,1010,1024,1048
824,818,658,788,999,913,867
825,691,822,983,1057,940
826,709,854,861,726,911
827,521,680,605
828,514,603,663,576,673,970,1021,1054
829,697,643,595,816,711
830,650,615,819,612,787,839,759,922
831,731,878,907,1010,1024,1048
832,769,672,947,773,1090,921,1141,1069
833,1051,1029,928
834,650,615,935,741
835,783,809,707,1062,901,972
836,754,808,813,758
837,642,706,775,711,1023,904,942
838,596,579,625,857,701,916,910,789
839,797,662,752,686,830,866
840,1051,1029,928
841,607,821,821,997,1031
842,999,803,867,1028,1065
843,640,605,724,869,892
844,641,538,695,916,774
845,647,860,768,701,980,1035
846,849,998,823
847,768,952,909,774
848,920,1050,936,930,962,1068,973,968,1111
849,553,751,846,879,739,1015,1016,1010,1024,1048
850,1006,1076,1100
851,702,778,606,794
852,727,657,926,1032
853,639,875,780
854,649,616,760,826,685,679
855,1102,1039,943
856,693,581,687,939,1007,1123,1033,1153
857,769,672,838,631,811,954,806,779
858,905,737,790,910,789
859,705,864,970,1021,1054
860,678,613,586,845,672
861,649,616,760,826,685,679
862,652,644,602
863,973,949,1111,1020,1149
864,645,618,714,991,859
865,996,1139
866,650,615,935,741,839,759,922
867,765,824,725,842,1004,1106,989
868,632,676,763,734,778,1130,1018,948
869,640,671,742,667,764,843
870,894,1021,1054,1055,1152
871,689,666,817,974
872,810,759,922
873,756,964,903,1079,1053,1127
874,750,900,931,1005
875,551,634,629,853,781,696
876,1117,1140,1049
877,639,782,780
878,689,666,998,831,823,1118,1112,966
879,849,998,823
880,946,813,992,961,1007
881,802,685,679,805,668
882,597,682,719,697,1005
883,939,813,992,1020,1129
884,802,685,679,805,668
885,1006,1076,1100
886,632,676,763,734,778,976,812
887,1060,1108,1143
888,639,782,780
889,675,704,716,678,1079,1053,1127
890,968,949,1111,979,1161
891,1206,1063,1027
892,640,671,742,667,764,843
893,660,550,683,681
894,645,618,714,870,1056
895,1161,973,1026,1162
896,818,658,788,1028,1065,1215,1115
897,905,737,916,774
898,810,759,922
899,1102,1039,943
900,677,723,732,906,874,1008
901,786,923,835,1117,1140,1049
902,661,761,767
903,710,712,715,1047,933,873,1038,924,959
904,770,718,837,1072,1128
905,655,694,858,897,994
906,750,900,931
907,689,666,998,831,823,817,974
908,661,761,767
909,655,694,847,1012
910,838,703,1012,858
911,628,744,826,668
912,741,612,787,1204,1092
913,765,824,725,1106,989,1110,1133,965
914,1060,1108,1143
915,1130,976,948,1155,1001,1156
916,838,703,844,897,994
917,953,1139,1083,1174,1030
918,642,706,775,711,1192,1019,1223,1146
919,677,723,732,1011,1103,982
920,1002,977,848
921,832,1035,1141,1120
922,797,662,752,686,830,866,872,898,753
923,783,809,707,1062,901,972
924,756,937,903
925,803,658,788
926,607,735,735,852,1031
927,984,1121,1098,1182,1044,1169
928,833,840,950,1161,973,1026,1162
929,758,814,961,1007,1020,1129
930,1002,967,848
931,677,723,732,906,874,1008
932,746,801,1109,1013,955
933,756,964,903,1079,1053,1127
934,769,672,954,806,779,947,773
935,746,656,686,834,866
936,1002,977,848
937,710,712,715,1038,924,959
938,1006,1076,1100
939,795,745,791,1025,883,856,1057,940
940,825,798,939,1007,1123,1033,1153
941,979,1162,1114,1166,1227
942,770,718,837,1072,1128
943,855,899,981,984,1121,1098,1182,1044,1169
944,727,657,727,815
945,762,726
946,795,745,791,880,983,1037,1137,951
947,768,701,755,832,934
948,1041,868,1076,915,1100,1150,1207
949,863,1037,1029,890
950,1051,1029,928
951,1129,946,968,1149,1124,1225,1136
952,773,631,811,847,703
953,1077,917,1211,1158
954,755,857,934,1185,1003,1120,1247
955,819,932,1204,1092
956,1206,978,1027
957,783,809,707,1255,1064,1066
958,639,782,780
959,756,937,903
960,1060,1108,1143
961,691,822,929,880,1199
962,1002,967,848
963,661,761,767
964,710,712,715,1047,933,873
965,913,1065,1154,1114,1074,1219,1163
966,878,1016,1171,1036,1181,1197,1094
967,930,962,1068,973,968,1111
968,977,967,848,1029,890,1025,1137,951
969,996,1139
970,828,859,1058,1186,985
971,762,726
972,786,923,835,1117,1140,1049
973,977,967,848,863,1037,1051,895,928
974,731,871,907,1171,1036,1181,1197,1094
975,1206,1063,1027
976,776,728,886,1076,915,1100,1150,1207
977,920,1050,936,973,968,1111
978,956,1108,1143,1203,1257,1265
979,1002,890,1148,941
980,845,806,779,1069,1247
981,1102,1039,943
982,919
983,825,798,946,813,992,1123,1033,1153
984,1102,927,943
985,970,1152,1017,1113,1172,1263,1218
986,1222,1176,1046,1188,1088,1216
987,1028,1219,1163
988,746,801,1201,1009
989,913,803,867,1215,1115
990,996,1174,1030,1201,1099,1240
991,705,864,1055,1152
992,795,745,791,880,983,1025,883
993,1206,1063,1027
994,905,737,916,774
995,1094,1253,1244
996,865,969,1165,1138,990,1211,1158
997,727,815,841,1032
998,846,879,739,731,878,907
999,765,824,725,842,1004,1250,1194,1289
1000,1172,1087
1001,1006,915,1100,1175,1228,1082
1002,920,1050,936,930,962,1068,979,1161,1020,1149
1003,1141,954,1273,1202
1004,999,803,867,1154,1114,1074,1219,1163
1005,882,874,1008
1006,820,812,938,885,850,1155,1001,1156,1278,1042
1007,929,880,856,1057,940
1008,750,900,931,1005
1009,988,1204,1268,1165,1269
1010,849,831,823
1011,919
1012,790,910,789,909,774
1013,819,932,1204,1092
1014,1083,1174,1030
1015,849,817,1182,1022,1267,1209,1089
1016,849,817,1118,1112,966
1017,1056,1186,985,1119,1145
1018,1041,868,1150,1207,1175,1228,1082
1019,918,1128,1223,1239
1020,929,883,1002,863,1142,1105
1021,828,859,870,1056
1022,1015,1197,1253,1102,1244
1023,770,718,837,1245,1059,1239,1310
1024,849,831,823
1025,939,813,992,968,1149,1124,1225,1136
1026,1029,895,928,1110,1061,1266,1177,1073
1027,891,975,993,956,1108,1143,1203,1257,1265
1028,896,842,987,1168,1148,1061
1029,833,840,950,968,949,1111,1026,1162
1030,1014,917,1165,1138,990
1031,926,841
1032,735,852,821,997
1033,983,856,940,1199
1034,1186,1126,1262
1035,845,806,779,921,1120,1273,1202,1273,1299
1036,974,1118,966,1267,1209,1089
1037,973,949,1111,1129,946,1124,1225,1136
1038,756,937,903
1039,855,899,981,1182,1044,1169
1040,1172,1087
1041,820,812,1130,1018,948
1042,1006,1207,1291,1297,1322
1043,1222,1176,1046,1188,1088,1216
1044,927,1039,943,1094,1253,1244
1045,1058,1145,1305,1284
1046,1159,986,1043,1233,1190,1300
1047,756,964,903
1048,849,831,823
1049,876,901,972,1255,1064,1066
1050,1002,977,848
1051,833,840,950,1161,973,1114,1166,1227
1052,1232,1125,1196,1214,1321
1053,889,933,873
1054,828,859,870,1056
1055,991,870,1119,1145,1097,1126,1262
1056,894,1021,1054,1017,1113,1172,1263,1218
1057,825,798,939,1007
1058,970,1152,1252,1084,1045,1172,1263,1218
1059,1223,1023,1317,1248
1060,960,914,887,1282,1147,1241,1308
1061,1028,1154,1026,1166,1227
1062,786,923,835,1298,1264,1295
1063,891,975,993,1203,1257,1265
1064,957,1140,1049,1298,1264,1295
1065,896,842,1110,1133,965
1066,957,1140,1049,1298,1264,1295
1067,1388,1229,1260
1068,1002,967,848
1069,832,980,1090,1247,1247,1329
1070,1233,1190,1300
1071,1371,1198,1220
1072,816,904,942,1146,1310
1073,1114,1026,1227,1212,1086,1243,1237
1074,1004,1110,965
1075,1124,1085,1134,1107
1076,938,885,850,1130,976,948
1077,953,1139,1201,1099,1240
1078,1184,1081,1170,1232
1079,889,933,873
1080,1315,1208,1303
1081,1178,1078,1234,1183
1082,1018,1001,1156
1083,1014,917,1092,1268,1269
1084,1058,1145,1305,1284
1085,1116,1075,1137,1142
1086,1148,1266,1073
1087,1040,1000,1186,1126,1262
1088,1135,986,1043
1089,1015,1036,1181,1277,1313
1090,832,1069,1273,1299
1091,1250,1106,1289,1275,1230,1344
1092,912,1013,955,1083,1099,1240,1362,1196
1093,1379,1285
1094,974,1112,966,995,1044,1169,1213,1336
1095,1131,1137,1142,1142,1144
1096,1371,1180,1220
1097,1055,1263,1218
1098,1102,927,943
1099,1077,1138,990,1092,1268,1269
1100,938,885,850,1130,976,948,1155,1001,1156
1101,1214,1170,1321,1201,1362
1102,855,899,981,984,1121,1098,1118,1022,1213,1336
1103,919
1104,1315,1208,1303
1105,1134,1107,1020,1225,1136,1134,1167
1106,913,803,867,1271,1091,1217,1275,1264
1107,1105,1075,1142,1144
1108,960,914,887,1206,978,1027
1109,819,932,1268,1165,1269
1110,913,1065,1074,1219,1163,1026,1166,1227
1111,977,967,848,863,1037,1029,890
1112,878,1016,1197,1094,1277,1313
1113,1056,1186,985,1305,1284
1114,941,1051,1004,1133,965,1266,1177,1073
1115,896,989,1250,1194,1289
1116,1124,1085,1124,1167
1117,876,901,972,1249,1250,1403,1254
1118,878,1016,1171,1036,1181,1253,1102,1244
1119,1055,1017,1382,1226
1120,954,921,1035,1247
1121,1102,927,943
1122,1196,1170,1321,1279,1341
1123,983,856,940
1124,1037,1025,951,1116,1075,1116,1144
1125,1238,1052,1191,1234,1183,1234,1274
1126,1087,1034,1055,1263,1218
1127,889,933,873
1128,816,904,942,1019,1239,1317,1248,1317,1378
1129,929,883,1037,1137,951
1130,1041,868,1076,915,1100,1291,1297,1322
1131,1134,1095
1132,1170,1232,1232,1276
1133,913,1065,1154,1114
1134,1105,1075,1131,1137,1105
1135,1188,1088,1216,1326,1231,1157
1136,1037,1025,951,1142,1105
1137,1129,946,968,1149,1095,1085,1134,1167
1138,996,1174,1030,1201,1099,1240
1139,865,969,1077,917
1140,876,901,972,1255,1064,1066
1141,832,921,1185,1003,1185,1329
1142,1095,1085,1095,1107,1020,1225,1136
1143,960,914,887,1206,978,1027
1144,1095,1107,1124,1167
1145,1055,1017,1252,1084,1045
1146,918,1072,1192,1310,1310,1395
1147,1257,1060,1265,1279,1353
1148,979,1162,1028,1154,1212,1086,1243,1237
1149,1002,863,1025,1137,951
1150,976,1018,948,1318,1261,1292,1375,1242
1151,1315,1160,1303
1152,991,870,1058,1186,985
1153,983,856,940,1199
1154,1004,1133,965,1148,1061
1155,1006,915,1100
1156,1006,915,1100,1175,1228,1082
1157,1135,1190,1300,1325,1441,1323
1158,996,953
1159,1222,1176,1046
1160,1164,1151,1280,1402,1270,1367
1161,1002,890,1051,895,928
1162,1029,895,928,1148,941
1163,1004,1110,965,987,1168
1164,1315,1160,1303
1165,996,1174,1030,1109,1009,1362,1196
1166,941,1051,1110,1061
1167,1137,1105,1116,1144
1168,1028,1219,1163
1169,927,1039,943,1094,1253,1244
1170,1132,1078,1268,1101,1122,1286,1234,1274
1171,974,1118,966,1311,1372
1172,1040,1000,1056,1058,985
1173,1379,1285
1174,1014,917,1165,1138,990
1175,1018,1001,1156
1176,1159,986,1043,1233,1190,1300
1177,1114,1026,1227,1237
1178,1184,1081,1184,1276,1196,1214,1321
1179,1446,1439,1354
1180,1096,1236,1221,1427,1430,1397
1181,974,1118,966,1267,1209,1089
1182,927,1039,943,1015,1197,1401,1369
1183,1125,1081,1232,1276
1184,1178,1078,1178,1274
1185,1141,954,1141,1299
1186,970,1152,1017,1113,1087,1034
1187,1315,1208,1303
1188,1135,986,1043
1189,1468,1396,1424
1190,1070,1176,1046,1326,1231,1157
1191,1232,1125,1196,1214,1321
1192,918,1146,1317,1378
1193,1353,1203,1214,1341,1360,1361,1456
1194,1115,999,1264,1205,1345
1195,1371,1198,1220
1196,1178,1052,1191,1092,1165,1269,1122,1286
1197,974,1112,966,1182,1022
1198,1071,1210,1195,1427,1430,1397
1199,961,1033,1153
1200,1278,1375,1242,1346,1436,1304
1201,1077,1138,990,988,1204,1238,1101
1202,1035,1003,1247,1329
1203,1063,978,1027,1241,1308,1286,1366,1193
1204,912,1013,955,1201,1009
1205,1215,1264,1194,1230,1344
1206,891,975,993,956,1108,1143,1279,1353,1357,1324
1207,976,1018,948,1278,1042
1208,1104,1187,1080,1402,1270,1367
1209,1015,1036,1181,1277,1313
1210,1371,1198,1220
1211,996,953
1212,1148,1266,1073
1213,1094,1102,1244,1401,1369
1214,1178,1052,1191,1268,1101,1282,1366,1193
1215,896,989,1255,1249,1230,1344,1205,1345
1216,1135,986,1043
1217,1250,1106,1289,1275,1230,1344
1218,1056,1058,985,1097,1126,1262
1219,1004,1110,965,987,1168
1220,1071,1210,1195,1096,1236,1221,1427,1430,1397
1221,1371,1180,1220
1222,1159,986,1043,1325,1441,1323
1223,918,1019,1245,1059,1245,1395
1224,1435,1445,1312
1225,1037,1025,951,1142,1105
1226,1119,1305,1352,1482,1415
1227,941,1051,1110,1061,1266,1177,1073
1228,1018,1001,1156
1229,1235,1067,1468,1396,1424
1230,1215,1091,1217,1250,1205,1345
1231,1135,1190,1300,1325,1441,1323
1232,1132,1078,1238,1052,1191,1132,1183
1233,1070,1176,1046,1358,1314,1495,1477
1234,1125,1081,1170,1125
1235,1388,1229,1260
1236,1371,1180,1220
1237,1148,1177,1073
1238,1232,1125,1201,1362,1279,1341
1239,1023,1019,1128,1310
1240,1077,1138,990,1092,1268,1269
1241,1203,1060,1265,1357,1324
1242,1291,1150,1322,1347,1200,1316
1243,1148,1266,1073
1244,1118,1022,995,1044,1169,1213,1336
1245,1223,1023,1223,1378
1246,1450,1473,1469,1464
1247,954,1069,980,1120,1069,1202
1248,1128,1059,1310,1395
1249,1215,1275,1298,1117,1295
1250,1115,999,1091,1217,1298,1117,1295,1230,1344
1251,1435,1445,1312
1252,1058,1145,1352,1482,1415
1253,1118,1022,995,1044,1169,1440,1508,1339
1254,1264,1117,1295,1437,1479
1255,957,1140,1049,1215,1275,1437,1479
1256,1454,1512,1356
1257,1063,978,1027,1282,1147,1358,1488,1301
1258,1296,1391,1368,1335,1485
1259,1349,1291,1422,1420
1260,1235,1067,1468,1396,1424
1261,1150,1297,1322,1328,1349
1262,1087,1034,1055,1263,1218
1263,1056,1058,985,1097,1126,1262
1264,1062,1064,1066,1106,1194,1289,1271,1205,1345,1403,1254
1265,1063,978,1027,1282,1147,1241,1308
1266,1114,1026,1227,1212,1086,1243
1267,1015,1036,1181
1268,1109,1009,1083,1099,1240,1214,1170,1321
1269,1109,1009,1083,1099,1240,1362,1196
1270,1160,1208,1303,1454,1512,1356
1271,1106,1289,1264
1272,1419,1595,1466
1273,1035,1003,1090,1035
1274,1170,1125,1184,1276
1275,1091,1217,1106,1289,1255,1249
1276,1132,1183,1178,1274
1277,1112,1209,1089,1311,1372
1278,1006,1207,1347,1200,1316,1328,1349
1279,1206,1147,1238,1122
1280,1315,1160,1303
1281,1549,1554,1489
1282,1257,1060,1265,1214,1341,1360,1361,1456
1283,1493,1564,1389
1284,1113,1084,1045,1288,1394,1598,1452,1483
1285,1173,1093,1446,1439,1354
1286,1196,1170,1321,1353,1203,1360,1361,1456
1287,1333,1335,1485,1352,1463,1569,1398
1288,1284,1482,1415,1368,1463
1289,1115,999,1271,1091,1217,1275,1264
1290,1511,1552,1486
1291,1042,1130,1292,1375,1242,1399,1377,1259
1292,1291,1150,1322,1408,1294
1293,1490,1478,1533,1409
1294,1292,1436,1304,1400,1502
1295,1062,1064,1066,1249,1250,1403,1254
1296,1384,1387,1258,1434,1393
1297,1042,1130,1318,1261,1346,1436,1304
1298,1062,1064,1066,1249,1250,1504,1531,1359
1299,1090,1035,1185,1329
1300,1070,1176,1046,1326,1231,1157
1301,1257,1324,1383,1325,1559,1538,1474
1302,1343,1549,1554,1489
1303,1104,1187,1080,1164,1151,1280,1402,1270,1367
1304,1297,1200,1316,1408,1294
1305,1113,1084,1045,1382,1226
1306,1511,1552,1486
1307,1368,1569,1426,1404,1565
1308,1203,1060,1265,1383,1325,1559,1538,1474
1309,1376,1523,1386,1421,1429,1566,1398,1426,1565
1310,1023,1146,1072,1239,1146,1248
1311,1171,1277
1312,1251,1224,1327,1490,1478,1533,1409
1313,1112,1209,1089
1314,1441,1233,1323,1357,1383
1315,1104,1187,1080,1164,1151,1280,1442,1516,1586,1536
1316,1278,1375,1242,1346,1436,1304
1317,1128,1059,1192,1128
1318,1150,1297,1322,1422,1420
1319,1398,1404,1565,1506,1600
1320,1511,1552,1486
1321,1178,1052,1191,1268,1101,1122,1286
1322,1042,1130,1318,1261,1292,1375,1242
1323,1222,1231,1157,1358,1314,1495,1477
1324,1206,1241,1358,1488,1301
1325,1222,1231,1157,1308,1488,1301,1495,1477
1326,1135,1190,1300,1357,1383,1575,1428
1327,1435,1445,1312
1328,1278,1261,1484,1392
1329,1069,1202,1141,1299
1330,1531,1627,1530
1331,1528,1505,1570,1416
1332,1484,1540,1503
1333,1394,1448,1287,1434,1393
1334,1625,1455,1492,1509,1560,1620
1335,1338,1387,1258,1394,1448,1287
1336,1094,1102,1244,1507,1419,1567,1475,1583
1337,1346,1502
1338,1368,1335,1485
1339,1253,1369,1507,1419,1567,1475,1583
1340,1437,1593,1589,1458,1596
1341,1238,1122,1282,1366,1193
1342,1365,1533,1422,1476,1582
1343,1487,1302,1348
1344,1215,1091,1217,1250,1205,1345
1345,1215,1264,1194,1230,1344
1346,1297,1200,1316,1337,1444,1527,1553
1347,1278,1375,1242,1400,1502
1348,1343,1549,1554,1489
1349,1278,1261,1399,1377,1259
1350,1619,1529,1573,1562
1351,1515,1521,1373,1607,1547
1352,1252,1226,1448,1384,1287,1598,1452,1483
1353,1206,1147,1286,1366,1193
1354,1285,1179,1493,1564,1389
1355,1409,1422,1582
1356,1256,1270,1367,1442,1516,1586,1536
1357,1206,1241,1326,1314,1500
1358,1257,1324,1441,1233,1323,1559,1538,1474
1359,1479,1298,1447,1593,1535,1608,1501
1360,1286,1282,1193
1361,1286,1282,1193
1362,1238,1101,1092,1165,1269
1363,1401,1507,1595,1388,1466
1364,1382,1598,1483
1365,1484,1342,1585,1449
1366,1353,1203,1214,1341
1367,1160,1208,1303,1454,1512,1356
1368,1338,1387,1258,1382,1288,1461,1307
1369,1182,1213,1440,1508,1339
1370,1556,1546,1385
1371,1071,1210,1195,1096,1236,1221,1550,1417,1534,1432
1372,1171,1277
1373,1351,1548,1618,1510,1451
1374,1505,1570,1416
1375,1291,1150,1322,1347,1200,1316
1376,1461,1460,1309
1377,1349,1291,1422,1420
1378,1192,1128,1245,1395
1379,1173,1093,1524,1496,1543,1642
1380,1402,1516,1464,1626,1561
1381,1589,1447,1596,1584
1382,1119,1305,1368,1463,1518,1364,1462,1609
1383,1326,1314,1308,1488,1301
1384,1296,1391,1352,1463,1569,1398
1385,1390,1514,1370,1491,1563,1612,1499,1558,1621
1386,1461,1460,1309
1387,1296,1391,1368,1335,1485
1388,1235,1067,1440,1363,1615,1635
1389,1283,1439,1354,1524,1496,1543,1642
1390,1556,1546,1385
1391,1384,1387,1258
1392,1328,1420,1409,1476,1582
1393,1333,1296
1394,1284,1482,1415,1333,1335,1485,1569,1398
1395,1146,1248,1223,1378
1396,1189,1229,1260,1419,1595,1466
1397,1198,1180,1220,1450,1473,1469,1464
1398,1394,1384,1287,1460,1425,1309,1319,1517
1399,1349,1291,1409,1476,1582
1400,1347,1294,1527,1553
1401,1182,1213,1468,1363,1647,1578,1494
1402,1160,1208,1303,1534,1380,1603,1467
1403,1264,1117,1295,1447,1593,1535,1608,1501
1404,1448,1307,1319,1517
1405,1426,1600,1641,1499,1522,1557,1637
1406,1589,1447,1596,1584
1407,1558,1471,1621,1506,1641
1408,1292,1436,1304
1409,1435,1293,1312,1392,1399,1355,1540,1503
1410,1531,1627,1530
1411,1572,1591,1413,1525,1590,1568
1412,1551,1606,1677,1587
1413,1411,1570,1416,1541,1622,1667,1555
1414,1437,1608,1501,1631,1682,1630
1415,1252,1226,1288,1394,1598,1452,1483
1416,1374,1331,1480,1572,1591,1413
1417,1371,1473,1539,1643,1520
1418,1531,1627,1530
1419,1272,1396,1424,1336,1508,1339,1615,1635
1420,1318,1377,1259,1484,1392
1421,1461,1425,1309
1422,1318,1377,1259,1445,1342,1355,1540,1503
1423,1532,1645,1555,1628,1668
1424,1189,1229,1260,1419,1595,1466
1425,1421,1429,1566,1398,1426,1565
1426,1448,1307,1460,1425,1309,1574,1576,1405
1427,1198,1180,1220,1469,1464,1539,1643,1520
1428,1326,1495,1524,1662,1579
1429,1461,1425,1309
1430,1198,1180,1220,1450,1473,1442,1626,1561
1431,1491,1563,1612,1499,1558,1621
1432,1371,1469,1442,1626,1561
1433,1506,1557,1637
1434,1333,1296
1435,1251,1224,1327,1533,1409,1562,1671,1571
1436,1297,1200,1316,1408,1294
1437,1255,1254,1532,1340,1627,1414,1530
1438,1505,1622,1536,1640,1652
1439,1285,1179,1493,1564,1389
1440,1253,1369,1595,1388,1466,1567,1475,1583
1441,1222,1231,1157,1358,1314,1524,1662,1579
1442,1512,1315,1356,1430,1432,1679,1611,1669
1443,1618,1510,1451
1444,1346,1502
1445,1251,1224,1327,1490,1478,1422,1476,1582
1446,1285,1179,1575,1519,1714,1648
1447,1403,1531,1359,1544,1381,1406,1542,1645
1448,1333,1335,1485,1352,1463,1426,1404,1565
1449,1365,1478,1562,1671,1571
1450,1430,1246,1397,1510,1545,1654,1691,1660
1451,1443,1521,1373,1497,1539,1687,1624
1452,1284,1352,1415,1609
1453,1506,1522,1637
1454,1256,1270,1367,1586,1536,1464,1626,1561
1455,1334,1552,1486,1658,1633,1665
1456,1286,1282,1193
1457,1499,1471,1621,1644,1688
1458,1340,1504,1542,1645
1459,1505,1667,1542,1628,1668
1460,1376,1523,1386,1398,1426,1565
1461,1376,1523,1386,1368,1569,1421,1429,1566,1506,1600
1462,1382,1598,1483
1463,1382,1288,1448,1384,1287
1464,1427,1246,1397,1380,1454,1679,1611,1669
1465,1497,1539,1607,1547,1687,1624
1466,1272,1396,1424,1440,1363,1615,1635
1467,1402,1586,1541,1640,1652
1468,1189,1229,1260,1401,1507,1713,1617
1469,1427,1246,1397,1534,1432
1470,1606,1677,1587
1471,1574,1407,1457,1634
1472,1658,1633,1665
1473,1430,1246,1397,1550,1417
1474,1308,1358,1301,1500
1475,1336,1440,1339,1647,1578,1494
1476,1445,1342,1392,1399
1477,1325,1233,1323,1519,1493,1710,1693,1650
1478,1445,1293,1312,1585,1449
1479,1255,1254,1504,1531,1359
1480,1528,1505,1570,1416
1481,1528,1541,1622,1667,1555
1482,1252,1226,1288,1394
1483,1284,1352,1415,1518,1364,1462,1609
1484,1332,1328,1420,1365,1533
1485,1338,1387,1258,1394,1448,1287
1486,1306,1290,1320,1625,1455,1492,1509,1560,1620
1487,1343,1585,1537,1670,1636
1488,1257,1324,1383,1325
1489,1281,1302,1348,1619,1529,1573,1562
1490,1445,1293,1312,1554,1537,1694,1726,1681
1491,1556,1431,1385
1492,1334,1552,1486,1658,1633,1665
1493,1283,1439,1354,1543,1642,1477,1662,1579
1494,1401,1475,1583,1672,1701
1495,1325,1233,1323,1575,1428
1496,1564,1379,1389,1575,1519
1497,1618,1465,1451,1550,1545
1498,1638,1614,1729,1692
1499,1546,1431,1385,1517,1576,1405,1457,1634
1500,1357,1538,1474
1501,1504,1403,1359,1627,1414,1530
1502,1347,1294,1337,1444
1503,1332,1409,1422,1582
1504,1479,1298,1535,1608,1501,1589,1458,1596
1505,1374,1331,1480,1603,1438,1605,1459
1506,1461,1319,1556,1407,1433,1594,1588,1453
1507,1336,1508,1339,1468,1363
1508,1253,1369,1507,1419,1672,1701
1509,1511,1334,1486
1510,1443,1521,1373,1450,1643,1520,1687,1624
1511,1306,1290,1320,1509,1560,1620,1623,1655,1730,1616
1512,1256,1270,1367,1442,1516,1541,1640,1652
1513,1628,1716
1514,1556,1546,1385
1515,1351,1548,1550,1545,1763,1685
1516,1512,1315,1356,1534,1380
1517,1398,1404,1565,1641,1499,1522,1557,1637
1518,1382,1598,1483
1519,1446,1496,1477,1662,1579
1520,1417,1427,1510,1545,1654,1691,1660
1521,1351,1548,1618,1510,1451
1522,1517,1574,1405,1594,1588,1453
1523,1461,1460,1309
1524,1564,1379,1389,1441,1428,1710,1693,1650
1525,1411
1526,1551,1606,1677,1587
1527,1346,1400
1528,1481,1331,1480
1529,1554,1350,1489,1670,1636
1530,1418,1410,1330,1437,1608,1501,1631,1682,1630
1531,1479,1298,1418,1410,1330,1447,1593,1631,1682,1630
1532,1437,1593,1605,1423,1584
1533,1435,1293,1312,1484,1342
1534,1371,1469,1402,1516,1717,1686
1535,1504,1403,1359
1536,1454,1315,1356,1438,1572,1696,1674,1592
1537,1487,1573,1490,1671,1571
1538,1308,1358,1301,1500
1539,1417,1427,1618,1465,1451,1654,1691,1660
1540,1332,1409,1422,1582
1541,1591,1481,1413,1512,1467,1696,1674,1592
1542,1447,1458,1596,1591,1459,1646,1581,1678
1543,1493,1379,1389,1714,1648
1544,1589,1447,1596
1545,1515,1497,1450,1643,1520
1546,1390,1514,1370,1499,1558,1621
1547,1465,1351
1548,1515,1521,1373
1549,1281,1302,1348,1573,1562,1655,1755,1639
1550,1371,1473,1515,1497
1551,1599,1412,1526
1552,1306,1290,1320,1625,1455,1492
1553,1346,1400
1554,1281,1302,1348,1619,1529,1490,1671,1571
1555,1572,1481,1413,1423,1589,1646,1581,1678
1556,1390,1514,1370,1491,1563,1612,1506,1641,1644,1688
1557,1517,1574,1405,1433
1558,1546,1431,1385,1574,1407,1638,1731,1602
1559,1308,1358,1301
1560,1511,1334,1486
1561,1380,1454,1430,1432,1679,1611,1669
1562,1549,1350,1489,1449,1435,1694,1726,1681
1563,1556,1431,1385
1564,1283,1439,1354,1524,1496,1737,1789,1704
1565,1448,1307,1460,1425,1309,1319,1517
1566,1461,1425,1309
1567,1336,1440,1339,1684,1753
1568,1411
1569,1394,1384,1287,1461,1307
1570,1374,1331,1480,1572,1591,1413
1571,1449,1435,1554,1537,1694,1726,1681
1572,1411,1570,1416,1667,1555,1536,1640,1652
1573,1549,1350,1489,1585,1537
1574,1426,1600,1558,1471,1621,1522,1557,1637
1575,1326,1495,1446,1496,1720,1770
1576,1426,1600,1641,1499
1577,1711,1695,1610
1578,1401,1475,1583,1672,1701
1579,1441,1428,1519,1493,1710,1693,1650
1580,1711,1695,1610
1581,1555,1542,1668,1716,1597
1582,1445,1342,1392,1399,1355,1540,1503
1583,1336,1440,1339,1647,1578,1494
1584,1532,1381,1406
1585,1365,1478,1487,1573,1657,1794,1715,1724
1586,1454,1315,1356,1603,1467
1587,1470,1412,1526,1638,1614,1729,1692
1588,1506,1522,1637
1589,1340,1504,1544,1381,1406,1555,1628,1668
1590,1411
1591,1411,1570,1416,1541,1622,1542,1628,1668
1592,1536,1541,1652,1774,1712,1664
1593,1403,1531,1359,1532,1340
1594,1506,1522,1637
1595,1272,1396,1424,1440,1363,1719,1783,1709
1596,1340,1504,1544,1381,1406,1542,1645
1597,1605,1581,1678
1598,1284,1352,1415,1518,1364,1462
1599,1551,1644,1649
1600,1461,1319,1574,1576,1405
1601,1735,1629,1718,1659,1761
1602,1558,1688,1649,1606,1796,1748,1725
1603,1402,1586,1505,1622,1774,1712,1664
1604,1628,1716
1605,1532,1645,1505,1667,1716,1597
1606,1470,1412,1526,1634,1731,1602,1729,1692
1607,1465,1351
1608,1504,1403,1359,1627,1414,1530
1609,1382,1452,1483
1610,1577,1580,1661,1761,1653,1764,1707
1611,1464,1442,1561,1717,1686
1612,1556,1431,1385
1613,1761,1653,1764,1707
1614,1677,1498,1587,1644,1649
1615,1419,1388,1466,1713,1617
1616,1633,1511,1665,1747,1790
1617,1468,1615,1719,1783,1709
1618,1443,1521,1373,1497,1539,1742,1804,1809
1619,1554,1350,1489,1633,1663,1800,1784,1768
1620,1511,1334,1486
1621,1546,1431,1385,1574,1407,1457,1634
1622,1591,1481,1413,1603,1438
1623,1658,1511,1665,1670,1663
1624,1510,1465,1451,1763,1685
1625,1334,1552,1486,1670,1663,1747,1790
1626,1380,1454,1430,1432,1723,1656,1758,1708
1627,1418,1410,1330,1437,1608,1501
1628,1423,1589,1591,1459,1513,1604
1629,1695,1601,1743,1760
1630,1531,1414,1530
1631,1531,1414,1530
1632,1746,1702,1817,1728
1633,1472,1455,1492,1730,1616,1619,1755,1639
1634,1499,1471,1621,1649,1606,1796,1748,1725
1635,1419,1388,1466,1676,1777,1791,1838,1776
1636,1487,1529,1655,1755,1639
1637,1517,1574,1405,1433,1594,1588,1453
1638,1677,1498,1587,1558,1688,1796,1748,1725
1639,1636,1549,1633,1663,1800,1784,1768
1640,1512,1467,1438,1572,1811,1803
1641,1556,1407,1517,1576,1405
1642,1493,1379,1389,1734,1742,1840,1772,1805
1643,1417,1427,1510,1545
1644,1556,1457,1599,1614,1821
1645,1447,1458,1596,1605,1423
1646,1555,1542,1668
1647,1401,1475,1583
1648,1446,1543,1737,1789,1704
1649,1599,1614,1634,1731,1602
1650,1477,1524,1579,1720,1770
1651,1746,1702,1817,1728
1652,1512,1467,1438,1572,1696,1674,1592
1653,1711,1613,1610,1743,1760
1654,1539,1450,1520
1655,1636,1549,1658,1511,1665,1800,1784,1768
1656,1626,1717,1765,1727
1657,1585,1726,1681
1658,1472,1455,1492,1623,1655,1771,1823,1699
1659,1683,1601,1827,1767
1660,1539,1450,1520
1661,1711,1695,1610
1662,1441,1428,1519,1493
1663,1625,1623,1619,1755,1639
1664,1603,1674,1592,1811,1803
1665,1472,1455,1492,1623,1655,1730,1616
1666,1757,1849,1736
1667,1572,1481,1413,1605,1459
1668,1423,1589,1591,1459,1646,1581,1678
1669,1464,1442,1561,1717,1686
1670,1487,1529,1625,1623,1786
1671,1449,1435,1554,1537
1672,1508,1578,1494,1684,1753
1673,1680,1817,1766,1795,1846
1674,1536,1541,1652,1774,1712,1664
1675,1834,1830,1831
1676,1635,1783,1709,1799,1814
1677,1470,1412,1526,1638,1614
1678,1555,1542,1668,1716,1597
1679,1464,1442,1561,1765,1727,1765,1787
1680,1792,1673,1799,1756
1681,1562,1490,1571,1657,1794,1715,1724
1682,1531,1414,1530
1683,1659,1761,1819,1745
1684,1567,1672
1685,1515,1624,1742,1804,1809
1686,1534,1611,1669,1758,1708,1758,1807
1687,1510,1465,1451,1737,1740,1864,1754,1820
1688,1556,1457,1638,1731,1602
1689,1834,1830,1831
1690,1834,1830,1831
1691,1539,1450,1520
1692,1606,1498,1587
1693,1477,1524,1579,1720,1770
1694,1562,1490,1571,1794,1715,1724
1695,1577,1580,1661,1735,1629,1718,1764,1707
1696,1536,1541,1652,1773,1847
1697,1747,1812,1775,1757,1844
1698,1849,1722,1736,1775,1741,1844
1699,1790,1658,1741,1812,1808,1833,1863
1700,1728,1795,1846,1818,1868
1701,1508,1578,1494
1702,1744,1651,1632,1799,1756
1703,1817,1728,1777,1853,1788
1704,1564,1648,1734,1742,1840,1772,1805
1705,1810,1797,1874,1815,1813,1877
1706,1760,1858,1839,1801,1865
1707,1695,1613,1610,1827,1767
1708,1626,1686,1765,1787
1709,1595,1617,1676,1777,1791,1838,1776
1710,1477,1524,1579
1711,1577,1580,1661,1761,1653,1841,1880,1798
1712,1603,1674,1592,1811,1803
1713,1468,1615,1799,1814,1738
1714,1446,1543,1763,1740
1715,1585,1694,1681
1716,1513,1604,1605,1581,1678
1717,1534,1611,1669,1723,1656,1723,1807
1718,1695,1601,1743,1760
1719,1595,1617,1791,1838,1776,1746,1853,1788
1720,1575,1693,1650
1721,1741,1757,1844,1801,1873
1722,1785,1793,1698,1854,1872,1875
1723,1626,1717,1717,1787,1779
1724,1585,1694,1681
1725,1634,1638,1602,1821
1726,1562,1490,1571,1657
1727,1679,1656,1758,1807
1728,1703,1651,1632,1700,1829
1729,1606,1498,1587
1730,1633,1511,1665,1741,1812,1808,1833,1863
1731,1558,1688,1649,1606
1732,1778,1865,1873,1775,1886,1822,1816
1733,1757,1849,1736
1734,1642,1789,1704,1763,1740
1735,1695,1601,1778,1858,1839
1736,1733,1749,1666,1785,1793,1698,1854,1872,1875
1737,1564,1648,1687,1804,1809,1840,1772,1805
1738,1713,1838,1776
1739,1860,1887,1871
1740,1714,1734,1687,1804,1809
1741,1730,1823,1699,1769,1793,1698,1826,1721
1742,1685,1618,1642,1789,1704,1864,1754,1820
1743,1653,1629,1718,1819,1745
1744,1746,1702,1766,1795,1846
1745,1683,1743,1778,1858,1839
1746,1744,1651,1632,1719,1814
1747,1625,1616,1785,1697,1869,1782,1752
1748,1634,1638,1602,1821
1749,1757,1849,1736
1750,1860,1887,1871
1751,1766,1868,1882,1815,1855,1843,1890
1752,1747,1833,1863,1856,1878,1891
1753,1567,1672
1754,1742,1687,1809,1884,1883,1851
1755,1636,1549,1633,1663
1756,1680,1702,1777,1853,1788
1757,1733,1749,1666,1697,1771,1826,1721,1854,1872,1875
1758,1626,1686,1686,1727,1779
1759,1815,1802,1877,1827,1862
1760,1653,1629,1718,1706,1825
1761,1683,1601,1711,1613,1610
1762,1813,1802,1877,1818,1882
1763,1515,1624,1714,1734,1884,1883,1851
1764,1695,1613,1610,1813,1862,1876,1893,1888
1765,1679,1656,1679,1708
1766,1744,1673,1845,1860,1751
1767,1659,1707,1841,1880,1798
1768,1655,1619,1639,1786
1769,1775,1741,1844
1770,1575,1693,1650
1771,1790,1658,1775,1757,1844,1808,1833,1863
1772,1642,1737,1704
1773,1696,1811
1774,1603,1674,1592
1775,1697,1771,1769,1793,1698,1825,1836,1732
1776,1635,1719,1709,1738
1777,1635,1783,1709,1756,1703
1778,1735,1745,1826,1836,1732
1779,1758,1723
1780,1818,1843,1890,1889,1881,1898
1781,1860,1887,1871
1782,1747,1833,1863,1856,1878,1891
1783,1595,1617,1676,1777
1784,1655,1619,1639,1786
1785,1849,1722,1736,1747,1812,1801,1873
1786,1670,1784,1768
1787,1679,1708,1723,1807
1788,1756,1703,1719,1814
1789,1564,1648,1734,1742
1790,1625,1616,1771,1823,1699
1791,1635,1719,1709
1792,1680,1817,1818,1868
1793,1849,1722,1736,1775,1741,1844
1794,1585,1694,1681
1795,1744,1673,1700,1829
1796,1634,1638,1602
1797,1834,1705,1831
1798,1767,1711,1813,1862,1876,1893,1888
1799,1680,1702,1713,1676
1800,1655,1619,1639
1801,1785,1721,1819,1706,1892
1802,1759,1841,1845,1762
1803,1640,1712,1664
1804,1685,1618,1737,1740,1897,1866,1895
1805,1642,1737,1704
1806,1876,1867
1807,1686,1727,1717,1787
1808,1771,1730,1699,1850,1848
1809,1685,1618,1737,1740,1864,1754,1820
1810,1834,1705,1831
1811,1640,1712,1664,1773,1847
1812,1785,1697,1730,1823,1699
1813,1705,1830,1831,1845,1762,1764,1880,1798
1814,1713,1676,1746,1853,1788
1815,1705,1830,1831,1759,1841,1829,1860,1751
1816,1825,1826,1732,1892
1817,1703,1651,1632,1792,1673
1818,1792,1700,1834,1762,1780,1887,1871
1819,1683,1743,1801,1865
1820,1742,1687,1809,1884,1883,1851
1821,1644,1748,1725
1822,1825,1826,1732,1892
1823,1790,1658,1741,1812,1856,1878,1891
1824,1876,1867
1825,1760,1858,1839,1873,1775,1886,1822,1816
1826,1741,1757,1844,1778,1865,1886,1822,1816
1827,1659,1707,1834,1759,1861,1896,1852
1828,1856,1857
1829,1728,1795,1846,1882,1815,1855,1843,1890
1830,1689,1690,1675,1815,1813,1877
1831,1689,1690,1675,1810,1797,1874,1815,1813,1877
1832,1856,1857
1833,1771,1730,1699,1869,1782,1752
1834,1689,1690,1675,1810,1797,1874,1827,1862,1818,1882
1835,1880,1896,1852
1836,1778,1865,1873,1775
1837,1869,1848,1870,1842
1838,1635,1719,1709,1738
1839,1735,1745,1706,1825
1840,1642,1737,1704
1841,1767,1711,1815,1802,1877,1876,1893,1888
1842,1856,1837
1843,1829,1845,1751,1780,1887,1871
1844,1697,1771,1769,1793,1698,1826,1721
1845,1766,1868,1813,1802,1877,1855,1843,1890
1846,1744,1673,1700,1829
1847,1696,1811
1848,1837,1857,1808,1878,1891
1849,1733,1749,1666,1785,1793,1698
1850,1808,1878,1891
1851,1763,1754,1820,1897,1866,1895
1852,1867,1835,1827,1893,1888
1853,1756,1703,1719,1814
1854,1757,1722,1736
1855,1829,1845,1751
1856,1823,1782,1752,1832,1828,1870,1842
1857,1832,1828,1869,1848
1858,1735,1745,1706,1825
1859,1884,1900,1899
1860,1781,1739,1750,1766,1868,1882,1815,1889,1881,1898
1861,1827,1893,1888
1862,1834,1759,1764,1880,1798
1863,1771,1730,1699,1869,1782,1752
1864,1742,1687,1809,1885,1900,1899
1865,1819,1706,1826,1836,1732
1866,1804,1883,1851,1885,1900,1899
1867,1824,1806,1880,1896,1852
1868,1792,1700,1845,1860,1751
1869,1747,1833,1863,1837,1857
1870,1856,1837
1871,1781,1739,1750,1818,1843,1890,1889,1881,1898
1872,1757,1722,1736
1873,1785,1721,1825,1836,1732
1874,1834,1705,1831
1875,1757,1722,1736
1876,1841,1764,1798,1824,1806
1877,1705,1830,1831,1759,1841,1845,1762
1878,1823,1782,1752,1850,1848
1879,1884,1900,1899
1880,1767,1711,1813,1862,1867,1835
1881,1860,1780,1871
1882,1834,1762,1829,1860,1751
1883,1763,1754,1820,1897,1866,1895
1884,1763,1754,1820,1859,1879,1894
1885,1864,1866,1895
1886,1825,1826,1732
1887,1781,1739,1750,1818,1843,1890
1888,1841,1764,1798,1861,1896,1852
1889,1860,1780,1871
1890,1829,1845,1751,1780,1887,1871
1891,1823,1782,1752,1850,1848
1892,1801,1822,1816
1893,1841,1764,1798,1861,1896,1852
1894,1884,1900,1899
1895,1804,1883,1851,1885,1900,1899
1896,1867,1835,1827,1893,1888
1897,1804,1883,1851
1898,1860,1780,1871
1899,1864,1866,1895,1859,1879,1894
1900,1864,1866,1895,1859,1879,1894
