ID,two bonds apart neighbours IDs
0,3
1,8,4
2,3,9
3,13,7,9,2,0
4,8,1,14,10
5,21,6,12
6,21,12,5
7,13,3
8,14,18,4,1
9,3,2,23,13
10,4,14
11,25,19,26
12,21,6,5
13,23,9,3,7
14,40,22,17,8,18,4,10
15,21,16,27
16,21,15,27
17,40,14,22
18,14,8
19,25,11,26
20,46,21,24
21,46,24,20,6,12,5,16,15,27
22,40,14,17
23,47,56,42,13,9
24,46,21,20
25,64,54,49,11,19,26
26,25,11,19
27,21,16,15
28,69,31,36
29,59
30,38,34
31,69,36,28
32,68,61
33,82,37,44
34,38,30
35,45
36,69,31,28
37,82,33,44
38,77,106,75,34,30
39,60,92
40,66,41,48,86,14,22,17
41,40,66
42,47,56,23
43,93,59
44,82,37,33
45,115,89,91,35
46,104,58,53,65,21,24,20
47,56,23,42,73,81
48,40,86
49,64,54,25
50,98,84,76
51,111,80
52,122,57
53,46,65
54,64,25,49,73,67
55,65,66,124
56,47,23,42,127,97
57,122,52
58,46,104
59,93,43,137,90,29
60,141,95,92,39
61,68,32
62,69,89
63,130,108,100
64,54,25,49,147,121
65,66,124,55,46,53
66,65,124,55,40,41
67,73,54
68,155,134,140,61,32
69,89,62,99,160,31,36,28
70,149,111
71,123,143,113
72,101,162
73,54,67,81,47,181,128,126
74,161,87,83
75,77,106,38
76,98,84,50
77,106,38,75,82,110
78,94,132,136
79,127,116,142
80,111,51
81,73,47
82,135,112,110,77,37,33,44
83,161,74,87
84,98,50,76
85,114
86,190,114,133,40,48
87,161,74,83
88,144,149,157
89,115,45,91,69,62
90,59,137
91,115,89,45
92,60,39,141,172
93,203,137,59,43
94,147,119,176,132,78,136
95,141,60
96,199,105,118
97,127,56
98,195,178,187,84,50,76
99,69,160
100,130,108,63
101,129,156,194,72,162
102,155,185
103,158,125,173
104,132,130,198,46,58
105,199,96,118,192,146
106,77,38,75,217,167
107,206,154,144
108,130,63,100,147,154
109,150,129,188
110,82,77
111,149,70,51,80,204,169
112,82,135
113,123,143,71
114,86,190,133,85
115,89,45,91,155,131
116,127,142,79
117,177,170
118,199,105,96
119,147,94,176
120,209,185,139
121,147,64
122,145,135,208,57,52
123,200,239,214,143,113,71
124,65,66,55,255,171,182
125,158,173,103
126,73,181,128
127,56,97,191,252,116,142,79
128,73,181,126
129,150,188,109,101,156,194
130,132,104,198,108,63,100
131,155,115
132,104,130,198,94,78,136,150,184
133,86,190,114
134,155,68,140
135,145,122,208,82,112
136,94,132,78
137,59,90,203,93
138,247,197,180
139,209,185,120,164
140,155,68,134
141,219,248,189,60,95,92,172
142,127,116,79
143,123,113,71
144,206,154,107,149,88,157
145,135,122,208,158,254
146,105,192
147,108,154,121,64,94,119,176
148,179,197
149,144,88,157,111,70
150,205,258,184,132,129,188,109
151,229,159,225,153
152,287,206
153,151,225
154,206,144,107,147,108
155,185,102,131,115,68,134,140
156,129,101,194
157,144,149,88
158,216,241,254,145,125,173,103
159,229,151
160,218,307,210,69,99
161,283,175,166,74,87,83
162,101,72
163,211,165
164,139
165,211,163,183,220
166,283,161,175
167,217,106
168,199,235
169,111,204
170,177,117,261,253
171,124,255,182
172,92,141
173,158,125,103
174,292,209
175,283,161,166
176,147,94,119
177,261,290,170,117
178,195,98,187
179,234,222,197,148
180,247,197,138
181,73,128,126,275,256,319
182,124,255,171
183,257,230,317,220,165
184,150,132
185,209,139,120,155,102
186,238,314,203
187,195,98,178
188,150,129,109
189,219,141,248
190,86,114,133,343,242
191,127,252
192,105,146
193,247,296
194,129,101,156
195,342,298,323,98,178,187
196,312,235,297
197,247,180,138,234,245,179,148
198,132,104,130
199,235,168,303,237,105,96,118
200,239,123,214,246,285
201,308,239
202,217,238
203,238,314,186,93,137
204,111,169
205,300,286,360,150,258
206,154,144,107,287,152
207,289,349
208,145,135,122
209,185,139,120,292,174
210,160,218,307
211,220,272,165,163,227
212,355,321,249
213,278,331
214,200,239,123
215,247,329
216,296,412,280,158,241
217,106,167,202,238,331,305,382
218,160,307,210,219,269
219,218,269,306,416,141,248,189
220,183,165,211,272
221,308,384,295
222,234,179
223,364,312
224,287,290,363
225,151,153,344,229
226,309,328
227,211
228,373,262
229,344,225,286,372,151,159
230,257,183,317,292,388
231,398,265
232,308,320
233,385,322,244
234,197,245,179,222
235,312,297,196,199,168
236,320,381,368
237,279,294,393,199,303
238,314,203,186,217,202
239,200,123,214,308,201
240,246,355,367
241,158,216
242,343,190
243,358,266
244,385,322,233
245,197,234
246,277,380,285,200,355,367,240
247,329,215,193,296,197,180,138
248,219,141,189
249,355,321,212
250,430,354
251,411,264,337
252,329,441,371,127,191
253,170,261
254,158,145
255,124,171,182,302,260
256,181,275,319
257,230,183,317,343,387
258,150,205
259,408,347,299
260,255,302
261,372,389,290,177,170,253
262,373,228,307,422
263,463,325,366
264,411,251,337
265,398,231,453,326
266,358,243
267,271,339,403
268,429,311
269,219,218
270,321,405,369
271,297,418,394,339,403,267
272,220,211
273,385,381
274,428,406
275,181,256,319,327,315
276,427,406
277,472,332,351,246,380
278,433,383,331,213
279,237,294,393,318,376
280,296,216,412
281,384,397,424
282,353,322
283,458,334,304,161,175,166
284,333,464,423,370,313
285,246,200
286,300,205,360,372,229
287,334,291,152,206,290,363,224
288,318,439,401
289,473,419,349,207
290,287,363,224,344,425,261,177
291,287,334
292,388,230,174,209,438,413,465
293,411,440
294,237,279,393,374,375,462
295,308,384,221
296,216,412,280,438,361,445,247,193
297,312,235,196,271,418,394
298,342,195,323
299,408,347,259
300,205,286,360,342,352
301,454,440,386
302,255,260,346,345,316,341
303,199,237
304,458,334,283
305,217,331,382
306,219,416
307,160,218,210,422,262
308,239,201,232,320,384,295,221
309,379,459,467,328,226
310,436,404,446
311,429,268
312,235,297,196,364,223
313,392,348,284,370
314,238,203,186,507,414
315,275,327
316,302,341
317,257,230,183
318,279,376,455,333,439,288,401
319,181,275,256
320,381,368,236,308,232
321,355,249,212,405,369,270
322,385,233,244,399,377,353,282
323,342,195,298
324,490,362,420
325,463,263,366
326,265,453
327,275,315
328,309,226
329,252,441,371,247,215
330,487,452
331,217,305,382,433,470,278,213
332,472,277,351
333,464,284,423,318,455
334,458,283,304,287,291
335,515,400,457
336,373
337,411,264,251
338,391,340,460
339,271,403,267
340,391,338,460
341,302,316
342,488,496,352,300,195,298,323
343,190,242,387,257,541,447,432
344,290,425,229,225
345,302,346
346,302,345
347,408,299,259
348,392,313
349,289,207,531,473
350,374,469
351,472,277,332
352,342,300
353,399,415,322,282
354,430,250
355,246,367,240,321,249,212
356,395
357,436,512
358,532,502,449,243,266
359,514,417,497,365
360,300,205,286
361,438,296,445
362,490,324,420
363,287,290,224
364,521,494,223,312
365,528,402,359,497
366,463,263,325
367,246,355,240
368,320,381,236,479,493,407
369,321,405,270
370,284,313,392,426
371,252,329,441
372,286,229,261,389
373,422,483,262,228,336
374,294,375,462,469,350
375,294,374,462
376,318,279
377,322,399
378,522,454
379,459,309,467,391,530
380,246,277
381,320,368,236,385,273
382,217,331,305
383,433,278
384,308,295,221,397,281,424
385,381,273,437,551,322,233,244
386,454,440,301
387,343,257
388,412,410,517,292,230
389,372,261
390,537,434,395
391,443,505,530,379,338,340,460
392,370,426,313,348
393,237,279,294
394,297,271,418
395,537,434,390,356
396,538,450,491
397,384,281,424,480,510
398,453,546,265,231
399,322,377,353,415
400,515,335,457
401,318,439,288
402,528,365
403,271,339,267
404,436,446,310
405,321,369,270
406,427,276,514,569,428,274
407,368,479,493
408,600,475,525,347,299,259
409,522,502
410,412,388,517
411,440,293,495,466,264,251,337
412,296,216,280,388,410,517
413,292,438,465
414,507,314
415,399,353
416,576,565,501,219,306
417,514,359
418,297,271,394
419,473,289
420,490,324,362
421,527,489,540
422,307,262,373,483
423,333,464,284
424,384,397,281
425,290,344
426,370,392
427,618,497,406,276
428,569,583,406,274
429,554,544,448,311,268
430,477,597,555,354,250
431,553,511,535
432,343,541,447
433,331,470,278,383
434,537,395,390,524,585
435,527,459
436,606,558,357,512,404,446,310
437,385,551
438,292,413,465,296,361,445
439,318,288,401,543,513
440,454,386,301,411,293
441,252,329,371,570,614
442,610,458
443,474,607,564,391,505
444,553,557,542
445,438,296,361
446,436,404,310
447,343,541,432
448,554,429,544
449,532,502,358
450,538,396,491
451,515,526
452,487,330
453,620,567,484,398,546,265,326
454,440,386,301,522,378
455,318,333
456,623,508,482
457,515,335,400
458,334,283,304,610,442
459,379,309,467,527,435
460,391,338,340
461,512,526,627
462,294,374,375
463,550,591,598,474,263,325,366
464,333,284,423,639,568
465,292,438,413
466,650,485,516,411,495
467,379,459,309
468,469,549
469,374,350,468,549,486,577
470,331,433
471,655,547,498
472,277,332,351,640,476
473,531,349,289,419
474,443,607,564,463,598
475,600,408,525
476,640,472
477,597,430,555,524,578
478,565,539
479,368,493,407
480,397,510
481,485
482,623,508,456
483,422,373
484,620,453,567
485,466,650,516,481
486,469,577
487,574,509,633,452,330
488,624,708,619,342,496
489,527,540,421
490,612,592,669,324,362,420
491,538,396,450
492,638,637,554
493,368,479,407
494,364,521
495,411,466
496,342,488
497,359,365,618,427,528,654
498,655,547,471
499,689,520,529
500,661,532
501,416,576,565
502,532,358,449,522,409
503,507,560,651
504,691,599,556
505,391,443
506,626,675,692
507,314,414,552,645,503,560,651
508,623,482,456
509,574,487,633
510,397,480
511,553,535,431
512,526,627,461,436,357
513,439,543
514,705,603,663,359,417,406,569
515,526,451,572,677,335,400,457
516,466,650,485
517,412,388,410
518,559
519,646,667
520,499,689,529
521,667,724,680,364,494
522,502,409,378,454,727,563,630
523,646,636,648
524,434,585,578,477,608,700,659
525,600,408,475
526,512,627,461,515,451
527,459,435,733,686,489,540,421
528,497,654,365,402
529,499,689,520
530,391,379
531,706,698,589,473,349
532,502,358,449,661,500
533,709,638
534,646,637
535,553,511,431
536,562,590
537,434,395,390,736,584
538,737,641,695,580,396,450,491
539,565,478
540,527,489,421
541,343,447,432
542,553,557,444
543,439,513
544,554,429,448
545,593,559
546,453,398
547,655,471,498
548,647,573,690
549,469,468
550,660,777,683,463,591
551,634,771,629,385,437
552,507,645
553,511,535,431,751,731,557,444,542
554,638,637,492,429,544,448
555,477,597,430
556,691,504,599
557,553,444,542
558,436,606
559,593,545,609,587,518
560,507,503,651
561,746,600,575
562,608,594,590,536
563,522,727,630
564,474,443,607
565,416,576,501,539,478
566,613
567,620,453,484
568,639,464
569,406,514,428,583
570,441,614
571,709,698
572,515,677
573,647,548,690
574,616,729,738,604,487,509,633
575,746,600,561
576,416,565,501,705,673
577,469,486
578,524,477
579,768,596,625
580,538
581,798,693,687
582,631
583,569,428
584,736,537
585,524,434
586,678,769,613
587,559,609
588,610,693
589,706,698,531
590,562,536,608,622
591,463,550
592,612,490,669
593,627,609,559,545
594,608,562
595,697,775,643
596,768,579,625
597,477,430,555,750,682
598,463,474
599,691,504,556
600,746,575,561,408,475,525
601,728
602,652,644,793
603,705,514,663
604,605,611,748,574,738
605,604,611,748,640,785
606,778,757,794,436,558
607,474,443,564,821,735
608,524,700,659,562,594,590,622
609,559,587,627,593
610,693,588,442,458,699,800,720
611,604,605,748
612,741,819,787,490,592,669
613,678,769,586,566
614,441,570
615,810,650
616,649,802,760,574,729
617,623,644
618,645,828,714,427,497
619,624,488,708
620,718,772,799,649,453,567,484
621,639,652
622,590,608
623,644,617,688,710,508,482,456
624,488,708,619,691,749
625,768,596,579
626,675,506,692,664,670
627,512,526,461,593,609
628,805,744
629,551,634,771
630,522,727,563
631,773,838,811,582
632,820,676,763
633,574,487,509
634,551,771,629,664,653
635,655,660
636,646,648,523
637,638,554,492,646,534
638,637,554,492,709,533
639,464,568,621,652,875,782,780
640,785,605,476,472,827,671,742
641,737,538,695,661,684
642,816,706
643,697,775,595
644,652,793,602,623,617
645,828,618,714,507,552
646,637,534,519,667,636,648,523
647,712,674,860,755,573,548,690
648,646,636,523
649,616,802,760,620,799
650,466,485,516,810,615
651,507,503,560
652,644,793,602,639,621
653,664,634
654,497,528
655,844,694,635,660,547,471,498
656,746,830
657,841,727
658,803,818,788
659,524,608,700
660,550,777,683,655,635
661,641,684,500,532,761,893,767
662,834,797,752
663,705,514,603
664,634,653,670,626,804,807,862
665,723,721,829,770
666,849,689
667,521,724,680,827,764,843,646,519
668,826,805
669,612,490,592
670,664,626
671,640,827,742
672,845,769
673,705,576
674,647,712
675,626,506,692,756,704
676,820,632,763
677,723,882,732,515,572
678,769,613,586,756,716
679,802,826,685
680,667,521,724
681,777
682,750,597
683,660,550,777
684,661,641
685,802,826,679
686,830,834,866,527,733
687,798,693,581
688,623,710
689,499,520,529,849,666
690,647,573,548
691,856,822,749,624,504,599,556
692,626,675,506
693,798,581,687,610,588
694,655,844
695,737,641,538
696,771,853,781
697,775,643,595,750,719
698,706,531,589,709,571
699,610,800,720
700,524,608,659
701,768,857
702,757
703,847,838
704,756,675
705,576,673,864,894,514,603,663
706,698,531,589,816,642
707,876,783,809
708,624,488,619
709,698,571,533,638,743,854,861
710,712,889,715,623,688
711,816,775
712,710,889,715,647,674
713,758,754
714,645,828,618
715,710,712,889
716,756,678
717,736,722,851
718,770,918,837,620,772
719,750,697
720,610,699,800
721,665,723
722,736,717,851
723,677,882,732,665,721
724,667,521,680,785,869,892
725,896,765,824
726,762,911
727,522,563,630,926,815,841,657
728,868,776,886,601
729,574,616
730,740,792
731,878,871,907,553,751
732,677,723,882
733,527,686
734,820,778
735,944,852,607,821
736,776,796,584,537,722,717,851
737,641,538,695,909,905
738,574,604
739,871,846,879
740,795,747,792,730
741,819,612,787,810,935
742,640,827,671
743,709,854,861,762,884,881
744,805,628
745,929,795,791
746,830,656,801,912,600,575,561
747,795,740
748,604,605,611
749,691,624
750,597,682,719,697,919,900,931
751,553,731
752,834,797,662
753,834,872,898
754,758,713,814,808,784
755,857,832,934,647,860
756,675,704,716,678,937,964,903
757,778,606,794,702
758,813,814,754,713
759,810,839,922
760,649,616,802
761,661,893,767
762,743,884,881,726,911
763,820,632,676
764,827,667,843
765,896,824,725,766,925
766,765,925
767,661,761,893
768,857,701,952,790,596,579,625
769,678,613,586,845,672
770,718,918,837,665,829
771,551,634,629,958,877,888,853,781,696
772,620,718
773,838,631,811,845,947
774,909,916
775,697,643,595,816,711
776,868,728,886,736,796
777,660,550,683,681,963,902,908
778,606,757,794,820,734
779,845,954,806
780,639,875,782
781,771,853,696
782,639,875,780
783,876,809,707
784,754
785,724,869,892,640,605
786,957,923,835
787,741,819,612
788,803,818,658
789,790,916,910
790,916,910,789,768,952
791,929,795,745
792,740,730,795,836
793,652,644,602
794,778,606,757
795,929,745,791,740,747,792,836
796,736,776
797,834,662,752
798,693,581,687,961,825
799,620,649
800,610,699,720
801,746,912
802,649,616,760,826,685,679
803,999,913,867,818,658,788
804,664,807,862
805,826,668,628,744,971,945
806,845,954,779
807,664,804,862
808,754,814
809,876,783,707
810,650,615,935,741,839,759,922
811,773,838,631
812,820,976
813,946,939,992,758,814
814,754,808,813,758
815,727,926
816,775,711,642,706,1023,904,942
817,849,974
818,803,658,788
819,741,612,787,988,932
820,976,812,734,778,632,676,763
821,607,735,944,997
822,691,856
823,849,998,831
824,896,765,725
825,961,798
826,802,685,679,805,668
827,640,671,742,667,764,843
828,645,618,714,991,859
829,665,770
830,686,834,866,746,656
831,849,998,823
832,755,857,934,980,1035
833,979,840,950
834,686,830,866,872,898,753,797,662,752
835,957,786,923
836,792,795
837,770,718,918
838,773,631,811,847,703
839,810,759,922
840,979,833,950
841,926,1032,727,657
842,896,1004
843,827,667,764
844,858,897,994,655,694
845,769,672,947,773,954,806,779
846,871,879,739
847,838,703,1012,858
848,1002,977,967
849,689,666,817,974,998,831,823
850,1018,938,885
851,736,722,717
852,944,735
853,771,781,696
854,709,743,861
855,995,899,981
856,983,1057,940,691,822
857,755,832,934,768,701
858,844,897,994,847,1012
859,991,828
860,647,755
861,709,743,854
862,664,804,807
863,1002,1037
864,705,894
865,1014,969
866,686,830,834
867,999,913,803
868,776,728,886,1006,1041
869,724,785,892
870,991,1056
871,731,878,907,1010,1024,1048,846,879,739
872,834,898,753
873,889,1047,933
874,882,906,1008
875,639,782,780
876,1062,901,972,783,809,707
877,771,958,888
878,731,871,907,1015,1016
879,871,846,739
880,929,983
881,743,762,884
882,677,723,732,906,874,1008
883,929,1025
884,743,762,881
885,1018,938,850
886,868,776,728
887,1063,960,914
888,771,958,877
889,710,712,715,1047,933,873,1038,924,959
890,1002,1029
891,1060,975,993
892,724,785,869
893,661,761,767
894,970,1021,1054,705,864
895,1051,1029,928
896,1106,989,842,1004,765,824,725
897,858,844,994
898,834,872,753
899,995,855,981
900,750,919,931
901,1062,876,972
902,777,963,908
903,756,937,964
904,816,1023,942
905,909,737
906,882,874,1008,1011,1103,982
907,731,878,871
908,777,963,902
909,916,774,905,737
910,790,916,789
911,762,726
912,1109,1013,955,746,801
913,999,803,867,1028,1065
914,1063,960,887
915,1006,1076,1100
916,790,910,789,909,774
917,1077,1014
918,770,718,837,1072,1128
919,750,900,931,1005
920,949,1050,936
921,954,1090
922,810,839,759
923,957,786,835
924,889,1038,959
925,765,766
926,727,815,841,1032
927,1102,1039,943
928,1051,1029,895
929,1025,883,880,983,795,745,791
930,949,962,1068
931,750,919,900
932,988,819
933,889,1047,873
934,755,857,832
935,810,741
936,949,920,1050
937,756,964,903,1079,1053,1127
938,1018,885,850
939,946,813,992,961,1007
940,983,856,1057
941,1148,1051
942,816,1023,904
943,1102,927,1039
944,821,997,735,852,1031
945,805,971
946,939,813,992,1020,1129
947,845,773
948,1130,976,1018
949,973,968,1111,930,962,1068,920,1050,936
950,979,833,840
951,1037,1025,1137
952,768,790
953,996,1139
954,845,806,779,1090,921,1141,1069
955,912,1109,1013
956,1060,1108,1143
957,1117,1140,1049,786,923,835
958,771,877,888
959,889,1038,924
960,1063,914,887
961,939,1007,825,798,1123,1033,1153
962,949,930,1068
963,777,902,908
964,756,937,903
965,1004,1110,1133
966,974,1118,1112
967,1002,977,848
968,973,949,1111,1020,1149
969,1014,865
970,894,1021,1054,1055,1152
971,805,945
972,1062,876,901
973,968,949,1111,979,1161
974,1118,1112,966,849,817
975,1060,891,993
976,1130,1018,948,820,812
977,1002,967,848
978,1206,1063,1027
979,1026,1162,1161,973,833,840,950
980,832,1035,1141,1120
981,995,855,899
982,906,1011,1103
983,856,1057,940,929,880
984,995,1121,1098
985,1056,1058,1186
986,1135,1159,1043
987,1133,1168
988,819,932,1204,1092
989,896,1106
990,1165,1077,1138
991,828,859,870,1056
992,946,939,813
993,1060,891,975
994,858,844,897
995,1182,1044,1169,855,899,981,984,1121,1098
996,1083,1174,1030,953,1139
997,821,944
998,849,831,823
999,913,803,867,1215,1115
1000,1097,1040
1001,1018,1155,1156
1002,1029,890,863,1037,977,967,848
1003,1035,1185
1004,1110,1133,965,896,842
1005,919
1006,1150,1207,1041,868,1076,915,1100
1007,961,939
1008,882,906,874
1009,1201,1109
1010,871,1024,1048
1011,906,1103,982
1012,847,858
1013,912,1109,955
1014,1077,917,865,969,1211,1158
1015,878,1016,1197,1094,1171,1036,1181
1016,1015,878
1017,1055,1113
1018,1130,976,948,1155,1001,1156,938,885,850
1019,1023,1192
1020,968,1149,1129,946,1124,1225,1136
1021,894,970,1054
1022,1182,1118
1023,816,904,942,1192,1019,1223,1146
1024,871,1010,1048
1025,1037,1137,951,929,883
1026,1114,1166,1227,979,1162
1027,1206,1063,978
1028,913,1065,1154,1114,1074,1219,1163
1029,1051,895,928,1002,890
1030,1083,996,1174
1031,944
1032,926,841
1033,961,1123,1153
1034,1172,1087
1035,1090,1247,832,980,1185,1003
1036,1015,1171,1181
1037,1025,1137,951,1002,863
1038,889,924,959
1039,1102,927,943
1040,1097,1000
1041,1006,868
1042,1278,1130
1043,1135,1159,986
1044,1182,995,1169
1045,1113,1252,1084
1046,1222,1070,1176
1047,889,933,873
1048,871,1010,1024
1049,1117,957,1140
1050,949,920,936
1051,1029,895,928,1148,941
1052,1238,1178,1191
1053,937,1079,1127
1054,894,970,1021
1055,970,1152,1017,1113,1172,1263,1218
1056,1058,1186,985,991,870
1057,983,856,940,1199
1058,1056,1186,985,1119,1145
1059,1128,1245
1060,1203,1257,1265,956,1108,1143,891,975,993
1061,1148,1110
1062,1255,1064,1066,876,901,972
1063,1206,978,1027,960,914,887
1064,1255,1062,1066
1065,1028,913
1066,1255,1062,1064
1067,1272,1235
1068,949,930,962
1069,1141,954,1273,1202
1070,1222,1176,1046,1188,1088,1216
1071,1246,1210,1195
1072,918,1128,1223,1239
1073,1148,1266,1177
1074,1028,1219,1163
1075,1116,1105
1076,1006,915,1100,1175,1228,1082
1077,1165,1138,990,1014,917
1078,1132,1178
1079,937,1053,1127
1080,1256,1104,1187
1081,1184,1125
1082,1076,1175,1228
1083,1201,1099,1240,996,1174,1030
1084,1113,1252,1045
1085,1095,1124
1086,1166,1212,1243
1087,1172,1034
1088,1070,1188,1216
1089,1112,1267,1209
1090,954,921,1035,1247
1091,1215,1271,1217
1092,1268,1165,1269,988,1204
1093,1283,1173
1094,1253,1102,1244,1015,1197
1095,1134,1107,1124,1085
1096,1246,1236,1221
1097,1186,1126,1262,1040,1000
1098,995,984,1121
1099,1201,1083,1240
1100,1006,1076,915
1101,1238,1268
1102,1094,1253,1244,927,1039,943
1103,906,1011,982
1104,1256,1187,1080
1105,1116,1075,1137,1142
1106,1250,1194,1289,896,989
1107,1134,1095
1108,1060,956,1143
1109,912,1013,955,1201,1009
1110,1004,1133,965,1148,1061
1111,973,968,949
1112,974,1118,966,1267,1209,1089
1113,1252,1084,1045,1055,1017
1114,1026,1166,1227,1028,1154
1115,1215,999
1116,1142,1144,1105,1075,1131
1117,1298,1264,1295,957,1140,1049
1118,974,1112,966,1182,1022
1119,1058,1145,1305,1284
1120,980,1141
1121,995,984,1098
1122,1238,1286
1123,961,1033,1153
1124,1020,1225,1136,1134,1167,1095,1085
1125,1184,1081,1170,1232
1126,1186,1097,1262
1127,937,1079,1053
1128,1192,1310,918,1072,1245,1059
1129,1020,946
1130,976,1018,948,1278,1042
1131,1116
1132,1234,1183,1178,1078
1133,1004,1110,965,987,1168
1134,1124,1167,1095,1107
1135,1233,1190,1300,1159,986,1043
1136,1020,1124,1225
1137,1037,1025,951,1142,1105
1138,1165,1077,990
1139,996,953
1140,1117,957,1049
1141,980,1120,954,1069,1273,1299
1142,1137,1105,1116,1144
1143,1060,956,1108
1144,1142,1116
1145,1119,1058
1146,1223,1023,1317,1248
1147,1206,1282
1148,1110,1061,941,1051,1266,1177,1073
1149,1020,968
1150,1291,1297,1322,1006,1207
1151,1256,1164,1280
1152,1055,970
1153,961,1123,1033
1154,1028,1114
1155,1018,1001,1156
1156,1018,1155,1001
1157,1326,1222,1231
1158,1014,1211
1159,1135,986,1043
1160,1315,1208,1303
1161,979,973
1162,979,1026
1163,1028,1074,1219
1164,1256,1151,1280
1165,1092,1268,1269,1077,1138,990
1166,1114,1026,1227,1237,1212,1086,1243
1167,1124,1134
1168,1133,987
1169,1182,995,1044
1170,1196,1214,1321,1232,1125
1171,1015,1036,1181,1277,1313
1172,1055,1263,1218,1087,1034
1173,1283,1093
1174,1083,996,1030
1175,1076,1228,1082
1176,1222,1070,1046
1177,1148,1266,1073
1178,1238,1052,1191,1234,1274,1132,1078
1179,1379,1285
1180,1371,1198,1220
1181,1015,1171,1036
1182,1118,1022,1213,1336,995,1044,1169
1183,1234,1132
1184,1232,1276,1125,1081
1185,1035,1003,1247,1329
1186,1056,1058,985,1097,1126,1262
1187,1256,1104,1080
1188,1070,1088,1216
1189,1388,1229,1260
1190,1233,1135,1300
1191,1238,1178,1052
1192,1023,1019,1128,1310
1193,1286,1282,1366
1194,1250,1106,1289,1275,1230,1344
1195,1246,1071,1210
1196,1214,1170,1321,1201,1362
1197,1015,1094
1198,1371,1180,1220
1199,1057
1200,1297,1347,1316
1201,1109,1009,1362,1196,1083,1099,1240
1202,1069,1273
1203,1257,1060,1265,1279,1353
1204,988,1092
1205,1271,1250,1345
1206,1282,1147,1241,1308,1063,978,1027
1207,1006,1150
1208,1315,1160,1303
1209,1112,1267,1089
1210,1246,1071,1195
1211,1014,1158
1212,1166,1086,1243
1213,1182,1336
1214,1196,1170,1321,1279,1341
1215,1275,1264,1115,999,1271,1091,1217
1216,1070,1188,1088
1217,1215,1271,1091
1218,1055,1172,1263
1219,1028,1074,1163
1220,1371,1198,1180
1221,1246,1096,1236
1222,1326,1231,1157,1070,1176,1046
1223,1072,1239,1023,1146,1317,1378
1224,1365,1251,1327
1225,1020,1124,1136
1226,1382,1252
1227,1114,1026,1166
1228,1076,1175,1082
1229,1388,1189,1260
1230,1194,1275,1344
1231,1326,1222,1157
1232,1170,1125,1184,1276
1233,1325,1441,1323,1135,1190,1300
1234,1178,1274,1132,1183
1235,1272,1067
1236,1246,1096,1221
1237,1166
1238,1268,1101,1122,1286,1178,1052,1191
1239,1072,1223
1240,1201,1083,1099
1241,1206,1308
1242,1278,1292,1375
1243,1166,1212,1086
1244,1094,1253,1102
1245,1128,1059,1310,1395
1246,1427,1430,1397,1096,1236,1221,1071,1210,1195
1247,1185,1329,1090,1035
1248,1146,1317
1249,1255,1250
1250,1106,1194,1289,1271,1205,1345,1255,1249
1251,1365,1224,1327
1252,1113,1084,1045,1382,1226
1253,1094,1102,1244,1401,1369
1254,1255,1403
1255,1403,1254,1249,1250,1062,1064,1066
1256,1402,1270,1367,1104,1187,1080,1164,1151,1280
1257,1203,1060,1265,1357,1324
1258,1384,1338,1387
1259,1399,1318,1377
1260,1388,1189,1229
1261,1278,1318
1262,1186,1097,1126
1263,1055,1172,1218
1264,1298,1117,1295,1215,1275
1265,1203,1257,1060
1266,1148,1177,1073
1267,1112,1209,1089,1311,1372
1268,1092,1165,1269,1238,1101
1269,1092,1268,1165
1270,1402,1256,1367
1271,1215,1091,1217,1250,1205,1345
1272,1468,1396,1424,1235,1067
1273,1069,1202,1141,1299
1274,1178,1234
1275,1194,1230,1344,1215,1264
1276,1232,1184
1277,1171,1313
1278,1318,1261,1042,1130,1292,1375,1242
1279,1214,1341,1353,1203,1360,1361,1456
1280,1256,1164,1151
1281,1487,1302,1348
1282,1286,1366,1193,1206,1147
1283,1446,1439,1354,1173,1093
1284,1352,1482,1415,1119,1305
1285,1379,1179
1286,1282,1366,1193,1238,1122
1287,1394,1448,1384
1288,1382,1394
1289,1250,1106,1194
1290,1472,1306,1320
1291,1150,1297,1322,1328,1349
1292,1278,1375,1242,1346,1436,1304
1293,1435,1445,1312
1294,1347,1408
1295,1298,1264,1117
1296,1333,1391
1297,1291,1150,1322,1347,1200,1316
1298,1264,1117,1295,1437,1479
1299,1273,1141
1300,1233,1135,1190
1301,1308,1358,1488
1302,1487,1281,1348
1303,1315,1160,1208
1304,1292,1346,1436
1305,1119,1284
1306,1472,1290,1320
1307,1461,1448
1308,1358,1488,1301,1206,1241
1309,1461,1460,1425
1310,1245,1395,1192,1128
1311,1267,1372
1312,1435,1445,1293
1313,1171,1277
1314,1326,1358
1315,1454,1512,1356,1160,1208,1303
1316,1297,1347,1200
1317,1146,1248,1223,1378
1318,1399,1377,1259,1278,1261
1319,1461,1517
1320,1472,1306,1290
1321,1196,1214,1170
1322,1291,1150,1297
1323,1325,1441,1233
1324,1357,1257
1325,1441,1233,1323,1357,1383
1326,1358,1314,1495,1477,1222,1231,1157
1327,1365,1251,1224
1328,1422,1420,1349,1291
1329,1185,1247
1330,1535,1418,1410
1331,1481,1374,1480
1332,1476
1333,1368,1335,1485,1296,1391
1334,1511,1552,1486
1335,1368,1333,1485
1336,1440,1508,1339,1182,1213
1337,1408,1444
1338,1384,1387,1258,1434,1393
1339,1336,1440,1508
1340,1532,1504
1341,1279,1214
1342,1484,1445
1343,1350
1344,1194,1275,1230
1345,1271,1250,1205
1346,1292,1436,1304,1400,1502
1347,1297,1200,1316,1408,1294
1348,1487,1281,1302
1349,1328,1291
1350,1549,1554,1489,1343
1351,1465,1548
1352,1284,1482,1415,1368,1463
1353,1279,1203
1354,1446,1283,1439
1355,1484,1540,1503
1356,1454,1512,1315
1357,1257,1324,1383,1325,1559,1538,1474
1358,1308,1488,1301,1326,1314
1359,1504,1403,1531
1360,1279,1361,1456
1361,1279,1360,1456
1362,1201,1196
1363,1468,1440
1364,1482,1518,1462
1365,1490,1478,1533,1409,1251,1224,1327
1366,1286,1282,1193
1367,1402,1256,1270
1368,1352,1463,1569,1398,1333,1335,1485
1369,1401,1253
1370,1471,1390,1514
1371,1450,1473,1469,1464,1198,1180,1220
1372,1267,1311
1373,1515,1443,1521
1374,1481,1331,1480,1525,1590,1568
1375,1278,1292,1242
1376,1404,1523,1386
1377,1399,1318,1259
1378,1317,1223
1379,1493,1564,1389,1285,1179
1380,1534,1454
1381,1532,1544,1406
1382,1252,1226,1288,1394,1598,1452,1483
1383,1357,1325
1384,1394,1448,1287,1338,1387,1258
1385,1556,1546,1431
1386,1404,1376,1523
1387,1384,1338,1258
1388,1419,1595,1466,1189,1229,1260
1389,1493,1564,1379
1390,1471,1514,1370
1391,1333,1296
1392,1484,1399
1393,1338,1434
1394,1448,1384,1287,1382,1288
1395,1245,1310
1396,1468,1272,1424
1397,1427,1430,1246
1398,1426,1404,1565,1368,1569
1399,1318,1377,1259,1484,1392
1400,1346,1502
1401,1253,1369,1507,1419,1567,1475,1583
1402,1442,1516,1586,1536,1256,1270,1367
1403,1504,1531,1359,1255,1254
1404,1398,1426,1565,1421,1429,1566,1376,1523,1386
1405,1517,1574,1576
1406,1532,1544,1381
1407,1556,1574
1408,1347,1294,1337,1444,1527,1553
1409,1422,1476,1582,1365,1533
1410,1535,1418,1330
1411,1505,1570,1416,1528
1412,1599,1470,1526
1413,1572,1591,1481
1414,1531,1627,1530
1415,1284,1352,1482
1416,1505,1411,1570
1417,1550,1427
1418,1535,1410,1330
1419,1595,1388,1466,1401,1507
1420,1328,1422
1421,1404,1429,1566
1422,1409,1476,1582,1328,1420
1423,1605,1589
1424,1468,1272,1396
1425,1461,1460,1309
1426,1398,1404,1565,1506,1600
1427,1430,1246,1397,1550,1417
1428,1575,1441
1429,1404,1421,1566
1430,1427,1246,1397,1534,1432
1431,1556,1546,1385
1432,1534,1430
1433,1576
1434,1338,1393
1435,1445,1293,1312,1585,1449
1436,1292,1346,1304
1437,1447,1593,1479,1298,1535,1608,1501
1438,1603,1572
1439,1446,1283,1354
1440,1336,1508,1339,1468,1363
1441,1325,1233,1323,1575,1428
1442,1464,1626,1561,1402,1516
1443,1515,1521,1373,1607,1547
1444,1408,1337
1445,1435,1293,1312,1484,1342
1446,1524,1496,1543,1642,1283,1439,1354
1447,1589,1458,1596,1437,1593
1448,1394,1384,1287,1461,1307
1449,1585,1435
1450,1539,1643,1520,1371,1473
1451,1618,1510,1465
1452,1382,1598,1483
1453,1576,1594,1588
1454,1512,1315,1356,1534,1380
1455,1625,1472,1492
1456,1279,1360,1361
1457,1556,1634
1458,1589,1447,1596,1584
1459,1605,1591
1460,1461,1425,1309
1461,1448,1307,1319,1517,1460,1425,1309
1462,1482,1518,1364
1463,1368,1352
1464,1442,1626,1561,1371,1469
1465,1618,1510,1451,1351,1548
1466,1419,1595,1388
1467,1603,1512
1468,1440,1363,1615,1635,1272,1396,1424
1469,1371,1464
1470,1599,1412,1526
1471,1499,1558,1621,1491,1563,1612,1390,1514,1370
1472,1625,1455,1492,1306,1290,1320,1509,1560,1620
1473,1371,1450
1474,1357,1559,1538
1475,1401,1567,1583
1476,1409,1422,1582,1332
1477,1524,1662,1579,1326,1495
1478,1365,1490
1479,1437,1298
1480,1481,1374,1331
1481,1572,1591,1413,1374,1331,1480
1482,1284,1352,1415,1609,1518,1364,1462
1483,1382,1598,1452
1484,1445,1342,1392,1399,1355,1540,1503
1485,1368,1333,1335
1486,1511,1334,1552
1487,1619,1529,1573,1562,1281,1302,1348
1488,1308,1358,1301,1500
1489,1549,1554,1350
1490,1562,1671,1571,1365,1478
1491,1471,1563,1612
1492,1625,1472,1455
1493,1564,1379,1389,1575,1519
1494,1508,1647,1578
1495,1326,1477
1496,1446,1524
1497,1515,1539
1498,1606,1677,1587,1551
1499,1558,1471,1621,1506,1641
1500,1488
1501,1437,1535,1608
1502,1346,1400
1503,1484,1355,1540
1504,1403,1531,1359,1532,1340
1505,1541,1622,1667,1555,1411,1570,1416
1506,1426,1600,1641,1499,1522,1557,1637
1507,1401,1419
1508,1336,1440,1339,1647,1578,1494
1509,1472,1560,1620
1510,1618,1465,1451,1550,1545
1511,1658,1633,1665,1334,1552,1486
1512,1454,1315,1356,1603,1467
1513,1646,1604
1514,1471,1390,1370
1515,1687,1624,1497,1539,1443,1521,1373
1516,1402,1442
1517,1574,1576,1405,1461,1319
1518,1482,1364,1462
1519,1575,1493
1520,1539,1450,1643
1521,1515,1443,1373
1522,1506,1557,1637
1523,1404,1376,1386
1524,1477,1662,1579,1446,1496
1525,1374,1590,1568
1526,1599,1470,1412
1527,1408,1553
1528,1411
1529,1487,1619
1530,1531,1627,1414
1531,1504,1403,1359,1627,1414,1530
1532,1542,1645,1340,1504,1544,1381,1406
1533,1365,1409
1534,1430,1432,1380,1454,1679,1611,1669
1535,1437,1608,1501,1631,1682,1630,1418,1410,1330
1536,1541,1640,1652,1402,1586
1537,1585,1554
1538,1357,1559,1474
1539,1450,1643,1520,1515,1497
1540,1484,1355,1503
1541,1536,1640,1652,1505,1622
1542,1555,1628,1668,1532,1645
1543,1446,1642
1544,1532,1381,1406
1545,1550,1510
1546,1556,1431,1385
1547,1443,1607
1548,1465,1351
1549,1554,1350,1489,1670,1636
1550,1510,1545,1417,1427,1654,1691,1660
1551,1498
1552,1511,1334,1486
1553,1408,1527
1554,1549,1350,1489,1585,1537
1555,1542,1628,1668,1505,1667
1556,1574,1407,1457,1634,1546,1431,1385
1557,1506,1522,1637
1558,1499,1471,1621,1644,1688
1559,1357,1538,1474
1560,1472,1509,1620
1561,1464,1442,1626
1562,1490,1671,1571,1487,1573
1563,1471,1491,1612
1564,1493,1379,1389,1714,1648
1565,1398,1426,1404
1566,1404,1421,1429
1567,1401,1475,1583,1672,1701
1568,1374,1525,1590
1569,1368,1398
1570,1505,1411,1416
1571,1562,1490,1671
1572,1591,1481,1413,1603,1438
1573,1487,1562
1574,1517,1576,1405,1556,1407
1575,1441,1428,1519,1493,1710,1693,1650
1576,1517,1574,1405,1433,1594,1588,1453
1577,1659,1580,1661
1578,1508,1647,1494
1579,1477,1524,1662
1580,1659,1577,1661
1581,1605,1646,1678
1582,1409,1422,1476
1583,1401,1567,1475
1584,1458
1585,1554,1537,1449,1435,1694,1726,1681
1586,1402,1536
1587,1606,1677,1498
1588,1576,1594,1453
1589,1447,1458,1596,1605,1423
1590,1374,1525,1568
1591,1572,1481,1413,1605,1459
1592,1603,1696,1674
1593,1437,1447
1594,1576,1588,1453
1595,1419,1388,1466,1713,1617
1596,1589,1447,1458
1597,1628,1716
1598,1382,1452,1483
1599,1638,1614,1729,1692,1470,1412,1526
1600,1506,1426
1601,1683,1695
1602,1634,1638,1731
1603,1512,1467,1438,1572,1696,1674,1592
1604,1646,1513
1605,1591,1459,1423,1589,1646,1581,1678
1606,1677,1498,1587,1644,1649
1607,1443,1547
1608,1437,1535,1501
1609,1482
1610,1711,1695,1613
1611,1534,1679,1669
1612,1471,1491,1563
1613,1711,1695,1610
1614,1599,1638
1615,1468,1635
1616,1625,1730
1617,1713,1595
1618,1510,1465,1451,1763,1685
1619,1655,1755,1639,1487,1529
1620,1472,1509,1560
1621,1499,1558,1471
1622,1505,1541
1623,1625,1655
1624,1515,1687
1625,1730,1616,1623,1655,1472,1455,1492
1626,1464,1442,1561,1717,1686
1627,1531,1414,1530
1628,1555,1542,1668,1716,1597
1629,1653,1735,1718
1630,1535,1631,1682
1631,1535,1682,1630
1632,1703,1744,1651
1633,1658,1511,1665,1670,1663
1634,1638,1731,1602,1556,1457
1635,1719,1783,1709,1468,1615
1636,1670,1549
1637,1506,1522,1557
1638,1634,1731,1602,1599,1614
1639,1655,1619,1755
1640,1536,1541,1652,1774,1712,1664
1641,1506,1499
1642,1737,1789,1704,1446,1543
1643,1539,1450,1520
1644,1558,1688,1649,1606,1796,1748,1725
1645,1532,1542
1646,1605,1581,1678,1513,1604
1647,1508,1578,1494,1684,1753
1648,1714,1564
1649,1644,1606
1650,1575,1710,1693
1651,1703,1744,1632
1652,1536,1541,1640
1653,1735,1629,1718,1659,1761
1654,1550,1691,1660
1655,1619,1755,1639,1625,1623
1656,1723,1679
1657,1671
1658,1633,1511,1665,1747,1790
1659,1764,1707,1761,1653,1577,1580,1661
1660,1550,1654,1691
1661,1659,1577,1580
1662,1477,1524,1579,1720,1770
1663,1670,1633
1664,1640,1774,1712
1665,1658,1633,1511
1666,1769,1733,1749
1667,1505,1555
1668,1555,1542,1628
1669,1534,1679,1611
1670,1633,1663,1636,1549,1800,1784,1768
1671,1562,1490,1571,1657,1794,1715,1724
1672,1567,1701
1673,1792,1744
1674,1603,1696,1592
1675,1802,1689,1690
1676,1713,1777
1677,1606,1498,1587
1678,1605,1646,1581
1679,1534,1611,1669,1758,1708,1723,1656
1680,1746,1702,1817,1728
1681,1585,1694,1726
1682,1535,1631,1630
1683,1695,1601,1743,1760
1684,1647,1753
1685,1763,1618
1686,1765,1727,1626,1717
1687,1742,1804,1809,1515,1624
1688,1644,1558
1689,1802,1690,1675
1690,1802,1689,1675
1691,1550,1654,1660
1692,1599,1729
1693,1575,1710,1650
1694,1585,1726,1681
1695,1711,1613,1610,1683,1601
1696,1603,1674,1592,1811,1803
1697,1785,1771
1698,1785,1769,1793
1699,1771,1730,1823
1700,1792,1829
1701,1567,1672
1702,1680,1746
1703,1744,1651,1632,1799,1756
1704,1642,1737,1789
1705,1834,1830,1831
1706,1819,1825
1707,1659,1764
1708,1679,1758
1709,1635,1719,1783
1710,1575,1693,1650
1711,1695,1613,1610,1827,1767
1712,1640,1774,1664
1713,1595,1617,1676,1777,1791,1838,1776
1714,1564,1648,1734,1742,1840,1772,1805
1715,1671,1794,1724
1716,1628,1597
1717,1626,1686,1765,1787
1718,1653,1735,1629
1719,1635,1783,1709,1799,1814
1720,1662,1770
1721,1785,1826
1722,1757,1849,1736
1723,1758,1807,1679,1656
1724,1671,1794,1715
1725,1644,1796,1748
1726,1585,1694,1681
1727,1765,1686
1728,1766,1795,1846,1680,1817
1729,1599,1692
1730,1771,1823,1699,1625,1616
1731,1634,1638,1602,1821
1732,1825,1826,1836
1733,1769,1749,1666
1734,1714,1742
1735,1653,1629,1718,1819,1745
1736,1757,1849,1722
1737,1642,1789,1704,1763,1740
1738,1783
1739,1855,1781,1750
1740,1763,1737
1741,1775,1757,1844,1747,1812
1742,1687,1804,1809,1714,1734
1743,1683,1760
1744,1703,1651,1632,1792,1673
1745,1819,1735
1746,1777,1853,1788,1680,1702
1747,1741,1812,1790,1658,1808,1833,1863
1748,1644,1796,1725
1749,1769,1733,1666
1750,1855,1781,1739
1751,1829,1845,1860
1752,1823,1869,1782
1753,1647,1684
1754,1763,1864,1820
1755,1655,1619,1639,1786
1756,1799,1703
1757,1775,1741,1844,1849,1722,1736
1758,1679,1708,1723,1807
1759,1834,1841
1760,1778,1858,1839,1683,1743
1761,1659,1653
1762,1834,1845
1763,1737,1740,1685,1618,1864,1754,1820
1764,1841,1880,1798,1659,1707
1765,1717,1787,1686,1727,1779
1766,1728,1795,1846,1818,1868
1767,1827,1711
1768,1670,1800,1784
1769,1785,1793,1698,1854,1872,1875,1733,1749,1666
1770,1662,1720
1771,1730,1823,1699,1785,1697
1772,1714,1840,1805
1773,1774,1847
1774,1640,1712,1664,1773,1847
1775,1741,1757,1844,1801,1873
1776,1713,1791,1838
1777,1746,1853,1788,1713,1676
1778,1760,1858,1839,1801,1865
1779,1765
1780,1860,1887,1871
1781,1855,1739,1750
1782,1823,1869,1752
1783,1635,1719,1709,1738
1784,1670,1800,1768
1785,1826,1721,1697,1771,1769,1793,1698
1786,1755
1787,1717,1765
1788,1777,1746,1853
1789,1642,1737,1704
1790,1747,1658
1791,1713,1838,1776
1792,1744,1673,1700,1829
1793,1785,1769,1698
1794,1671,1715,1724
1795,1728,1766,1846
1796,1644,1748,1725
1797,1802,1810,1874
1798,1841,1764,1880
1799,1719,1814,1756,1703
1800,1670,1784,1768
1801,1778,1865,1873,1775,1886,1822,1816
1802,1815,1813,1877,1689,1690,1675,1810,1797,1874
1803,1696,1811
1804,1742,1687,1809,1884,1883,1851
1805,1714,1840,1772
1806,1861,1824
1807,1758,1723
1808,1747,1833,1863,1856,1878,1891
1809,1742,1687,1804
1810,1802,1797,1874
1811,1696,1803
1812,1747,1741
1813,1815,1802,1877,1827,1862
1814,1799,1719
1815,1813,1802,1877,1818,1882
1816,1801,1886,1822
1817,1680,1728
1818,1766,1868,1882,1815,1855,1843,1890
1819,1735,1745,1706,1825
1820,1763,1864,1754
1821,1731
1822,1801,1886,1816
1823,1771,1730,1699,1869,1782,1752
1824,1861,1806
1825,1826,1836,1732,1819,1706
1826,1825,1836,1732,1785,1721
1827,1813,1862,1767,1711,1876,1893,1888
1828,1850,1832
1829,1845,1860,1751,1792,1700
1830,1834,1705,1831
1831,1834,1705,1830
1832,1850,1828
1833,1747,1808,1863
1834,1845,1762,1759,1841,1705,1830,1831
1835,1876,1867
1836,1825,1826,1732,1892
1837,1856,1857
1838,1713,1791,1776
1839,1760,1778,1858
1840,1714,1772,1805
1841,1764,1880,1798,1834,1759
1842,1850,1870
1843,1818,1855,1890
1844,1775,1741,1757
1845,1829,1860,1751,1834,1762
1846,1728,1766,1795
1847,1774,1773
1848,1869,1850
1849,1757,1722,1736
1850,1869,1848,1832,1828,1870,1842
1851,1804,1884,1883
1852,1880,1861,1896
1853,1777,1746,1788
1854,1769,1872,1875
1855,1818,1843,1890,1781,1739,1750,1889,1881,1898
1856,1808,1878,1891,1837,1857
1857,1856,1837
1858,1760,1778,1839
1859,1897,1879,1894
1860,1829,1845,1751,1780,1887,1871
1861,1880,1896,1852,1824,1806
1862,1827,1813
1863,1747,1808,1833
1864,1763,1754,1820,1897,1866,1895
1865,1801,1778
1866,1864,1897,1895
1867,1876,1835
1868,1818,1766
1869,1823,1782,1752,1850,1848
1870,1850,1842
1871,1860,1780,1887
1872,1769,1854,1875
1873,1801,1775
1874,1802,1810,1797
1875,1769,1854,1872
1876,1827,1893,1888,1867,1835
1877,1815,1813,1802
1878,1808,1856,1891
1879,1897,1859,1894
1880,1841,1764,1798,1861,1896,1852
1881,1855,1889,1898
1882,1818,1815
1883,1804,1884,1851
1884,1804,1883,1851,1885,1900,1899
1885,1884,1900,1899
1886,1801,1822,1816
1887,1860,1780,1871
1888,1827,1876,1893
1889,1855,1881,1898
1890,1818,1855,1843
1891,1808,1856,1878
1892,1836
1893,1827,1876,1888
1894,1897,1859,1879
1895,1864,1897,1866
1896,1880,1861,1852
1897,1864,1866,1895,1859,1879,1894
1898,1855,1889,1881
1899,1884,1885,1900
1900,1884,1885,1899
