ID1,ID2,ID3,Kt,theta0
4,5,0,33.0000,1.8815
5,6,1,80.0000,2.1014
6,5,0,35.0000,1.9111
6,5,4,35.0000,1.9111
12,11,2,33.0000,1.8815
13,20,10,33.0000,1.8815
14,16,5,50.0000,2.1276
15,21,8,35.0000,1.9111
16,5,0,35.0000,1.9111
16,5,4,35.0000,1.9111
16,5,6,63.0000,1.9216
16,14,3,80.0000,2.1450
17,11,2,33.0000,1.8815
17,11,12,33.0000,1.8815
18,6,1,80.0000,2.1450
18,6,5,70.0000,2.0351
18,23,9,35.0000,1.9111
19,20,10,33.0000,1.8815
19,20,13,33.0000,1.8815
21,8,7,55.0000,1.8937
22,21,8,35.0000,1.9111
22,21,15,33.0000,1.8815
23,18,6,50.0000,2.1276
23,25,11,58.3500,1.9670
25,11,2,37.5000,1.9321
25,11,12,37.5000,1.9321
25,11,17,37.5000,1.9321
25,23,9,37.5000,1.9321
25,23,18,80.0000,1.9146
27,25,11,50.0000,1.9111
27,25,23,50.0000,1.9111
29,33,14,35.0000,1.9111
30,16,5,38.0000,2.0665
30,16,14,35.0000,2.0909
31,18,6,35.0000,2.0909
31,18,23,38.0000,2.0665
33,14,3,80.0000,2.1014
33,14,16,70.0000,2.0351
34,23,9,35.0000,1.9111
34,23,18,63.0000,1.9216
34,23,25,63.0000,1.9391
35,37,34,35.0000,2.0909
36,27,25,55.0000,1.8937
37,34,23,70.0000,2.0351
38,43,21,63.0000,1.9391
38,47,33,50.0000,2.1276
39,34,23,80.0000,2.1014
39,34,37,80.0000,2.1450
40,20,10,37.5000,1.9321
40,20,13,37.5000,1.9321
40,20,19,37.5000,1.9321
40,41,32,55.0000,1.8937
40,53,37,80.0000,1.9146
41,40,20,50.0000,1.9111
42,50,33,37.5000,1.9321
43,21,8,50.0000,1.9111
43,21,15,37.5000,1.9321
43,21,22,37.5000,1.9321
43,38,24,80.0000,2.1014
44,46,28,35.0000,2.0944
45,25,11,37.5000,1.9321
45,25,23,37.5000,1.9321
45,25,27,35.0000,1.9111
46,44,26,35.0000,2.0944
47,33,14,63.0000,1.9216
47,33,29,35.0000,1.9111
47,38,24,80.0000,2.1450
47,38,43,70.0000,2.0351
49,53,37,35.0000,1.9111
49,53,40,37.5000,1.9321
50,33,14,63.0000,1.9391
50,33,29,37.5000,1.9321
50,33,47,80.0000,1.9146
51,43,21,37.5000,1.9321
51,43,38,35.0000,1.9111
52,40,20,37.5000,1.9321
52,40,41,35.0000,1.9111
53,37,34,50.0000,2.1276
53,37,35,38.0000,2.0665
53,40,20,58.3500,1.9670
53,40,41,50.0000,1.9111
53,40,52,37.5000,1.9321
54,43,21,80.0000,1.9146
54,43,38,63.0000,1.9216
54,43,51,35.0000,1.9111
56,47,33,38.0000,2.0665
56,47,38,35.0000,2.0909
57,60,50,70.0000,2.0420
58,61,54,80.0000,2.1450
60,50,33,63.0000,1.9391
60,50,42,35.0000,1.9111
61,54,43,50.0000,2.1276
62,54,43,38.0000,2.0665
62,54,61,35.0000,2.0909
63,65,44,70.0000,2.0944
64,60,50,70.0000,2.0420
64,60,57,80.0000,2.1991
65,44,26,35.0000,2.0944
65,44,46,63.0000,2.0944
67,50,33,37.5000,1.9321
67,50,42,33.0000,1.8815
67,50,60,35.0000,1.9111
68,46,28,35.0000,2.0944
68,46,44,63.0000,2.0944
68,69,48,35.0000,1.9111
69,68,46,70.0000,2.0944
69,79,61,63.0000,1.9391
70,72,59,35.0000,2.0944
72,70,55,35.0000,2.0944
75,63,65,35.0000,1.9722
76,81,71,33.0000,1.8815
77,69,48,33.0000,1.8815
77,69,68,35.0000,1.9111
78,81,71,33.0000,1.8815
78,81,76,33.0000,1.8815
79,61,54,70.0000,2.0351
79,61,58,80.0000,2.1014
79,69,48,37.5000,1.9321
79,69,68,63.0000,1.9897
79,69,77,37.5000,1.9321
80,53,37,63.0000,1.9216
80,53,40,63.0000,1.9391
80,53,49,35.0000,1.9111
82,83,66,33.0000,1.8815
83,91,74,35.0000,1.9111
84,79,61,35.0000,1.9111
84,79,69,37.5000,1.9321
85,95,80,35.0000,2.0909
87,65,44,63.0000,2.0944
87,65,63,70.0000,2.0944
87,89,68,63.0000,2.0944
89,68,46,63.0000,2.0944
89,68,69,70.0000,2.0944
89,87,65,63.0000,2.0944
90,80,53,80.0000,2.1014
91,83,66,35.0000,1.9111
91,83,82,35.0000,1.9111
92,93,73,33.0000,1.8815
93,101,83,58.3500,1.9670
95,80,53,70.0000,2.0351
95,80,90,80.0000,2.1450
96,100,70,35.0000,2.0944
100,70,55,35.0000,2.0944
100,70,72,63.0000,2.0944
101,83,66,37.5000,1.9321
101,83,82,37.5000,1.9321
101,83,91,80.0000,1.9408
101,93,73,37.5000,1.9321
101,93,92,37.5000,1.9321
102,72,59,35.0000,2.0944
102,72,70,85.0000,2.0944
102,119,98,35.0000,2.1485
103,114,97,35.0000,2.1223
104,91,74,35.0000,1.9111
104,91,83,35.0000,1.9111
105,91,74,35.0000,1.9111
105,91,83,35.0000,1.9111
105,91,104,35.0000,1.9111
106,115,97,35.0000,2.0944
107,101,83,37.5000,1.9321
107,101,93,37.5000,1.9321
108,79,61,63.0000,1.9216
108,79,69,80.0000,1.9146
108,79,84,35.0000,1.9111
109,126,99,33.0000,1.8815
110,87,65,35.0000,2.0944
110,87,89,35.0000,2.0944
111,108,79,38.0000,2.0665
112,89,68,35.0000,2.0944
112,89,87,35.0000,2.0944
114,97,86,35.0000,2.0944
115,97,86,35.0000,2.0944
115,97,114,70.0000,1.9164
116,124,93,58.3500,1.9670
116,127,113,50.0000,2.1276
119,102,72,70.0000,2.3178
120,124,93,37.5000,1.9321
120,124,116,37.5000,1.9321
122,129,113,35.0000,1.9111
124,93,73,37.5000,1.9321
124,93,92,37.5000,1.9321
124,93,101,58.3500,1.9670
124,116,88,37.5000,1.9321
125,81,71,37.5000,1.9321
125,81,76,37.5000,1.9321
125,81,78,37.5000,1.9321
125,129,113,63.0000,1.9391
125,129,122,37.5000,1.9321
125,134,123,37.5000,1.9321
127,113,94,80.0000,2.1450
127,116,88,35.0000,1.9111
127,116,124,80.0000,1.9146
128,134,123,33.0000,1.8815
128,134,125,37.5000,1.9321
129,113,94,80.0000,2.1014
129,113,127,70.0000,2.0351
129,125,81,58.3500,1.9670
130,144,116,80.0000,2.1014
132,101,83,37.5000,1.9321
132,101,93,37.5000,1.9321
132,101,107,33.0000,1.8815
133,115,97,70.0000,2.0944
133,115,106,35.0000,2.0944
133,135,114,70.0000,1.9373
134,125,81,58.3500,1.9670
134,125,129,58.3500,1.9670
135,114,97,70.0000,1.8553
135,114,103,35.0000,2.2811
135,133,115,70.0000,1.9199
136,126,99,35.0000,1.9111
136,126,109,35.0000,1.9111
137,125,81,37.5000,1.9321
137,125,129,37.5000,1.9321
137,125,134,37.5000,1.9321
138,145,136,35.0000,2.0944
139,95,80,50.0000,2.1276
139,95,85,38.0000,2.0665
139,162,135,63.0000,1.9897
141,139,95,35.0000,1.9111
142,108,79,50.0000,2.1276
142,108,111,35.0000,2.0909
143,142,108,80.0000,2.1450
144,116,88,35.0000,1.9111
144,116,124,63.0000,1.9391
144,116,127,63.0000,1.9216
145,136,126,70.0000,2.1817
147,127,113,35.0000,2.0909
147,127,116,38.0000,2.0665
148,169,126,80.0000,1.9146
151,100,70,63.0000,2.0944
151,100,96,35.0000,2.0944
151,155,102,85.0000,2.0281
152,173,139,80.0000,2.1014
154,136,126,70.0000,2.2445
154,136,145,85.0000,1.8570
154,161,146,35.0000,2.0944
155,102,72,85.0000,2.1415
155,102,119,70.0000,1.8221
155,151,100,63.0000,2.0944
156,174,153,58.3500,1.9670
156,185,148,70.0000,2.0351
157,124,93,37.5000,1.9321
157,124,116,37.5000,1.9321
157,124,120,33.0000,1.8815
158,174,153,37.5000,1.9321
158,174,156,37.5000,1.9321
159,119,98,35.0000,2.0944
159,119,102,70.0000,1.9478
159,190,155,85.0000,1.8570
160,162,135,35.0000,1.9111
160,162,139,37.5000,1.9321
161,154,136,85.0000,2.3544
162,135,114,70.0000,2.2811
162,135,133,70.0000,2.1729
162,139,95,80.0000,1.9146
162,139,141,37.5000,1.9321
163,177,140,33.0000,1.8815
166,153,117,33.0000,1.8815
167,153,117,33.0000,1.8815
167,153,166,33.0000,1.8815
169,126,99,37.5000,1.9321
169,126,109,37.5000,1.9321
169,126,136,63.0000,2.0176
169,148,118,38.0000,2.0665
171,145,136,70.0000,1.8972
171,145,138,35.0000,2.1223
171,186,154,70.0000,1.8221
173,139,95,63.0000,1.9216
173,139,141,35.0000,1.9111
173,139,162,63.0000,1.9391
174,153,117,37.5000,1.9321
174,153,166,37.5000,1.9321
174,153,167,37.5000,1.9321
174,156,121,37.5000,1.9321
175,199,168,35.0000,2.0944
176,184,156,50.0000,2.1276
178,171,145,35.0000,2.0944
180,159,119,35.0000,2.1223
182,134,123,33.0000,1.8815
182,134,125,37.5000,1.9321
182,134,128,33.0000,1.8815
183,206,176,35.0000,1.9111
184,156,121,35.0000,1.9111
184,156,174,80.0000,1.9146
184,176,150,80.0000,2.1450
185,148,118,35.0000,2.0909
185,148,169,50.0000,2.1276
185,156,121,35.0000,1.9111
185,156,174,63.0000,1.9391
185,156,184,63.0000,1.9216
186,154,136,85.0000,1.8989
186,154,161,85.0000,2.0281
186,171,145,70.0000,1.9478
186,171,178,35.0000,2.1485
188,200,142,35.0000,1.9111
189,151,100,35.0000,2.0944
189,151,155,35.0000,2.0944
190,155,102,85.0000,1.8989
190,155,151,85.0000,2.3544
190,159,119,70.0000,1.8972
190,159,180,35.0000,2.0944
191,129,113,63.0000,1.9216
191,129,122,35.0000,1.9111
191,129,125,80.0000,1.9146
193,144,116,70.0000,2.0351
193,144,130,80.0000,2.1450
195,219,193,35.0000,1.9111
196,169,126,37.5000,1.9321
196,169,148,35.0000,1.9111
197,177,140,33.0000,1.8815
197,177,163,33.0000,1.8815
198,214,175,35.0000,2.0944
199,175,131,35.0000,2.0944
200,142,108,70.0000,2.0351
200,142,143,80.0000,2.1014
200,218,177,58.3500,1.9670
201,193,144,35.0000,2.0909
202,191,129,38.0000,2.0665
203,205,170,33.0000,1.8815
204,221,192,70.0000,2.0944
205,206,176,63.0000,1.9391
205,206,183,37.5000,1.9321
206,176,150,80.0000,2.1014
206,176,184,70.0000,2.0351
206,205,170,37.5000,1.9321
206,205,203,37.5000,1.9321
207,192,149,35.0000,2.0944
208,184,156,38.0000,2.0665
208,184,176,35.0000,2.0909
209,161,146,35.0000,2.0944
209,161,154,63.0000,2.0944
210,169,126,63.0000,1.9391
210,169,148,63.0000,1.9216
210,169,196,35.0000,1.9111
210,213,181,35.0000,2.0909
211,162,135,35.0000,1.9111
211,162,139,37.5000,1.9321
211,162,160,33.0000,1.8815
212,217,179,70.0000,2.0944
213,210,169,70.0000,2.0351
214,175,131,35.0000,2.0944
214,175,199,63.0000,2.0944
215,209,161,35.0000,2.0944
217,179,194,35.0000,1.9722
217,212,172,35.0000,2.0944
218,177,140,37.5000,1.9321
218,177,163,37.5000,1.9321
218,177,197,37.5000,1.9321
218,200,142,63.0000,1.9391
218,200,188,37.5000,1.9321
219,193,144,50.0000,2.1276
219,193,201,38.0000,2.0665
220,186,154,85.0000,2.1415
220,186,171,70.0000,2.3178
220,234,209,63.0000,2.0944
221,192,149,35.0000,2.0944
221,192,207,35.0000,2.0944
221,204,164,35.0000,2.0944
222,229,191,80.0000,2.1450
224,187,165,35.0000,1.9722
226,173,139,70.0000,2.0351
226,173,152,80.0000,2.1450
227,249,224,35.0000,2.0944
228,185,148,80.0000,2.1450
228,185,156,80.0000,2.1014
229,191,129,50.0000,2.1276
229,191,202,35.0000,2.0909
230,174,153,50.0000,1.9111
230,174,156,50.0000,1.9111
230,174,158,35.0000,1.9111
231,218,177,37.5000,1.9321
231,218,200,37.5000,1.9321
232,204,164,35.0000,2.0944
232,204,221,35.0000,2.0944
233,256,224,35.0000,2.0944
234,209,161,63.0000,2.0944
234,209,215,35.0000,2.0944
234,220,186,85.0000,2.0944
235,237,200,38.0000,2.0665
236,258,219,80.0000,2.1014
237,200,142,63.0000,1.9216
237,200,188,35.0000,1.9111
237,200,218,80.0000,1.9146
238,248,212,35.0000,2.0944
240,190,155,70.0000,2.2445
240,190,159,70.0000,2.1817
240,257,213,80.0000,1.9146
242,210,169,80.0000,2.1014
242,210,213,80.0000,2.1450
243,220,186,35.0000,2.0944
243,220,234,35.0000,2.0944
244,226,173,35.0000,2.0909
245,240,190,35.0000,1.9111
247,230,174,55.0000,1.8937
248,212,172,35.0000,2.0944
248,212,217,63.0000,2.0944
249,224,187,70.0000,2.0944
250,270,223,33.0000,1.8815
253,199,168,35.0000,2.0944
253,199,175,63.0000,2.0944
254,219,193,35.0000,1.9111
254,219,195,33.0000,1.8815
256,224,187,70.0000,2.0944
256,224,249,63.0000,2.0944
257,213,181,38.0000,2.0665
257,213,210,50.0000,2.1276
257,240,190,63.0000,2.0176
257,240,245,37.5000,1.9321
258,219,193,63.0000,1.9216
258,219,195,35.0000,1.9111
258,219,254,35.0000,1.9111
259,275,225,33.0000,1.8815
261,287,255,33.0000,1.8815
263,234,209,35.0000,2.0944
263,234,220,35.0000,2.0944
264,268,205,37.5000,1.9321
265,285,239,33.0000,1.8815
267,284,218,37.5000,1.9321
268,205,170,37.5000,1.9321
268,205,203,37.5000,1.9321
268,205,206,58.3500,1.9670
269,257,213,35.0000,1.9111
269,257,240,37.5000,1.9321
270,280,226,80.0000,1.9146
272,206,176,63.0000,1.9216
272,206,183,35.0000,1.9111
272,206,205,80.0000,1.9146
272,295,246,80.0000,2.1450
272,322,268,80.0000,1.9146
273,214,175,63.0000,2.0944
273,214,198,35.0000,2.0944
273,302,253,85.0000,2.1415
274,287,255,33.0000,1.8815
274,287,261,33.0000,1.8815
275,299,253,70.0000,2.2445
280,226,173,50.0000,2.1276
280,226,244,38.0000,2.0665
280,270,223,37.5000,1.9321
280,270,250,37.5000,1.9321
282,217,179,70.0000,2.0944
282,217,212,63.0000,2.0944
283,240,190,35.0000,1.9111
283,240,245,33.0000,1.8815
283,240,257,37.5000,1.9321
284,218,177,58.3500,1.9670
284,218,200,58.3500,1.9670
284,218,231,37.5000,1.9321
285,304,251,70.0000,1.8850
286,268,205,37.5000,1.9321
286,268,264,33.0000,1.8815
289,237,200,50.0000,2.1276
289,237,235,35.0000,2.0909
290,289,237,80.0000,2.1450
291,221,192,70.0000,2.0944
291,221,204,70.0000,2.0944
293,334,284,37.5000,1.9321
294,282,217,35.0000,2.0944
295,272,206,50.0000,2.1276
298,307,260,38.0000,2.0665
299,253,199,85.0000,2.3544
299,275,225,35.0000,1.9111
299,275,259,35.0000,1.9111
300,298,241,33.0000,1.8815
301,308,229,35.0000,1.9111
302,253,199,85.0000,2.0281
302,253,299,85.0000,1.8989
302,273,214,85.0000,2.0944
304,251,216,35.0000,1.9722
304,285,239,35.0000,1.9111
304,285,265,35.0000,1.9111
305,333,279,33.0000,1.8815
306,280,226,63.0000,1.9216
306,280,270,63.0000,1.9391
307,298,241,35.0000,1.9111
307,298,300,35.0000,1.9111
308,229,191,70.0000,2.0351
308,229,222,80.0000,2.1014
308,339,296,37.5000,1.9321
310,306,280,80.0000,2.1014
312,273,214,35.0000,2.0944
312,273,302,35.0000,2.0944
314,341,275,63.0000,1.9391
315,360,288,35.0000,1.9111
316,249,224,63.0000,2.0944
316,249,227,35.0000,2.0944
317,291,221,35.0000,2.0944
318,346,291,35.0000,1.9111
319,256,224,63.0000,2.0944
319,256,233,35.0000,2.0944
319,358,316,63.0000,2.0944
321,341,275,80.0000,1.9146
321,341,314,63.0000,1.9216
322,268,205,58.3500,1.9670
322,268,264,37.5000,1.9321
322,268,286,37.5000,1.9321
322,272,206,50.0000,2.0595
322,272,295,50.0000,2.1276
323,362,303,33.0000,1.8815
325,248,212,63.0000,2.0944
325,248,238,35.0000,2.0944
325,349,282,63.0000,2.0944
327,284,218,37.5000,1.9321
327,284,267,33.0000,1.8815
328,345,281,33.0000,1.8815
329,355,309,70.0000,2.0420
331,346,291,35.0000,1.9111
331,346,318,33.0000,1.8815
332,339,296,35.0000,1.9111
332,339,308,50.0000,1.9111
333,380,326,37.5000,1.9321
334,284,218,58.3500,1.9670
334,284,267,37.5000,1.9321
334,284,327,37.5000,1.9321
335,280,226,35.0000,1.9111
335,280,270,37.5000,1.9321
335,280,306,35.0000,1.9111
336,365,289,63.0000,1.9216
338,258,219,70.0000,2.0351
338,258,236,80.0000,2.1450
339,308,229,63.0000,1.9391
339,308,301,37.5000,1.9321
340,257,213,63.0000,1.9216
340,257,240,63.0000,1.9391
340,257,269,35.0000,1.9111
340,350,297,35.0000,2.0909
341,275,225,37.5000,1.9321
341,275,259,37.5000,1.9321
341,275,299,63.0000,2.0176
341,314,271,80.0000,2.1014
341,321,266,38.0000,2.0665
342,270,223,35.0000,1.9111
342,270,250,35.0000,1.9111
342,270,280,63.0000,1.9897
342,364,313,35.0000,2.0944
343,376,329,37.5000,1.9321
344,316,249,35.0000,2.0944
345,366,311,37.5000,1.9321
346,291,221,50.0000,2.1502
346,291,317,35.0000,2.0665
347,376,329,37.5000,1.9321
347,376,343,33.0000,1.8815
348,368,285,58.3500,1.9670
348,390,321,70.0000,2.0351
349,282,217,63.0000,2.0944
349,282,294,35.0000,2.0944
349,325,248,63.0000,2.0944
350,340,257,70.0000,2.0351
351,319,256,35.0000,2.0944
352,398,348,50.0000,2.1276
353,370,315,50.0000,2.1276
353,387,336,70.0000,2.0351
354,329,262,33.0000,1.8815
355,329,262,35.0000,1.9111
355,329,354,35.0000,1.9111
356,306,280,70.0000,2.0351
356,306,310,80.0000,2.1450
357,314,271,80.0000,2.1450
357,314,341,70.0000,2.0351
357,360,288,35.0000,1.9111
357,360,315,63.0000,1.9216
358,316,249,63.0000,2.0944
358,316,344,35.0000,2.0944
358,319,256,63.0000,2.0944
358,319,351,35.0000,2.0944
359,338,258,35.0000,2.0909
360,315,252,80.0000,2.1014
360,357,314,50.0000,2.1276
361,356,306,35.0000,2.0909
362,411,333,58.3500,1.9670
363,322,268,37.5000,1.9321
363,322,272,35.0000,1.9111
364,342,270,70.0000,2.0944
365,289,237,70.0000,2.0351
365,289,290,80.0000,2.1014
365,336,292,38.0000,2.0665
366,345,281,37.5000,1.9321
366,345,328,37.5000,1.9321
366,377,324,35.0000,2.0665
368,285,239,37.5000,1.9321
368,285,265,37.5000,1.9321
368,285,304,63.0000,1.9391
368,348,277,37.5000,1.9321
369,401,353,37.5000,1.9321
370,315,252,80.0000,2.1450
370,315,360,70.0000,2.0351
370,353,278,35.0000,1.9111
371,334,284,37.5000,1.9321
371,334,293,33.0000,1.8815
372,373,298,70.0000,2.0351
372,415,352,63.0000,1.9216
373,298,241,35.0000,1.9111
373,298,300,35.0000,1.9111
373,298,307,63.0000,1.9216
373,372,320,35.0000,2.0909
374,401,353,50.0000,1.9111
374,401,369,35.0000,1.9111
376,329,262,37.5000,1.9321
376,329,354,37.5000,1.9321
376,329,355,63.0000,1.9391
377,366,311,35.0000,1.9111
377,366,345,80.0000,1.9408
378,408,325,35.0000,1.9111
379,332,339,55.0000,1.8937
380,333,279,37.5000,1.9321
380,333,305,37.5000,1.9321
380,385,307,70.0000,2.0351
381,299,253,85.0000,1.8570
381,299,275,70.0000,2.1817
381,386,302,70.0000,1.9478
382,322,268,37.5000,1.9321
382,322,272,35.0000,1.9111
382,322,363,33.0000,1.8815
383,384,308,38.0000,2.0665
384,308,229,63.0000,1.9216
384,308,301,35.0000,1.9111
384,308,339,80.0000,1.9146
385,307,260,35.0000,2.0909
385,307,298,50.0000,2.1276
385,380,326,35.0000,1.9111
385,380,333,63.0000,1.9391
386,302,253,70.0000,1.8221
386,302,273,70.0000,2.3178
386,381,299,70.0000,1.8972
387,336,292,35.0000,2.0909
387,336,365,50.0000,2.1276
387,353,278,35.0000,1.9111
387,353,370,63.0000,1.9216
389,304,251,80.0000,2.1118
389,304,285,80.0000,2.1014
390,321,266,35.0000,2.0909
390,321,341,50.0000,2.1276
390,348,277,35.0000,1.9111
390,348,368,63.0000,1.9391
392,365,289,35.0000,1.9111
392,365,336,35.0000,1.9111
393,355,309,80.0000,2.1991
393,355,329,70.0000,2.0420
394,368,285,37.5000,1.9321
394,368,348,37.5000,1.9321
395,287,255,37.5000,1.9321
395,287,261,37.5000,1.9321
395,287,274,37.5000,1.9321
395,425,375,38.0000,2.0665
397,334,284,37.5000,1.9321
397,334,293,33.0000,1.8815
397,334,371,33.0000,1.8815
398,348,277,35.0000,1.9111
398,348,368,80.0000,1.9146
398,348,390,63.0000,1.9216
398,352,276,80.0000,2.1450
400,438,362,37.5000,1.9321
401,353,278,37.5000,1.9321
401,353,370,80.0000,1.9146
401,353,387,63.0000,1.9391
401,374,330,55.0000,1.8937
402,416,342,35.0000,2.0944
403,419,356,35.0000,1.9111
404,357,314,35.0000,2.0909
404,357,360,38.0000,2.0665
405,421,338,35.0000,1.9111
406,295,246,80.0000,2.1014
406,295,272,70.0000,2.0351
406,413,399,38.0000,2.0665
407,340,257,80.0000,2.1014
407,340,350,80.0000,2.1450
408,325,248,70.0000,2.0944
408,325,349,70.0000,2.0944
408,443,350,80.0000,1.9146
410,451,391,33.0000,1.8815
411,333,279,37.5000,1.9321
411,333,305,37.5000,1.9321
411,333,380,58.3500,1.9670
411,362,303,37.5000,1.9321
411,362,323,37.5000,1.9321
412,395,287,63.0000,1.9391
412,413,399,35.0000,2.0909
412,413,406,50.0000,2.1276
413,406,295,63.0000,1.9216
413,412,395,70.0000,2.0351
414,415,352,63.0000,1.9391
414,415,372,80.0000,1.9146
415,352,276,80.0000,2.1014
415,352,398,70.0000,2.0351
415,372,320,38.0000,2.0665
415,372,373,50.0000,2.1276
415,414,337,37.5000,1.9321
416,342,270,70.0000,2.0944
416,342,364,63.0000,2.0944
417,419,356,63.0000,1.9216
417,419,403,35.0000,1.9111
418,339,296,33.0000,1.8815
418,339,308,37.5000,1.9321
418,339,332,35.0000,1.9111
419,356,306,50.0000,2.1276
419,356,361,38.0000,2.0665
419,417,396,80.0000,2.1014
420,412,395,80.0000,2.1014
420,412,413,80.0000,2.1450
421,338,258,50.0000,2.1276
421,338,359,38.0000,2.0665
421,432,345,58.3500,1.9670
422,341,275,37.5000,1.9321
422,341,314,35.0000,1.9111
422,341,321,35.0000,1.9111
423,349,282,35.0000,2.0944
423,349,325,35.0000,2.0944
424,373,298,80.0000,2.1014
424,373,372,80.0000,2.1450
425,395,287,80.0000,1.9146
425,395,412,63.0000,1.9216
426,445,367,33.0000,1.8815
427,365,289,35.0000,1.9111
427,365,336,35.0000,1.9111
427,365,392,33.0000,1.8815
428,463,409,33.0000,1.8815
430,414,337,33.0000,1.8815
430,414,415,37.5000,1.9321
431,441,377,70.0000,2.0944
432,345,281,37.5000,1.9321
432,345,328,37.5000,1.9321
432,345,366,58.3500,1.9670
432,421,338,80.0000,1.9146
432,421,405,37.5000,1.9321
433,368,285,37.5000,1.9321
433,368,348,37.5000,1.9321
433,368,394,33.0000,1.8815
434,406,295,35.0000,1.9111
434,406,413,35.0000,1.9111
436,395,287,37.5000,1.9321
436,395,412,35.0000,1.9111
436,395,425,35.0000,1.9111
437,450,358,35.0000,1.9111
438,362,303,37.5000,1.9321
438,362,323,37.5000,1.9321
438,362,411,58.3500,1.9670
439,366,311,33.0000,1.8815
439,366,345,37.5000,1.9321
439,366,377,35.0000,1.9111
440,450,358,35.0000,1.9111
440,450,437,33.0000,1.8815
441,377,324,35.0000,2.0944
441,377,366,50.0000,2.1502
441,431,388,35.0000,2.0944
442,370,315,35.0000,2.0909
442,370,353,38.0000,2.0665
443,350,297,38.0000,2.0665
443,350,340,50.0000,2.1276
443,408,325,63.0000,1.9897
443,408,378,37.5000,1.9321
444,484,438,35.0000,1.9111
445,485,414,58.3500,1.9670
446,381,299,35.0000,2.0944
446,381,386,35.0000,2.1223
447,384,308,50.0000,2.1276
447,384,383,35.0000,2.0909
448,432,345,37.5000,1.9321
448,432,421,37.5000,1.9321
449,411,333,37.5000,1.9321
449,411,362,37.5000,1.9321
450,358,316,70.0000,2.0944
450,358,319,70.0000,2.0944
452,386,302,35.0000,2.1485
452,386,381,35.0000,2.0944
453,447,384,80.0000,2.1450
454,406,295,35.0000,1.9111
454,406,413,35.0000,1.9111
454,406,434,33.0000,1.8815
455,502,451,37.5000,1.9321
456,385,307,80.0000,2.1450
456,385,380,80.0000,2.1014
459,346,291,80.0000,1.9408
459,346,318,37.5000,1.9321
459,346,331,37.5000,1.9321
460,387,336,80.0000,2.1450
460,387,353,80.0000,2.1014
461,364,313,35.0000,2.0944
461,364,342,63.0000,2.0944
462,493,459,37.5000,1.9321
464,461,364,35.0000,2.0944
465,398,348,38.0000,2.0665
465,398,352,35.0000,2.0909
466,411,333,37.5000,1.9321
466,411,362,37.5000,1.9321
466,411,449,33.0000,1.8815
467,417,396,80.0000,2.1450
467,417,419,70.0000,2.0351
467,507,447,63.0000,1.9216
468,493,459,37.5000,1.9321
468,493,462,33.0000,1.8815
469,408,325,35.0000,1.9111
469,408,378,33.0000,1.8815
469,408,443,37.5000,1.9321
472,500,457,33.0000,1.8815
473,459,346,37.5000,1.9321
475,516,471,33.0000,1.8815
476,474,429,35.0000,2.0944
477,390,321,80.0000,2.1450
477,390,348,80.0000,2.1014
478,431,388,35.0000,2.0944
478,431,441,35.0000,2.0944
479,380,326,35.0000,1.9111
479,380,333,80.0000,1.9146
479,380,385,63.0000,1.9216
479,495,435,80.0000,2.1450
480,401,353,37.5000,1.9321
480,401,369,33.0000,1.8815
480,401,374,35.0000,1.9111
482,443,350,35.0000,1.9111
482,443,408,37.5000,1.9321
483,445,367,33.0000,1.8815
483,445,426,33.0000,1.8815
484,438,362,80.0000,1.9408
484,438,400,35.0000,1.9111
485,414,337,37.5000,1.9321
485,414,415,58.3500,1.9670
485,414,430,37.5000,1.9321
485,445,367,37.5000,1.9321
485,445,426,37.5000,1.9321
485,445,483,37.5000,1.9321
486,376,329,58.3500,1.9670
486,376,343,37.5000,1.9321
486,376,347,37.5000,1.9321
486,525,481,38.0000,2.0665
488,415,352,35.0000,1.9111
488,415,372,35.0000,1.9111
488,415,414,37.5000,1.9321
489,438,362,37.5000,1.9321
489,438,400,33.0000,1.8815
489,438,484,35.0000,1.9111
491,463,409,33.0000,1.8815
491,463,428,33.0000,1.8815
492,419,356,35.0000,1.9111
492,419,403,33.0000,1.8815
492,419,417,35.0000,1.9111
493,459,346,58.3500,1.9670
493,459,473,37.5000,1.9321
494,451,391,33.0000,1.8815
494,451,410,33.0000,1.8815
495,479,380,50.0000,2.1276
496,500,457,33.0000,1.8815
496,500,472,33.0000,1.8815
498,459,346,37.5000,1.9321
498,459,473,33.0000,1.8815
498,459,493,37.5000,1.9321
499,432,345,37.5000,1.9321
499,432,421,37.5000,1.9321
499,432,448,33.0000,1.8815
501,441,377,70.0000,2.0944
501,441,431,70.0000,2.0944
502,451,391,37.5000,1.9321
502,451,410,37.5000,1.9321
502,451,494,37.5000,1.9321
502,536,487,37.5000,1.9321
503,443,350,63.0000,1.9216
503,443,408,63.0000,1.9391
503,443,482,35.0000,1.9111
503,508,470,35.0000,2.0909
504,467,417,35.0000,2.0909
505,486,376,37.5000,1.9321
506,514,360,37.5000,1.9321
507,447,384,70.0000,2.0351
507,447,453,80.0000,2.1014
507,467,417,50.0000,2.1276
507,467,504,38.0000,2.0665
508,503,443,70.0000,2.0351
508,537,463,80.0000,1.9146
509,548,507,37.5000,1.9321
510,416,342,63.0000,2.0944
510,416,402,35.0000,2.0944
510,524,461,63.0000,2.0944
511,485,414,37.5000,1.9321
511,485,445,37.5000,1.9321
513,528,486,80.0000,2.1014
514,360,288,37.5000,1.9321
514,360,315,63.0000,1.9391
514,360,357,80.0000,1.9146
514,518,458,37.5000,1.9321
515,532,490,33.0000,1.8815
517,421,338,63.0000,1.9216
517,421,405,35.0000,1.9111
517,421,432,63.0000,1.9391
517,540,497,35.0000,2.0909
518,514,360,58.3500,1.9670
518,514,506,37.5000,1.9321
520,425,375,35.0000,2.0909
520,425,395,50.0000,2.1276
520,532,490,35.0000,1.9111
520,532,515,35.0000,1.9111
522,501,441,35.0000,2.0944
523,484,438,35.0000,1.9111
523,484,444,35.0000,1.9111
524,461,364,63.0000,2.0944
524,461,464,35.0000,2.0944
524,510,416,63.0000,2.0944
525,486,376,80.0000,1.9146
525,486,505,35.0000,1.9111
526,479,380,38.0000,2.0665
526,479,495,35.0000,2.0909
527,484,438,35.0000,1.9111
527,484,444,35.0000,1.9111
527,484,523,35.0000,1.9111
528,486,376,63.0000,1.9391
528,486,505,35.0000,1.9111
528,486,525,63.0000,1.9216
530,516,471,35.0000,1.9111
530,516,475,35.0000,1.9111
532,520,425,70.0000,2.0351
533,518,458,33.0000,1.8815
533,518,514,37.5000,1.9321
534,503,443,80.0000,2.1014
534,503,508,80.0000,2.1450
536,502,451,58.3500,1.9670
536,502,455,37.5000,1.9321
537,463,409,37.5000,1.9321
537,463,428,37.5000,1.9321
537,463,491,37.5000,1.9321
537,508,470,38.0000,2.0665
537,508,503,50.0000,2.1276
538,450,358,63.0000,1.9897
538,450,437,37.5000,1.9321
538,450,440,37.5000,1.9321
538,552,531,38.0000,2.0665
540,517,421,70.0000,2.0351
541,501,441,35.0000,2.0944
541,501,522,35.0000,2.0944
543,568,502,37.5000,1.9321
544,510,416,35.0000,2.0944
544,510,524,35.0000,2.0944
545,474,429,35.0000,2.0944
545,474,476,35.0000,2.0944
545,553,512,35.0000,2.0944
546,538,450,37.5000,1.9321
548,507,447,63.0000,1.9391
548,507,467,80.0000,1.9146
550,564,485,37.5000,1.9321
552,538,450,80.0000,1.9146
552,538,546,35.0000,1.9111
553,545,474,70.0000,2.0944
554,507,447,35.0000,1.9111
554,507,467,35.0000,1.9111
554,507,548,37.5000,1.9321
557,607,551,33.0000,1.8815
559,517,421,80.0000,2.1014
559,517,540,80.0000,2.1450
560,536,487,33.0000,1.8815
560,536,502,37.5000,1.9321
562,518,458,33.0000,1.8815
562,518,514,37.5000,1.9321
562,518,533,33.0000,1.8815
563,530,516,55.0000,1.8937
564,485,414,58.3500,1.9670
564,485,445,58.3500,1.9670
564,485,511,37.5000,1.9321
565,616,556,33.0000,1.8815
568,502,451,58.3500,1.9670
568,502,455,37.5000,1.9321
568,502,536,58.3500,1.9670
570,602,516,37.5000,1.9321
572,520,425,80.0000,2.1450
572,520,532,80.0000,2.1014
576,577,521,33.0000,1.8815
578,634,569,33.0000,1.8815
579,587,537,70.0000,2.0351
579,654,568,80.0000,1.9146
580,548,507,37.5000,1.9321
580,548,509,33.0000,1.8815
581,524,461,70.0000,2.0944
581,524,510,70.0000,2.0944
582,537,463,37.5000,1.9321
582,537,508,35.0000,1.9111
583,577,521,33.0000,1.8815
583,577,576,33.0000,1.8815
586,495,435,80.0000,2.1014
586,495,479,70.0000,2.0351
587,537,463,63.0000,1.9391
587,537,508,63.0000,1.9216
587,537,582,35.0000,1.9111
587,579,547,35.0000,2.0909
589,493,459,58.3500,1.9670
589,493,462,37.5000,1.9321
589,493,468,37.5000,1.9321
590,536,487,33.0000,1.8815
590,536,502,37.5000,1.9321
590,536,560,33.0000,1.8815
591,613,545,35.0000,2.0944
592,528,486,70.0000,2.0351
592,528,513,80.0000,2.1450
594,597,500,80.0000,1.9146
597,500,457,37.5000,1.9321
597,500,472,37.5000,1.9321
597,500,496,37.5000,1.9321
597,594,535,38.0000,2.0665
599,586,495,35.0000,1.9111
602,516,471,37.5000,1.9321
602,516,475,37.5000,1.9321
602,516,530,50.0000,1.9111
603,640,589,70.0000,2.0351
603,647,584,80.0000,1.9146
605,638,601,35.0000,2.0944
606,633,561,35.0000,2.0944
610,585,539,80.0000,2.1991
611,564,485,37.5000,1.9321
611,564,550,33.0000,1.8815
612,525,481,35.0000,2.0909
612,525,486,50.0000,2.1276
612,647,584,63.0000,1.9391
612,647,603,63.0000,1.9216
613,545,474,70.0000,2.0944
613,545,553,70.0000,2.0944
615,581,524,35.0000,1.9722
617,592,528,35.0000,2.0909
618,538,450,63.0000,1.9391
618,538,546,35.0000,1.9111
618,538,552,63.0000,1.9216
618,650,600,35.0000,2.0909
619,584,519,33.0000,1.8815
620,649,597,80.0000,2.1014
621,584,519,33.0000,1.8815
621,584,619,33.0000,1.8815
624,607,551,33.0000,1.8815
624,607,557,33.0000,1.8815
625,646,540,63.0000,1.9216
626,677,592,35.0000,1.9111
627,514,360,58.3500,1.9670
627,514,506,37.5000,1.9321
627,514,518,58.3500,1.9670
628,586,495,35.0000,1.9111
628,586,599,33.0000,1.8815
629,589,493,37.5000,1.9321
631,568,502,37.5000,1.9321
631,568,543,33.0000,1.8815
632,552,531,35.0000,2.0909
632,552,538,50.0000,2.1276
632,682,595,35.0000,1.9111
633,606,529,35.0000,2.0944
634,652,553,80.0000,1.9408
637,564,485,37.5000,1.9321
637,564,550,33.0000,1.8815
637,564,611,33.0000,1.8815
640,589,493,63.0000,1.9391
640,589,629,35.0000,1.9111
640,603,549,35.0000,2.0909
641,658,602,50.0000,2.1276
643,548,507,63.0000,1.9391
643,548,509,35.0000,1.9111
643,548,580,35.0000,1.9111
644,532,490,35.0000,1.9111
644,532,515,35.0000,1.9111
644,532,520,63.0000,1.9216
644,683,604,80.0000,2.1450
645,630,555,35.0000,2.0944
646,540,497,38.0000,2.0665
646,540,517,50.0000,2.1276
646,625,542,80.0000,2.1014
646,690,623,37.5000,1.9321
647,584,519,37.5000,1.9321
647,584,619,37.5000,1.9321
647,584,621,37.5000,1.9321
647,603,549,38.0000,2.0665
647,603,640,50.0000,2.1276
647,612,525,70.0000,2.0351
648,643,548,70.0000,2.0420
649,597,500,63.0000,1.9391
649,597,594,63.0000,1.9216
650,618,538,70.0000,2.0351
650,724,641,63.0000,1.9216
651,616,556,35.0000,1.9111
651,616,565,35.0000,1.9111
652,553,512,35.0000,2.0665
652,553,545,50.0000,2.1502
652,634,569,37.5000,1.9321
652,634,578,37.5000,1.9321
654,568,502,58.3500,1.9670
654,568,543,37.5000,1.9321
654,568,631,37.5000,1.9321
654,579,547,38.0000,2.0665
654,579,587,50.0000,2.1276
655,627,514,37.5000,1.9321
657,597,500,37.5000,1.9321
657,597,594,35.0000,1.9111
657,597,649,35.0000,1.9111
658,602,516,80.0000,1.9146
658,602,570,35.0000,1.9111
658,641,566,80.0000,2.1450
659,589,493,80.0000,1.9146
659,589,629,35.0000,1.9111
659,589,640,63.0000,1.9216
660,659,589,38.0000,2.0665
663,587,537,80.0000,2.1014
663,587,579,80.0000,2.1450
664,618,538,80.0000,2.1014
664,618,650,80.0000,2.1450
665,643,548,70.0000,2.0420
665,643,648,80.0000,2.1991
666,668,661,35.0000,2.0944
667,703,602,70.0000,2.0351
668,666,653,35.0000,2.0944
669,747,667,63.0000,1.9216
670,676,666,35.0000,2.0944
671,627,514,37.5000,1.9321
671,627,655,33.0000,1.8815
672,717,630,70.0000,2.0351
673,627,514,37.5000,1.9321
673,627,655,33.0000,1.8815
673,627,671,33.0000,1.8815
675,702,594,70.0000,2.0351
675,727,674,50.0000,2.1276
675,729,672,58.3500,1.9670
676,666,653,35.0000,2.0944
676,666,668,63.0000,2.0944
677,592,528,50.0000,2.1276
677,592,617,38.0000,2.0665
677,714,585,63.0000,1.9391
678,586,495,63.0000,1.9216
678,586,599,35.0000,1.9111
678,586,628,35.0000,1.9111
678,692,622,80.0000,2.1450
679,693,577,58.3500,1.9670
679,735,669,50.0000,2.1276
682,632,552,70.0000,2.0351
683,644,532,50.0000,2.1276
684,740,681,33.0000,1.8815
685,697,636,35.0000,2.0944
686,668,661,35.0000,2.0944
686,668,666,63.0000,2.0944
687,652,553,35.0000,1.9111
687,652,634,37.5000,1.9321
688,686,668,35.0000,2.0944
689,676,666,63.0000,2.0944
689,676,670,35.0000,2.0944
689,690,623,35.0000,1.9111
689,690,646,63.0000,1.9897
689,696,686,63.0000,2.0944
690,646,540,80.0000,1.9146
690,646,625,63.0000,1.9391
690,689,676,70.0000,2.0944
691,745,674,63.0000,1.9216
691,746,679,70.0000,2.0351
692,678,586,50.0000,2.1276
693,577,521,37.5000,1.9321
693,577,576,37.5000,1.9321
693,577,583,37.5000,1.9321
693,679,574,37.5000,1.9321
693,706,614,37.5000,1.9321
694,632,552,80.0000,2.1450
694,632,682,80.0000,2.1014
695,612,525,80.0000,2.1450
695,612,647,80.0000,2.1014
696,686,668,63.0000,2.0944
696,686,688,35.0000,2.0944
696,689,676,63.0000,2.0944
696,689,690,70.0000,2.0944
697,685,609,35.0000,2.0944
698,696,686,35.0000,2.0944
698,696,689,35.0000,2.0944
699,613,545,35.0000,2.0944
699,613,591,35.0000,2.0944
700,651,616,55.0000,1.8937
701,731,607,37.5000,1.9321
702,594,535,35.0000,2.0909
702,594,597,50.0000,2.1276
702,675,571,35.0000,1.9111
703,602,516,63.0000,1.9391
703,602,570,35.0000,1.9111
703,602,658,63.0000,1.9216
703,667,573,35.0000,2.0909
704,640,589,80.0000,2.1014
704,640,603,80.0000,2.1450
705,728,642,33.0000,1.8815
706,693,577,58.3500,1.9670
706,693,679,58.3500,1.9670
707,729,672,37.5000,1.9321
707,729,675,37.5000,1.9321
708,720,625,50.0000,2.1276
708,738,635,50.0000,1.9111
709,606,529,35.0000,2.0944
709,606,633,85.0000,2.0944
709,716,639,35.0000,2.1485
710,672,567,33.0000,1.8815
711,736,616,63.0000,1.9391
713,644,532,38.0000,2.0665
713,644,683,35.0000,2.0909
714,585,539,70.0000,2.0420
714,585,610,70.0000,2.0420
714,677,592,80.0000,1.9146
714,677,626,37.5000,1.9321
715,654,568,37.5000,1.9321
715,654,579,35.0000,1.9111
716,709,606,70.0000,2.3178
717,630,555,35.0000,2.0909
717,630,645,35.0000,2.0909
717,672,567,35.0000,1.9111
717,672,710,35.0000,1.9111
718,755,682,50.0000,2.1276
720,625,542,80.0000,2.1450
720,625,646,70.0000,2.0351
720,708,608,35.0000,1.9111
721,646,540,35.0000,1.9111
721,646,625,35.0000,1.9111
721,646,690,37.5000,1.9321
722,659,589,50.0000,2.1276
722,659,660,35.0000,2.0909
723,649,597,70.0000,2.0351
723,649,620,80.0000,2.1450
723,748,656,35.0000,1.9111
723,777,692,63.0000,1.9216
724,641,566,80.0000,2.1014
724,641,658,70.0000,2.0351
724,650,600,38.0000,2.0665
724,650,618,50.0000,2.1276
725,722,659,80.0000,2.1450
726,658,602,38.0000,2.0665
726,658,641,35.0000,2.0909
727,674,575,80.0000,2.1450
727,675,571,35.0000,1.9111
727,675,702,63.0000,1.9216
729,672,567,37.5000,1.9321
729,672,710,37.5000,1.9321
729,672,717,63.0000,1.9391
729,675,571,37.5000,1.9321
729,675,702,63.0000,1.9391
729,675,727,80.0000,1.9146
730,678,586,38.0000,2.0665
730,678,692,35.0000,2.0909
731,607,551,37.5000,1.9321
731,607,557,37.5000,1.9321
731,607,624,37.5000,1.9321
731,786,728,58.3500,1.9670
732,638,601,35.0000,2.0944
732,638,605,35.0000,2.0944
732,760,719,35.0000,2.0944
733,706,614,33.0000,1.8815
733,706,693,37.5000,1.9321
734,652,553,35.0000,1.9111
734,652,634,37.5000,1.9321
734,652,687,33.0000,1.8815
735,669,558,80.0000,2.1450
735,679,574,35.0000,1.9111
735,679,693,80.0000,1.9146
736,616,556,37.5000,1.9321
736,616,565,37.5000,1.9321
736,616,651,50.0000,1.9111
736,711,596,80.0000,2.1014
737,766,682,37.5000,1.9321
738,635,588,55.0000,1.8937
738,708,608,37.5000,1.9321
738,708,720,80.0000,1.9146
738,757,680,37.5000,1.9321
742,724,641,35.0000,1.9111
742,724,650,35.0000,1.9111
743,778,708,70.0000,2.0351
743,804,731,80.0000,1.9146
745,674,575,80.0000,2.1014
745,674,727,70.0000,2.0351
745,691,593,38.0000,2.0665
745,754,634,58.3500,1.9670
746,679,574,35.0000,1.9111
746,679,693,63.0000,1.9391
746,679,735,63.0000,1.9216
746,691,593,35.0000,2.0909
746,691,745,50.0000,2.1276
747,667,573,38.0000,2.0665
747,667,703,50.0000,2.1276
747,669,558,80.0000,2.1014
747,669,735,70.0000,2.0351
747,791,739,37.5000,1.9321
748,723,649,50.0000,2.1276
751,647,584,37.5000,1.9321
751,647,603,35.0000,1.9111
751,647,612,35.0000,1.9111
752,806,748,37.5000,1.9321
754,634,569,37.5000,1.9321
754,634,578,37.5000,1.9321
754,634,652,58.3500,1.9670
754,745,674,63.0000,1.9391
754,745,691,80.0000,1.9146
755,682,595,35.0000,1.9111
755,682,632,63.0000,1.9216
755,718,598,80.0000,2.1450
756,633,561,35.0000,2.0944
756,633,606,63.0000,2.0944
757,738,635,50.0000,1.9111
757,738,708,58.3500,1.9670
758,797,718,35.0000,1.9111
759,740,681,33.0000,1.8815
759,740,684,33.0000,1.8815
760,732,638,70.0000,2.0944
761,781,732,35.0000,2.0944
762,788,722,35.0000,1.9111
763,654,568,63.0000,1.9391
763,654,579,63.0000,1.9216
763,654,715,35.0000,1.9111
763,768,712,35.0000,2.0909
764,714,585,35.0000,1.9111
764,714,677,37.5000,1.9321
765,685,609,35.0000,2.0944
765,685,697,63.0000,2.0944
765,766,682,63.0000,1.9897
765,766,737,35.0000,1.9111
766,682,595,37.5000,1.9321
766,682,632,63.0000,1.9391
766,682,755,80.0000,1.9146
766,765,685,70.0000,2.0944
767,714,585,35.0000,1.9111
767,714,677,37.5000,1.9321
767,714,764,33.0000,1.8815
768,763,654,70.0000,2.0351
769,736,616,37.5000,1.9321
769,736,711,35.0000,1.9111
770,706,614,33.0000,1.8815
770,706,693,37.5000,1.9321
770,706,733,33.0000,1.8815
771,757,680,33.0000,1.8815
771,757,738,37.5000,1.9321
772,693,577,37.5000,1.9321
772,693,679,37.5000,1.9321
772,693,706,37.5000,1.9321
773,803,753,35.0000,2.0944
774,690,623,33.0000,1.8815
774,690,646,37.5000,1.9321
774,690,689,35.0000,1.9111
775,756,633,35.0000,2.0944
776,728,642,33.0000,1.8815
776,728,705,33.0000,1.8815
777,692,622,80.0000,2.1014
777,692,678,70.0000,2.0351
777,723,649,50.0000,2.1276
777,723,748,50.0000,2.0595
778,708,608,35.0000,1.9111
778,708,720,63.0000,1.9216
778,708,738,63.0000,1.9391
778,743,662,35.0000,2.0909
781,732,638,70.0000,2.0944
781,732,760,70.0000,2.0944
782,697,636,35.0000,2.0944
782,697,685,63.0000,2.0944
783,720,625,35.0000,2.0909
783,720,708,38.0000,2.0665
786,728,642,37.5000,1.9321
786,728,705,37.5000,1.9321
786,728,776,37.5000,1.9321
786,731,607,58.3500,1.9670
786,731,701,37.5000,1.9321
787,677,592,63.0000,1.9216
787,677,626,35.0000,1.9111
787,677,714,63.0000,1.9391
787,805,750,35.0000,2.0909
788,722,659,70.0000,2.0351
788,722,725,80.0000,2.1014
788,793,711,50.0000,2.1276
791,747,667,80.0000,1.9146
791,747,669,63.0000,1.9391
792,748,656,33.0000,1.8815
792,748,723,35.0000,1.9111
793,711,596,80.0000,2.1450
793,711,736,70.0000,2.0351
793,788,722,63.0000,1.9216
793,788,762,35.0000,1.9111
794,702,594,80.0000,2.1450
794,702,675,80.0000,2.1014
796,717,630,80.0000,2.1450
796,717,672,80.0000,2.1014
797,718,598,80.0000,2.1014
797,718,755,70.0000,2.0351
798,819,744,33.0000,1.8815
799,703,602,80.0000,2.1014
799,703,667,80.0000,2.1450
800,727,674,35.0000,2.0909
800,727,675,38.0000,2.0665
801,754,634,37.5000,1.9321
801,754,745,37.5000,1.9321
802,754,634,37.5000,1.9321
802,754,745,37.5000,1.9321
802,754,801,33.0000,1.8815
804,731,607,58.3500,1.9670
804,731,701,37.5000,1.9321
804,731,786,58.3500,1.9670
804,743,662,38.0000,2.0665
804,743,778,50.0000,2.1276
804,851,790,80.0000,2.1014
805,787,677,70.0000,2.0351
806,748,656,37.5000,1.9321
806,748,723,80.0000,1.9146
806,748,792,37.5000,1.9321
806,853,777,58.3500,1.9670
807,738,635,35.0000,1.9111
807,738,708,37.5000,1.9321
807,738,757,37.5000,1.9321
808,782,697,70.0000,2.0944
809,747,667,35.0000,1.9111
809,747,669,35.0000,1.9111
809,747,791,37.5000,1.9321
811,683,604,80.0000,2.1014
811,683,644,70.0000,2.0351
812,791,739,33.0000,1.8815
812,791,747,37.5000,1.9321
814,786,728,37.5000,1.9321
814,786,731,37.5000,1.9321
815,836,724,37.5000,1.9321
816,729,672,37.5000,1.9321
816,729,675,37.5000,1.9321
816,729,707,33.0000,1.8815
817,876,797,37.5000,1.9321
818,735,669,35.0000,2.0909
818,735,679,38.0000,2.0665
820,716,639,35.0000,2.0944
820,716,709,70.0000,1.9478
821,709,606,85.0000,2.1415
821,709,716,70.0000,1.8221
821,845,756,63.0000,2.0944
821,893,820,85.0000,1.8570
823,856,811,37.5000,1.9321
824,745,674,35.0000,1.9111
824,745,691,35.0000,1.9111
824,745,754,37.5000,1.9321
826,830,736,50.0000,2.1276
828,841,811,50.0000,2.1276
828,847,740,63.0000,1.9391
829,777,692,35.0000,1.9111
829,777,723,35.0000,1.9111
830,736,616,80.0000,1.9146
830,736,711,63.0000,1.9216
830,736,769,35.0000,1.9111
830,826,741,80.0000,2.1450
831,757,680,33.0000,1.8815
831,757,738,37.5000,1.9321
831,757,771,33.0000,1.8815
832,871,768,35.0000,1.9111
833,763,654,80.0000,2.1014
833,763,768,80.0000,2.1450
835,760,719,35.0000,2.0944
835,760,732,35.0000,2.0944
836,724,641,63.0000,1.9391
836,724,650,80.0000,1.9146
836,724,742,37.5000,1.9321
837,856,811,58.3500,1.9670
837,856,823,37.5000,1.9321
839,755,682,38.0000,2.0665
839,755,718,35.0000,2.0909
840,880,781,35.0000,1.9111
841,811,683,63.0000,1.9216
841,828,789,80.0000,2.1450
842,746,679,80.0000,2.1014
842,746,691,80.0000,2.1450
843,765,685,63.0000,2.0944
843,765,766,70.0000,2.0944
843,855,782,63.0000,2.0944
845,756,633,63.0000,2.0944
845,756,775,35.0000,2.0944
845,821,709,85.0000,2.0281
846,819,744,33.0000,1.8815
846,819,798,33.0000,1.8815
847,740,681,37.5000,1.9321
847,740,684,37.5000,1.9321
847,740,759,37.5000,1.9321
847,828,789,80.0000,2.1014
847,828,841,70.0000,2.0351
848,808,782,35.0000,1.9722
849,820,716,35.0000,2.1223
850,766,682,37.5000,1.9321
850,766,737,33.0000,1.8815
850,766,765,35.0000,1.9111
851,804,731,63.0000,1.9391
851,804,743,63.0000,1.9216
852,837,749,33.0000,1.8815
853,777,692,63.0000,1.9391
853,777,723,80.0000,1.9146
853,777,829,37.5000,1.9321
853,806,748,58.3500,1.9670
853,806,752,37.5000,1.9321
854,811,683,35.0000,1.9111
854,811,841,35.0000,1.9111
855,782,697,63.0000,2.0944
855,782,808,70.0000,2.0944
855,843,765,63.0000,2.0944
856,811,683,63.0000,1.9391
856,811,841,80.0000,1.9146
856,811,854,37.5000,1.9321
856,837,749,37.5000,1.9321
856,837,852,37.5000,1.9321
857,787,677,80.0000,2.1014
857,787,805,80.0000,2.1450
858,864,784,35.0000,1.9111
862,841,811,38.0000,2.0665
862,841,828,35.0000,2.0909
863,853,777,37.5000,1.9321
863,853,806,37.5000,1.9321
864,883,795,35.0000,1.9111
866,895,837,37.5000,1.9321
867,894,805,63.0000,1.9216
869,885,797,50.0000,2.1276
870,778,708,80.0000,2.1014
870,778,743,80.0000,2.1450
871,768,712,38.0000,2.0665
871,768,763,50.0000,2.1276
872,897,847,38.0000,2.0665
874,786,728,37.5000,1.9321
874,786,731,37.5000,1.9321
874,786,814,33.0000,1.8815
875,836,724,37.5000,1.9321
875,836,815,33.0000,1.8815
876,797,718,63.0000,1.9391
876,797,758,37.5000,1.9321
877,806,748,37.5000,1.9321
877,806,752,33.0000,1.8815
877,806,853,37.5000,1.9321
878,793,711,35.0000,2.0909
878,793,788,38.0000,2.0665
879,886,827,38.0000,2.0665
880,781,732,50.0000,2.1502
880,781,761,35.0000,2.0665
881,804,731,37.5000,1.9321
881,804,743,35.0000,1.9111
881,804,851,35.0000,1.9111
882,925,871,80.0000,2.1014
883,864,784,35.0000,1.9111
883,864,858,35.0000,1.9111
883,895,837,58.3500,1.9670
883,895,866,37.5000,1.9321
884,908,838,33.0000,1.8815
885,797,718,63.0000,1.9216
885,797,758,35.0000,1.9111
885,797,876,80.0000,1.9146
885,869,779,80.0000,2.1450
886,879,785,35.0000,1.9111
887,879,785,33.0000,1.8815
887,879,886,35.0000,1.9111
888,912,819,37.5000,1.9321
889,919,836,37.5000,1.9321
892,825,822,35.0000,1.9722
892,905,860,35.0000,2.0944
893,820,716,70.0000,1.8972
893,820,849,35.0000,2.0944
893,821,709,85.0000,1.8989
893,821,845,85.0000,2.3544
894,805,750,38.0000,2.0665
894,805,787,50.0000,2.1276
894,867,780,80.0000,2.1014
894,896,810,37.5000,1.9321
895,837,749,37.5000,1.9321
895,837,852,37.5000,1.9321
895,837,856,58.3500,1.9670
895,883,795,37.5000,1.9321
895,883,864,80.0000,1.9408
896,894,805,80.0000,1.9146
896,894,867,63.0000,1.9391
896,935,873,55.0000,1.8937
897,847,740,80.0000,1.9146
897,847,828,63.0000,1.9216
898,843,765,35.0000,2.0944
898,843,855,35.0000,2.0944
899,847,740,37.5000,1.9321
899,847,828,35.0000,1.9111
899,847,897,35.0000,1.9111
900,955,880,37.5000,1.9321
901,940,871,37.5000,1.9321
903,791,739,35.0000,1.9111
903,791,747,63.0000,2.0176
903,791,812,35.0000,1.9111
903,913,844,35.0000,2.0944
905,892,825,70.0000,2.0944
907,876,797,37.5000,1.9321
907,876,817,33.0000,1.8815
908,943,890,37.5000,1.9321
909,830,736,38.0000,2.0665
909,830,826,35.0000,2.0909
910,902,813,33.0000,1.8815
911,962,906,33.0000,1.8815
912,819,744,37.5000,1.9321
912,819,798,37.5000,1.9321
912,819,846,37.5000,1.9321
912,934,867,50.0000,2.1276
913,903,791,70.0000,2.1817
914,915,788,37.5000,1.9321
915,788,722,63.0000,1.9391
915,788,762,37.5000,1.9321
915,788,793,80.0000,1.9146
916,961,902,37.5000,1.9321
917,803,753,35.0000,2.0909
917,803,773,35.0000,2.0909
918,943,890,37.5000,1.9321
918,943,908,58.3500,1.9670
919,836,724,58.3500,1.9670
919,836,815,37.5000,1.9321
919,836,875,37.5000,1.9321
922,855,782,35.0000,2.0944
922,855,843,35.0000,2.0944
923,926,861,35.0000,2.0944
925,871,768,63.0000,1.9216
925,871,832,35.0000,1.9111
926,923,859,35.0000,2.0944
927,864,784,35.0000,1.9111
927,864,858,35.0000,1.9111
927,864,883,35.0000,1.9111
928,845,756,35.0000,2.0944
928,845,821,35.0000,2.0944
929,880,781,35.0000,1.9111
929,880,840,33.0000,1.8815
931,940,871,37.5000,1.9321
931,940,901,33.0000,1.8815
932,918,834,33.0000,1.8815
933,973,902,37.5000,1.9321
934,867,780,80.0000,2.1450
934,867,894,70.0000,2.0351
934,912,819,80.0000,1.9146
934,912,888,35.0000,1.9111
935,896,810,35.0000,1.9111
935,896,894,50.0000,1.9111
936,826,741,80.0000,2.1014
936,826,830,70.0000,2.0351
936,942,865,38.0000,2.0665
936,968,917,63.0000,1.9391
939,948,892,35.0000,2.0944
940,871,768,80.0000,1.9146
940,871,832,37.5000,1.9321
940,871,925,63.0000,1.9391
941,853,777,37.5000,1.9321
941,853,806,37.5000,1.9321
941,853,863,33.0000,1.8815
942,936,826,63.0000,1.9216
943,908,838,37.5000,1.9321
943,908,884,37.5000,1.9321
943,918,834,37.5000,1.9321
943,918,932,37.5000,1.9321
944,968,917,35.0000,1.9111
944,968,936,37.5000,1.9321
945,982,896,37.5000,1.9321
946,883,795,33.0000,1.8815
946,883,864,35.0000,1.9111
946,883,895,37.5000,1.9321
948,892,825,70.0000,2.0944
948,892,905,63.0000,2.0944
950,957,868,33.0000,1.8815
952,975,869,35.0000,1.9111
953,856,811,37.5000,1.9321
953,856,823,33.0000,1.8815
953,856,837,37.5000,1.9321
954,967,879,80.0000,2.1014
955,880,781,80.0000,1.9408
955,880,840,37.5000,1.9321
955,880,929,37.5000,1.9321
956,851,790,80.0000,2.1450
956,851,804,70.0000,2.0351
956,1000,921,35.0000,1.9111
957,997,915,58.3500,1.9670
958,885,797,38.0000,2.0665
958,885,869,35.0000,2.0909
959,886,827,35.0000,2.0909
959,886,879,50.0000,2.1276
959,961,902,63.0000,1.9391
959,961,916,35.0000,1.9111
960,915,788,37.5000,1.9321
960,915,914,33.0000,1.8815
961,902,813,37.5000,1.9321
961,902,910,37.5000,1.9321
961,959,886,70.0000,2.0351
962,1018,951,37.5000,1.9321
963,876,797,50.0000,1.9111
963,876,817,35.0000,1.9111
963,876,907,35.0000,1.9111
964,919,836,50.0000,2.0019
964,919,889,35.0000,1.9111
967,879,785,35.0000,1.9111
967,879,886,63.0000,1.9216
967,879,887,35.0000,1.9111
968,917,803,70.0000,2.0351
968,936,826,63.0000,1.9391
968,936,942,80.0000,1.9146
969,972,891,33.0000,1.8815
970,1033,964,35.0000,1.9111
972,999,924,37.5000,1.9321
973,902,813,37.5000,1.9321
973,902,910,37.5000,1.9321
973,902,961,58.3500,1.9670
975,869,779,80.0000,2.1014
975,869,885,70.0000,2.0351
977,908,838,33.0000,1.8815
977,908,884,33.0000,1.8815
977,908,943,37.5000,1.9321
978,905,860,35.0000,2.0944
978,905,892,63.0000,2.0944
979,918,834,33.0000,1.8815
979,918,932,33.0000,1.8815
979,918,943,37.5000,1.9321
980,997,915,37.5000,1.9321
980,997,957,37.5000,1.9321
982,896,810,37.5000,1.9321
982,896,894,58.3500,1.9670
982,896,935,50.0000,1.9111
983,973,902,37.5000,1.9321
983,973,933,33.0000,1.8815
984,894,805,35.0000,1.9111
984,894,867,35.0000,1.9111
984,894,896,37.5000,1.9321
986,955,880,37.5000,1.9321
986,955,900,33.0000,1.8815
987,917,803,80.0000,2.1450
987,917,968,80.0000,2.1014
989,982,896,37.5000,1.9321
989,982,945,33.0000,1.8815
991,978,905,35.0000,2.0944
992,999,924,37.5000,1.9321
992,999,972,58.3500,1.9670
993,992,904,33.0000,1.8815
994,897,847,50.0000,2.1276
994,897,872,35.0000,2.0909
994,1039,971,35.0000,1.9111
995,963,876,55.0000,1.8937
996,895,837,37.5000,1.9321
996,895,866,33.0000,1.8815
996,895,883,37.5000,1.9321
997,915,788,58.3500,1.9670
997,915,914,37.5000,1.9321
997,915,960,37.5000,1.9321
997,957,868,37.5000,1.9321
997,957,950,37.5000,1.9321
998,956,851,35.0000,2.0909
999,972,891,37.5000,1.9321
999,972,969,37.5000,1.9321
999,992,904,37.5000,1.9321
999,992,993,37.5000,1.9321
1000,956,851,50.0000,2.1276
1000,956,998,38.0000,2.0665
1001,919,836,37.5000,1.9321
1001,919,889,33.0000,1.8815
1001,919,964,35.0000,1.9111
1003,936,826,35.0000,1.9111
1003,936,942,35.0000,1.9111
1003,936,968,37.5000,1.9321
1005,925,871,70.0000,2.0351
1005,925,882,80.0000,2.1450
1006,934,867,35.0000,2.0909
1006,934,912,38.0000,2.0665
1007,1060,975,37.5000,1.9321
1008,1015,923,70.0000,2.0944
1009,957,868,33.0000,1.8815
1009,957,950,33.0000,1.8815
1009,957,997,37.5000,1.9321
1012,1014,926,70.0000,2.0944
1013,1049,981,33.0000,1.8815
1014,926,861,35.0000,2.0944
1014,926,923,63.0000,2.0944
1014,1012,937,35.0000,1.9722
1015,923,859,35.0000,2.0944
1015,923,926,63.0000,2.0944
1015,1008,920,35.0000,1.9111
1018,962,906,37.5000,1.9321
1018,962,911,37.5000,1.9321
1019,948,892,63.0000,2.0944
1019,948,939,35.0000,2.0944
1019,1035,978,63.0000,2.0944
1020,903,791,70.0000,2.2445
1020,903,913,85.0000,1.8570
1020,1074,1011,35.0000,2.0944
1021,893,820,70.0000,2.1817
1021,893,821,70.0000,2.2445
1022,1077,1000,37.5000,1.9321
1023,1024,912,70.0000,2.0351
1024,912,819,63.0000,1.9391
1024,912,888,35.0000,1.9111
1024,912,934,63.0000,1.9216
1024,1023,949,35.0000,2.0909
1025,962,906,33.0000,1.8815
1025,962,911,33.0000,1.8815
1025,962,1018,37.5000,1.9321
1026,1041,942,70.0000,2.0351
1026,1102,1018,58.3500,1.9670
1027,913,844,35.0000,2.1223
1027,913,903,70.0000,1.8972
1027,1105,1020,70.0000,1.8221
1028,1065,955,37.5000,1.9321
1030,994,897,80.0000,2.1450
1031,1094,1018,37.5000,1.9321
1032,959,886,80.0000,2.1450
1032,959,961,80.0000,2.1014
1033,964,919,62.0000,1.7261
1034,1046,975,50.0000,2.1276
1035,978,905,63.0000,2.0944
1035,978,991,35.0000,2.0944
1035,1019,948,63.0000,2.0944
1036,1096,1026,50.0000,2.1276
1037,1005,925,35.0000,2.0909
1038,972,891,33.0000,1.8815
1038,972,969,33.0000,1.8815
1038,972,999,37.5000,1.9321
1039,994,897,70.0000,2.0351
1039,994,1030,80.0000,2.1014
1040,1078,1029,35.0000,2.0944
1041,942,865,35.0000,2.0909
1041,942,936,50.0000,2.1276
1041,1026,938,35.0000,1.9111
1042,1090,1021,37.5000,1.9321
1044,1085,1005,63.0000,1.9216
1046,975,869,63.0000,1.9216
1046,975,952,35.0000,1.9111
1046,1034,966,80.0000,2.1450
1047,1021,893,35.0000,1.9111
1048,1082,1008,63.0000,1.9391
1048,1089,1039,50.0000,2.1276
1050,1082,1008,80.0000,1.9146
1050,1082,1048,63.0000,1.9216
1052,1113,1034,35.0000,1.9111
1053,1084,1029,35.0000,2.0944
1054,1008,920,33.0000,1.8815
1054,1008,1015,35.0000,1.9111
1056,1109,1023,63.0000,1.9216
1057,1049,981,33.0000,1.8815
1057,1049,1013,33.0000,1.8815
1058,1021,893,35.0000,1.9111
1058,1021,1047,33.0000,1.8815
1060,975,869,63.0000,1.9391
1060,975,952,37.5000,1.9321
1060,975,1046,80.0000,1.9146
1061,1000,921,35.0000,1.9111
1061,1000,956,63.0000,1.9216
1061,1081,1059,35.0000,2.0909
1062,1027,913,35.0000,2.0944
1063,967,879,70.0000,2.0351
1063,967,954,80.0000,2.1450
1064,992,904,33.0000,1.8815
1064,992,993,33.0000,1.8815
1064,992,999,37.5000,1.9321
1065,955,880,58.3500,1.9670
1065,955,900,37.5000,1.9321
1065,955,986,37.5000,1.9321
1066,1063,967,35.0000,2.0909
1067,968,917,35.0000,1.9111
1067,968,936,37.5000,1.9321
1067,968,944,33.0000,1.8815
1068,1019,948,35.0000,2.0944
1068,1019,1035,35.0000,2.0944
1069,982,896,37.5000,1.9321
1069,982,945,33.0000,1.8815
1069,982,989,33.0000,1.8815
1070,1033,964,35.0000,1.9111
1070,1033,970,33.0000,1.8815
1071,1091,1016,33.0000,1.8815
1072,1114,1056,50.0000,2.1276
1072,1116,1050,70.0000,2.0351
1072,1122,1035,63.0000,1.9897
1073,943,890,37.5000,1.9321
1073,943,908,58.3500,1.9670
1073,943,918,58.3500,1.9670
1073,1104,1017,37.5000,1.9321
1074,1020,903,85.0000,2.3544
1076,940,871,63.0000,1.9391
1076,940,901,35.0000,1.9111
1076,940,931,35.0000,1.9111
1077,1000,921,37.5000,1.9321
1077,1000,956,80.0000,1.9146
1077,1000,1061,63.0000,1.9391
1078,1029,965,35.0000,2.0944
1080,1091,1016,37.5000,1.9321
1080,1091,1071,37.5000,1.9321
1080,1118,1036,63.0000,1.9391
1081,1061,1000,70.0000,2.0351
1081,1142,1065,80.0000,1.9146
1082,1008,920,37.5000,1.9321
1082,1008,1015,63.0000,1.9897
1082,1008,1054,37.5000,1.9321
1082,1048,985,80.0000,2.1014
1082,1050,976,38.0000,2.0665
1084,1029,965,35.0000,2.0944
1084,1029,1078,63.0000,2.0944
1085,1005,925,50.0000,2.1276
1085,1005,1037,38.0000,2.0665
1085,1044,988,80.0000,2.1014
1085,1103,1010,37.5000,1.9321
1086,961,902,80.0000,1.9146
1086,961,916,35.0000,1.9111
1086,961,959,63.0000,1.9216
1086,1100,973,80.0000,1.9146
1087,1077,1000,37.5000,1.9321
1087,1077,1022,33.0000,1.8815
1088,1115,1055,33.0000,1.8815
1089,1039,971,35.0000,1.9111
1089,1039,994,63.0000,1.9216
1089,1048,985,80.0000,2.1450
1089,1048,1082,70.0000,2.0351
1090,1021,893,63.0000,2.0176
1090,1021,1047,37.5000,1.9321
1090,1021,1058,37.5000,1.9321
1090,1095,1044,50.0000,2.1276
1091,1080,990,37.5000,1.9321
1093,1118,1036,63.0000,1.9216
1093,1118,1080,80.0000,1.9146
1094,1018,951,37.5000,1.9321
1094,1018,962,58.3500,1.9670
1095,1044,988,80.0000,2.1450
1095,1044,1085,70.0000,2.0351
1095,1090,1021,80.0000,1.9146
1095,1090,1042,35.0000,1.9111
1096,1026,938,35.0000,1.9111
1096,1026,1041,63.0000,1.9216
1096,1036,930,80.0000,2.1450
1097,1143,1039,50.0000,1.8954
1098,1073,943,37.5000,1.9321
1099,1061,1000,80.0000,2.1014
1099,1061,1081,80.0000,2.1450
1100,973,902,58.3500,1.9670
1100,973,933,37.5000,1.9321
1100,973,983,37.5000,1.9321
1100,1086,961,50.0000,2.0595
1101,1076,940,70.0000,2.0420
1102,1018,951,37.5000,1.9321
1102,1018,962,58.3500,1.9670
1102,1018,1094,58.3500,1.9670
1102,1026,938,37.5000,1.9321
1102,1026,1041,63.0000,1.9391
1102,1026,1096,80.0000,1.9146
1103,1085,1005,80.0000,1.9146
1103,1085,1044,63.0000,1.9391
1104,1073,943,58.3500,1.9670
1104,1073,1098,37.5000,1.9321
1104,1158,1093,70.0000,2.0351
1105,1020,903,85.0000,1.8989
1105,1020,1074,85.0000,2.0281
1105,1027,913,70.0000,1.9478
1105,1027,1062,35.0000,2.1485
1106,1024,912,80.0000,2.1014
1106,1024,1023,80.0000,2.1450
1107,1060,975,50.0000,1.9111
1107,1060,1007,35.0000,1.9111
1108,1033,964,35.0000,1.9111
1108,1033,970,33.0000,1.8815
1108,1033,1070,33.0000,1.8815
1109,1023,949,38.0000,2.0665
1109,1023,1024,50.0000,2.1276
1109,1056,947,80.0000,2.1014
1109,1115,1055,37.5000,1.9321
1109,1115,1088,37.5000,1.9321
1110,1014,926,63.0000,2.0944
1110,1014,1012,70.0000,2.0944
1110,1111,1015,63.0000,2.0944
1111,1015,923,63.0000,2.0944
1111,1015,1008,70.0000,2.0944
1111,1110,1014,63.0000,2.0944
1112,1046,975,38.0000,2.0665
1112,1046,1034,35.0000,2.0909
1113,1034,966,80.0000,2.1014
1113,1034,1046,70.0000,2.0351
1114,1056,947,80.0000,2.1450
1114,1056,1109,70.0000,2.0351
1114,1072,974,35.0000,1.9111
1115,1109,1023,80.0000,1.9146
1115,1109,1056,63.0000,1.9391
1116,1050,976,35.0000,2.0909
1116,1050,1082,50.0000,2.1276
1116,1072,974,35.0000,1.9111
1116,1072,1114,63.0000,1.9216
1117,1065,955,37.5000,1.9321
1117,1065,1028,33.0000,1.8815
1118,1036,930,80.0000,2.1014
1118,1036,1096,70.0000,2.0351
1118,1080,990,37.5000,1.9321
1118,1080,1091,58.3500,1.9670
1118,1093,1002,38.0000,2.0665
1120,999,924,37.5000,1.9321
1120,999,972,58.3500,1.9670
1120,999,992,58.3500,1.9670
1120,1125,1051,80.0000,2.1014
1120,1153,1092,38.0000,2.0665
1121,997,915,58.3500,1.9670
1121,997,957,58.3500,1.9670
1121,997,980,37.5000,1.9321
1122,1035,978,70.0000,2.0944
1122,1035,1019,70.0000,2.0944
1122,1072,974,37.5000,1.9321
1122,1072,1114,80.0000,1.9146
1122,1072,1116,63.0000,1.9391
1123,1073,943,37.5000,1.9321
1123,1073,1098,33.0000,1.8815
1123,1073,1104,37.5000,1.9321
1125,1120,999,63.0000,1.9391
1126,1089,1039,38.0000,2.0665
1126,1089,1048,35.0000,2.0909
1127,1080,990,33.0000,1.8815
1127,1080,1091,37.5000,1.9321
1127,1080,1118,37.5000,1.9321
1128,1094,1018,37.5000,1.9321
1128,1094,1031,33.0000,1.8815
1130,1060,975,37.5000,1.9321
1130,1060,1007,33.0000,1.8815
1130,1060,1107,35.0000,1.9111
1132,1100,973,37.5000,1.9321
1132,1100,1086,35.0000,1.9111
1133,1076,940,70.0000,2.0420
1133,1076,1101,80.0000,2.1991
1134,1191,1113,37.5000,1.9321
1135,1149,1075,33.0000,1.8815
1136,1149,1075,33.0000,1.8815
1136,1149,1135,33.0000,1.8815
1138,1041,942,80.0000,2.1450
1138,1041,1026,80.0000,2.1014
1140,1121,997,37.5000,1.9321
1142,1065,955,58.3500,1.9670
1142,1065,1028,37.5000,1.9321
1142,1065,1117,37.5000,1.9321
1142,1081,1059,38.0000,2.0665
1142,1081,1061,50.0000,2.1276
1143,1039,971,37.5000,1.9321
1143,1039,994,63.0000,1.9391
1143,1039,1089,80.0000,1.9146
1143,1097,1004,44.0000,1.6755
1145,1103,1010,33.0000,1.8815
1145,1103,1085,37.5000,1.9321
1146,1122,1035,35.0000,1.9111
1146,1122,1072,37.5000,1.9321
1147,1166,1063,63.0000,1.9216
1148,1198,1141,33.0000,1.8815
1150,1171,1086,80.0000,2.1450
1151,1095,1044,35.0000,2.0909
1151,1095,1090,38.0000,2.0665
1152,1186,1113,50.0000,2.1276
1153,1120,999,80.0000,1.9146
1153,1120,1125,63.0000,1.9216
1155,1102,1018,37.5000,1.9321
1155,1102,1026,37.5000,1.9321
1156,1169,1049,37.5000,1.9321
1157,1121,997,37.5000,1.9321
1157,1121,1140,33.0000,1.8815
1158,1093,1002,35.0000,2.0909
1158,1093,1118,50.0000,2.1276
1158,1104,1017,35.0000,1.9111
1158,1104,1073,63.0000,1.9391
1159,1103,1010,33.0000,1.8815
1159,1103,1085,37.5000,1.9321
1159,1103,1145,33.0000,1.8815
1162,1100,973,37.5000,1.9321
1162,1100,1086,35.0000,1.9111
1162,1100,1132,33.0000,1.8815
1164,1078,1029,63.0000,2.0944
1164,1078,1040,35.0000,2.0944
1164,1201,1129,35.0000,1.9111
1165,1094,1018,37.5000,1.9321
1165,1094,1031,33.0000,1.8815
1165,1094,1128,33.0000,1.8815
1166,1063,967,50.0000,2.1276
1166,1063,1066,38.0000,2.0665
1166,1147,1045,80.0000,2.1014
1167,1102,1018,37.5000,1.9321
1167,1102,1026,37.5000,1.9321
1167,1102,1155,33.0000,1.8815
1168,1084,1029,63.0000,2.0944
1168,1084,1053,35.0000,2.0944
1168,1205,1164,63.0000,2.0944
1169,1049,981,37.5000,1.9321
1169,1049,1013,37.5000,1.9321
1169,1049,1057,37.5000,1.9321
1169,1196,1119,37.5000,1.9321
1170,1085,1005,35.0000,1.9111
1170,1085,1044,35.0000,1.9111
1170,1085,1103,37.5000,1.9321
1171,1086,961,50.0000,2.1276
1171,1086,1100,50.0000,2.1276
1172,1188,1104,50.0000,2.1276
1173,1082,1008,37.5000,1.9321
1173,1082,1048,35.0000,1.9111
1173,1082,1050,35.0000,1.9111
1174,1212,1137,33.0000,1.8815
1176,1121,997,37.5000,1.9321
1176,1121,1140,33.0000,1.8815
1176,1121,1157,33.0000,1.8815
1177,1110,1014,35.0000,2.0944
1177,1110,1111,35.0000,2.0944
1178,1111,1015,35.0000,2.0944
1178,1111,1110,35.0000,2.0944
1180,1096,1026,38.0000,2.0665
1180,1096,1036,35.0000,2.0909
1181,1107,1060,55.0000,1.8937
1183,1207,1142,80.0000,2.1014
1184,1120,999,37.5000,1.9321
1184,1120,1125,35.0000,1.9111
1184,1120,1153,35.0000,1.9111
1186,1113,1034,63.0000,1.9216
1186,1113,1052,35.0000,1.9111
1186,1152,1043,80.0000,2.1450
1187,1143,1039,37.5000,1.9321
1187,1143,1097,35.0000,1.9111
1188,1104,1017,35.0000,1.9111
1188,1104,1073,80.0000,1.9146
1188,1104,1158,63.0000,1.9216
1188,1172,1083,80.0000,2.1450
1189,1077,1000,50.0000,1.9111
1189,1077,1022,35.0000,1.9111
1189,1077,1087,35.0000,1.9111
1191,1113,1034,63.0000,1.9391
1191,1113,1052,37.5000,1.9321
1191,1113,1186,80.0000,1.9146
1192,1166,1063,35.0000,1.9111
1192,1166,1147,35.0000,1.9111
1194,1074,1011,35.0000,2.0944
1194,1074,1020,63.0000,2.0944
1195,1217,1139,33.0000,1.8815
1196,1169,1049,58.3500,1.9670
1196,1169,1156,37.5000,1.9321
1197,1109,1023,35.0000,1.9111
1197,1109,1056,35.0000,1.9111
1197,1109,1115,37.5000,1.9321
1198,1224,1144,37.5000,1.9321
1199,1219,1124,35.0000,1.9111
1200,1114,1056,35.0000,2.0909
1200,1114,1072,38.0000,2.0665
1201,1164,1078,70.0000,2.0944
1202,1201,1129,33.0000,1.8815
1202,1201,1164,35.0000,1.9111
1203,1168,1084,35.0000,2.0944
1205,1164,1078,63.0000,2.0944
1205,1164,1201,70.0000,2.0944
1205,1168,1084,63.0000,2.0944
1205,1168,1203,35.0000,2.0944
1206,1122,1035,35.0000,1.9111
1206,1122,1072,37.5000,1.9321
1206,1122,1146,33.0000,1.8815
1207,1142,1065,63.0000,1.9391
1207,1142,1081,63.0000,1.9216
1208,1143,1039,37.5000,1.9321
1208,1143,1097,35.0000,1.9111
1208,1143,1187,33.0000,1.8815
1209,1116,1050,80.0000,2.1450
1209,1116,1072,80.0000,2.1014
1210,1118,1036,35.0000,1.9111
1210,1118,1080,37.5000,1.9321
1210,1118,1093,35.0000,1.9111
1211,1091,1016,35.0000,1.9111
1211,1091,1071,35.0000,1.9111
1211,1091,1080,63.0000,1.9391
1211,1213,1131,35.0000,2.0909
1213,1211,1091,70.0000,2.0351
1214,1142,1065,37.5000,1.9321
1214,1142,1081,35.0000,1.9111
1214,1142,1207,35.0000,1.9111
1215,1196,1119,33.0000,1.8815
1215,1196,1169,37.5000,1.9321
1216,1090,1021,63.0000,1.9391
1216,1090,1042,35.0000,1.9111
1216,1090,1095,63.0000,1.9216
1216,1228,1163,35.0000,2.0909
1218,1125,1051,80.0000,2.1450
1218,1125,1120,70.0000,2.0351
1218,1232,1154,35.0000,1.9111
1219,1124,1079,55.0000,1.8937
1219,1237,1152,63.0000,1.9391
1220,1189,1077,55.0000,1.8937
1221,1105,1020,85.0000,2.1415
1221,1105,1027,70.0000,2.3178
1221,1256,1194,63.0000,2.0944
1223,1194,1074,35.0000,2.0944
1224,1198,1141,37.5000,1.9321
1224,1198,1148,37.5000,1.9321
1224,1274,1222,37.5000,1.9321
1226,1217,1139,33.0000,1.8815
1226,1217,1195,33.0000,1.8815
1228,1216,1090,70.0000,2.0351
1229,1191,1113,37.5000,1.9321
1229,1191,1134,33.0000,1.8815
1230,1234,1115,37.5000,1.9321
1231,1166,1063,35.0000,1.9111
1231,1166,1147,35.0000,1.9111
1231,1166,1192,33.0000,1.8815
1232,1218,1125,50.0000,2.1276
1232,1264,1204,37.5000,1.9321
1233,1212,1137,33.0000,1.8815
1233,1212,1174,33.0000,1.8815
1234,1115,1055,37.5000,1.9321
1234,1115,1088,37.5000,1.9321
1234,1115,1109,58.3500,1.9670
1235,1261,1169,37.5000,1.9321
1236,1147,1045,80.0000,2.1450
1236,1147,1166,70.0000,2.0351
1236,1246,1175,35.0000,1.9111
1237,1152,1043,80.0000,2.1014
1237,1152,1186,70.0000,2.0351
1237,1219,1124,50.0000,1.9111
1237,1219,1199,37.5000,1.9321
1237,1242,1190,38.0000,2.0665
1239,1275,1191,70.0000,2.0944
1240,1153,1092,35.0000,2.0909
1240,1153,1120,50.0000,2.1276
1240,1255,1182,35.0000,1.9111
1241,1158,1093,80.0000,2.1450
1241,1158,1104,80.0000,2.1014
1242,1237,1152,63.0000,1.9216
1242,1237,1219,80.0000,1.9146
1243,1277,1172,63.0000,1.9216
1244,1297,1224,63.0000,1.9391
1246,1236,1147,50.0000,2.1276
1246,1250,1185,37.5000,1.9321
1250,1246,1175,37.5000,1.9321
1250,1246,1236,80.0000,1.9146
1252,1149,1075,37.5000,1.9321
1252,1149,1135,37.5000,1.9321
1252,1149,1136,37.5000,1.9321
1252,1258,1193,37.5000,1.9321
1253,1234,1115,37.5000,1.9321
1253,1234,1230,33.0000,1.8815
1254,1252,1149,37.5000,1.9321
1255,1240,1153,70.0000,2.0351
1255,1305,1244,50.0000,2.1276
1256,1194,1074,63.0000,2.0944
1256,1194,1223,35.0000,2.0944
1256,1221,1105,85.0000,2.0944
1258,1252,1149,58.3500,1.9670
1258,1252,1254,37.5000,1.9321
1259,1196,1119,33.0000,1.8815
1259,1196,1169,37.5000,1.9321
1259,1196,1215,33.0000,1.8815
1260,1188,1104,38.0000,2.0665
1260,1188,1172,35.0000,2.0909
1261,1169,1049,58.3500,1.9670
1261,1169,1156,37.5000,1.9321
1261,1169,1196,58.3500,1.9670
1261,1299,1243,70.0000,2.0351
1263,1205,1164,35.0000,2.0944
1263,1205,1168,35.0000,2.0944
1264,1232,1154,37.5000,1.9321
1264,1232,1218,80.0000,1.9146
1265,1186,1113,38.0000,2.0665
1265,1186,1152,35.0000,2.0909
1267,1258,1193,33.0000,1.8815
1267,1258,1252,37.5000,1.9321
1268,1250,1185,33.0000,1.8815
1268,1250,1246,37.5000,1.9321
1270,1325,1251,35.0000,1.9111
1271,1198,1141,33.0000,1.8815
1271,1198,1148,33.0000,1.8815
1271,1198,1224,37.5000,1.9321
1272,1218,1125,35.0000,2.0909
1272,1218,1232,38.0000,2.0665
1273,1221,1105,35.0000,2.0944
1273,1221,1256,35.0000,2.0944
1274,1224,1144,37.5000,1.9321
1274,1224,1198,58.3500,1.9670
1275,1191,1113,63.0000,1.9897
1275,1191,1134,35.0000,1.9111
1275,1191,1229,35.0000,1.9111
1275,1239,1160,35.0000,2.0944
1276,1311,1249,33.0000,1.8815
1277,1172,1083,80.0000,2.1014
1277,1172,1188,70.0000,2.0351
1277,1243,1179,38.0000,2.0665
1277,1333,1266,37.5000,1.9321
1278,1304,1212,37.5000,1.9321
1280,1295,1225,33.0000,1.8815
1283,1213,1131,35.0000,2.0944
1283,1213,1211,35.0000,2.0909
1284,1207,1142,70.0000,2.0351
1284,1207,1183,80.0000,2.1450
1285,1274,1222,33.0000,1.8815
1285,1274,1224,37.5000,1.9321
1286,1216,1090,80.0000,2.1014
1286,1216,1228,80.0000,2.1450
1287,1264,1204,35.0000,1.9111
1287,1264,1232,50.0000,1.9111
1288,1171,1086,70.0000,2.0351
1288,1171,1150,80.0000,2.1014
1288,1334,1279,37.5000,1.9321
1289,1211,1091,80.0000,2.1014
1289,1211,1213,80.0000,2.1450
1290,1287,1264,55.0000,1.8937
1292,1323,1239,35.0000,2.0944
1293,1284,1207,35.0000,2.0909
1294,1317,1217,37.5000,1.9321
1295,1347,1234,62.0000,1.7261
1296,1337,1269,33.0000,1.8815
1297,1224,1144,37.5000,1.9321
1297,1224,1198,58.3500,1.9670
1297,1224,1274,58.3500,1.9670
1297,1244,1161,80.0000,2.1014
1297,1318,1245,38.0000,2.0665
1298,1288,1171,35.0000,1.9111
1299,1243,1179,35.0000,2.0909
1299,1243,1277,50.0000,2.1276
1299,1261,1169,63.0000,1.9391
1299,1261,1235,35.0000,1.9111
1300,1320,1219,37.5000,1.9321
1301,1308,1227,33.0000,1.8815
1302,1360,1284,35.0000,1.9111
1303,1309,1232,70.0000,2.0351
1304,1212,1137,37.5000,1.9321
1304,1212,1174,37.5000,1.9321
1304,1212,1233,37.5000,1.9321
1304,1356,1282,37.5000,1.9321
1305,1244,1161,80.0000,2.1450
1305,1244,1297,70.0000,2.0351
1305,1255,1182,35.0000,1.9111
1305,1255,1240,63.0000,1.9216
1308,1353,1255,58.3500,1.9670
1309,1232,1154,35.0000,1.9111
1309,1232,1218,63.0000,1.9216
1309,1232,1264,63.0000,1.9391
1309,1303,1248,35.0000,2.0909
1310,1201,1129,37.5000,1.9321
1310,1201,1164,63.0000,1.9897
1310,1201,1202,37.5000,1.9321
1310,1321,1242,70.0000,2.0351
1314,1236,1147,35.0000,2.0909
1314,1236,1246,38.0000,2.0665
1316,1240,1153,80.0000,2.1450
1316,1240,1255,80.0000,2.1014
1317,1217,1139,37.5000,1.9321
1317,1217,1195,37.5000,1.9321
1317,1217,1226,37.5000,1.9321
1317,1330,1247,37.5000,1.9321
1318,1297,1224,80.0000,1.9146
1318,1297,1244,63.0000,1.9216
1319,1311,1249,33.0000,1.8815
1319,1311,1276,33.0000,1.8815
1320,1219,1124,50.0000,1.9111
1320,1219,1199,37.5000,1.9321
1320,1219,1237,58.3500,1.9670
1321,1242,1190,35.0000,2.0909
1321,1242,1237,50.0000,2.1276
1321,1310,1201,63.0000,1.9391
1322,1237,1152,35.0000,1.9111
1322,1237,1219,37.5000,1.9321
1322,1237,1242,35.0000,1.9111
1323,1239,1160,35.0000,2.0944
1323,1239,1275,63.0000,2.0944
1324,1310,1201,37.5000,1.9321
1324,1310,1321,35.0000,1.9111
1325,1251,1238,55.0000,1.8937
1325,1391,1303,80.0000,1.9146
1326,1334,1279,33.0000,1.8815
1326,1334,1288,37.5000,1.9321
1330,1317,1217,58.3500,1.9670
1330,1317,1294,37.5000,1.9321
1332,1277,1172,35.0000,1.9111
1332,1277,1243,35.0000,1.9111
1333,1277,1172,63.0000,1.9391
1333,1277,1243,80.0000,1.9146
1333,1277,1332,37.5000,1.9321
1334,1288,1171,63.0000,1.9391
1334,1288,1298,37.5000,1.9321
1335,1228,1163,38.0000,2.0665
1335,1228,1216,50.0000,2.1276
1335,1345,1262,80.0000,2.1014
1336,1258,1193,33.0000,1.8815
1336,1258,1252,37.5000,1.9321
1336,1258,1267,33.0000,1.8815
1339,1331,1257,35.0000,2.0944
1340,1350,1246,70.0000,2.0351
1342,1335,1228,35.0000,1.9111
1345,1335,1228,63.0000,1.9216
1345,1335,1342,35.0000,1.9111
1346,1264,1204,33.0000,1.8815
1346,1264,1232,37.5000,1.9321
1346,1264,1287,35.0000,1.9111
1347,1234,1115,50.0000,2.0019
1347,1234,1230,35.0000,1.9111
1347,1234,1253,35.0000,1.9111
1347,1295,1225,35.0000,1.9111
1347,1295,1280,35.0000,1.9111
1349,1320,1219,37.5000,1.9321
1349,1320,1300,33.0000,1.8815
1350,1246,1175,35.0000,1.9111
1350,1246,1236,63.0000,1.9216
1350,1246,1250,63.0000,1.9391
1350,1340,1281,35.0000,2.0909
1351,1364,1252,37.5000,1.9321
1353,1255,1182,37.5000,1.9321
1353,1255,1240,63.0000,1.9391
1353,1255,1305,80.0000,1.9146
1353,1308,1227,37.5000,1.9321
1353,1308,1301,37.5000,1.9321
1354,1256,1194,35.0000,2.0944
1354,1256,1221,35.0000,2.0944
1356,1304,1212,58.3500,1.9670
1356,1304,1278,37.5000,1.9321
1357,1250,1185,35.0000,1.9111
1357,1250,1246,50.0000,1.9111
1357,1250,1268,35.0000,1.9111
1358,1397,1329,33.0000,1.8815
1359,1364,1252,37.5000,1.9321
1359,1364,1351,33.0000,1.8815
1360,1284,1207,50.0000,2.1276
1360,1284,1293,38.0000,2.0665
1361,1274,1222,33.0000,1.8815
1361,1274,1224,37.5000,1.9321
1361,1274,1285,33.0000,1.8815
1362,1330,1247,33.0000,1.8815
1362,1330,1317,37.5000,1.9321
1363,1377,1360,80.0000,2.1014
1364,1252,1149,58.3500,1.9670
1364,1252,1254,37.5000,1.9321
1364,1252,1258,58.3500,1.9670
1365,1418,1337,37.5000,1.9321
1366,1288,1171,63.0000,1.9216
1366,1288,1298,35.0000,1.9111
1366,1288,1334,80.0000,1.9146
1366,1379,1328,80.0000,2.1450
1367,1353,1255,50.0000,1.9111
1367,1353,1308,50.0000,1.9111
1370,1261,1169,80.0000,1.9146
1370,1261,1235,35.0000,1.9111
1370,1261,1299,63.0000,1.9216
1370,1400,1344,80.0000,2.1450
1371,1295,1225,33.0000,1.8815
1371,1295,1280,33.0000,1.8815
1371,1295,1347,35.0000,1.9111
1372,1333,1266,33.0000,1.8815
1372,1333,1277,37.5000,1.9321
1373,1404,1304,37.5000,1.9321
1374,1393,1312,33.0000,1.8815
1375,1308,1227,33.0000,1.8815
1375,1308,1301,33.0000,1.8815
1375,1308,1353,37.5000,1.9321
1376,1409,1348,33.0000,1.8815
1377,1360,1284,63.0000,1.9216
1377,1360,1302,35.0000,1.9111
1378,1356,1282,33.0000,1.8815
1378,1356,1304,37.5000,1.9321
1379,1366,1288,50.0000,2.1276
1380,1309,1232,80.0000,2.1014
1380,1309,1303,80.0000,2.1450
1382,1367,1353,55.0000,1.8937
1383,1398,1315,80.0000,2.1014
1384,1297,1224,37.5000,1.9321
1384,1297,1244,35.0000,1.9111
1384,1297,1318,35.0000,1.9111
1385,1305,1244,35.0000,2.0909
1385,1305,1255,38.0000,2.0665
1386,1383,1291,33.0000,1.8815
1387,1325,1251,35.0000,1.9111
1387,1325,1270,33.0000,1.8815
1388,1299,1243,80.0000,2.1450
1388,1299,1261,80.0000,2.1014
1389,1337,1269,33.0000,1.8815
1389,1337,1296,33.0000,1.8815
1390,1401,1313,33.0000,1.8815
1391,1303,1248,38.0000,2.0665
1391,1303,1309,50.0000,2.1276
1391,1325,1251,50.0000,1.9111
1391,1325,1270,37.5000,1.9321
1391,1325,1387,37.5000,1.9321
1392,1412,1331,70.0000,2.0944
1394,1275,1191,70.0000,2.0944
1394,1275,1239,63.0000,2.0944
1395,1330,1247,33.0000,1.8815
1395,1330,1317,37.5000,1.9321
1395,1330,1362,33.0000,1.8815
1396,1320,1219,37.5000,1.9321
1396,1320,1300,33.0000,1.8815
1396,1320,1349,33.0000,1.8815
1398,1383,1291,35.0000,1.9111
1398,1383,1386,35.0000,1.9111
1399,1432,1333,70.0000,2.0944
1400,1370,1261,50.0000,2.1276
1401,1429,1340,80.0000,1.9146
1402,1366,1288,38.0000,2.0665
1402,1366,1379,35.0000,2.0909
1404,1304,1212,58.3500,1.9670
1404,1304,1278,37.5000,1.9321
1404,1304,1356,58.3500,1.9670
1406,1321,1242,80.0000,2.1450
1406,1321,1310,80.0000,2.1014
1410,1335,1228,35.0000,1.9111
1410,1335,1342,33.0000,1.8815
1410,1335,1345,35.0000,1.9111
1411,1310,1201,80.0000,1.9146
1411,1310,1321,63.0000,1.9216
1411,1310,1324,35.0000,1.9111
1411,1448,1403,80.0000,2.1450
1412,1331,1257,35.0000,2.0944
1412,1331,1339,35.0000,2.0944
1412,1392,1307,35.0000,2.0944
1415,1429,1340,63.0000,1.9216
1415,1429,1401,63.0000,1.9391
1416,1393,1312,35.0000,1.9111
1416,1393,1374,35.0000,1.9111
1416,1423,1408,35.0000,2.0909
1418,1337,1269,37.5000,1.9321
1418,1337,1296,37.5000,1.9321
1418,1337,1389,37.5000,1.9321
1418,1461,1379,63.0000,1.9391
1420,1394,1275,35.0000,2.0944
1421,1370,1261,38.0000,2.0665
1421,1370,1400,35.0000,2.0909
1422,1438,1311,37.5000,1.9321
1423,1416,1393,70.0000,2.0351
1424,1377,1360,70.0000,2.0351
1424,1377,1363,80.0000,2.1450
1424,1473,1383,80.0000,1.9146
1425,1409,1348,35.0000,1.9111
1425,1409,1376,35.0000,1.9111
1426,1391,1303,35.0000,1.9111
1426,1391,1325,37.5000,1.9321
1427,1318,1245,35.0000,2.0909
1427,1318,1297,50.0000,2.1276
1427,1431,1338,35.0000,1.9111
1428,1357,1250,55.0000,1.8937
1429,1340,1281,38.0000,2.0665
1429,1340,1350,50.0000,2.1276
1429,1401,1313,37.5000,1.9321
1429,1401,1390,37.5000,1.9321
1429,1415,1327,80.0000,2.1014
1430,1350,1246,80.0000,2.1014
1430,1350,1340,80.0000,2.1450
1431,1427,1318,70.0000,2.0351
1432,1333,1266,35.0000,1.9111
1432,1333,1277,63.0000,1.9897
1432,1333,1372,35.0000,1.9111
1432,1399,1306,35.0000,2.0944
1433,1317,1217,58.3500,1.9670
1433,1317,1294,37.5000,1.9321
1433,1317,1330,58.3500,1.9670
1433,1437,1343,80.0000,2.1014
1435,1457,1356,80.0000,1.9146
1436,1433,1317,37.5000,1.9321
1437,1433,1317,63.0000,1.9391
1437,1433,1436,35.0000,1.9111
1438,1311,1249,37.5000,1.9321
1438,1311,1276,37.5000,1.9321
1438,1311,1319,37.5000,1.9321
1438,1493,1431,58.3500,1.9670
1439,1353,1255,37.5000,1.9321
1439,1353,1308,37.5000,1.9321
1439,1353,1367,35.0000,1.9111
1441,1445,1397,50.0000,2.1276
1441,1470,1414,35.0000,1.9111
1442,1323,1239,63.0000,2.0944
1442,1323,1292,35.0000,2.0944
1442,1478,1394,63.0000,2.0944
1443,1424,1377,35.0000,2.0909
1444,1345,1262,80.0000,2.1450
1444,1345,1335,70.0000,2.0351
1444,1470,1414,35.0000,1.9111
1444,1470,1441,63.0000,1.9216
1445,1397,1329,35.0000,1.9111
1445,1397,1358,35.0000,1.9111
1445,1441,1405,80.0000,2.1450
1446,1404,1304,37.5000,1.9321
1446,1404,1373,33.0000,1.8815
1447,1496,1431,50.0000,2.1276
1448,1411,1310,50.0000,2.1276
1449,1411,1310,38.0000,2.0665
1449,1411,1448,35.0000,2.0909
1450,1392,1307,35.0000,2.0944
1450,1392,1412,35.0000,2.0944
1451,1469,1360,37.5000,1.9321
1452,1416,1393,80.0000,2.1014
1452,1416,1423,80.0000,2.1450
1453,1455,1369,33.0000,1.8815
1454,1489,1397,70.0000,2.0351
1454,1533,1447,63.0000,1.9216
1455,1490,1401,58.3500,1.9670
1457,1356,1282,37.5000,1.9321
1457,1356,1304,58.3500,1.9670
1457,1356,1378,37.5000,1.9321
1457,1435,1355,38.0000,2.0665
1457,1472,1417,80.0000,2.1014
1458,1423,1408,35.0000,2.0944
1458,1423,1416,35.0000,2.0909
1460,1334,1279,37.5000,1.9321
1460,1334,1288,58.3500,1.9670
1460,1334,1326,37.5000,1.9321
1460,1510,1434,70.0000,2.0351
1461,1379,1328,80.0000,2.1014
1461,1379,1366,70.0000,2.0351
1461,1418,1337,58.3500,1.9670
1461,1418,1365,37.5000,1.9321
1461,1501,1440,38.0000,2.0665
1462,1497,1393,37.5000,1.9321
1463,1434,1352,35.0000,2.0944
1464,1485,1399,35.0000,2.0944
1465,1502,1459,33.0000,1.8815
1466,1460,1334,37.5000,1.9321
1467,1502,1459,33.0000,1.8815
1467,1502,1465,33.0000,1.8815
1469,1360,1284,80.0000,1.9146
1469,1360,1302,37.5000,1.9321
1469,1360,1377,63.0000,1.9391
1470,1441,1405,80.0000,2.1014
1470,1441,1445,70.0000,2.0351
1470,1444,1345,50.0000,2.1276
1471,1404,1304,37.5000,1.9321
1471,1404,1373,33.0000,1.8815
1471,1404,1446,33.0000,1.8815
1472,1457,1356,63.0000,1.9391
1472,1457,1435,63.0000,1.9216
1473,1383,1291,37.5000,1.9321
1473,1383,1386,37.5000,1.9321
1473,1383,1398,63.0000,1.9391
1473,1424,1377,50.0000,2.1276
1473,1424,1443,38.0000,2.0665
1474,1445,1397,38.0000,2.0665
1474,1445,1441,35.0000,2.0909
1476,1491,1415,50.0000,2.1276
1476,1521,1435,70.0000,2.0351
1477,1520,1438,37.5000,1.9321
1478,1394,1275,63.0000,2.0944
1478,1394,1420,35.0000,2.0944
1478,1442,1323,63.0000,2.0944
1480,1507,1419,33.0000,1.8815
1481,1425,1409,44.0000,1.6755
1482,1527,1418,37.5000,1.9321
1483,1526,1456,33.0000,1.8815
1484,1364,1252,58.3500,1.9670
1484,1364,1351,37.5000,1.9321
1484,1364,1359,37.5000,1.9321
1484,1487,1475,38.0000,2.0665
1485,1399,1306,35.0000,2.0944
1485,1399,1432,63.0000,2.0944
1486,1473,1383,37.5000,1.9321
1486,1473,1424,35.0000,1.9111
1487,1484,1364,80.0000,1.9146
1488,1398,1315,80.0000,2.1450
1488,1398,1383,70.0000,2.0351
1489,1397,1329,35.0000,1.9111
1489,1397,1358,35.0000,1.9111
1489,1397,1445,63.0000,1.9216
1489,1454,1368,35.0000,2.0909
1490,1401,1313,37.5000,1.9321
1490,1401,1390,37.5000,1.9321
1490,1401,1429,58.3500,1.9670
1490,1455,1369,37.5000,1.9321
1490,1455,1453,37.5000,1.9321
1491,1415,1327,80.0000,2.1450
1491,1415,1429,70.0000,2.0351
1491,1476,1381,35.0000,1.9111
1492,1490,1401,37.5000,1.9321
1492,1490,1455,37.5000,1.9321
1493,1431,1338,37.5000,1.9321
1493,1431,1427,63.0000,1.9391
1493,1438,1311,58.3500,1.9670
1493,1438,1422,37.5000,1.9321
1495,1535,1476,37.5000,1.9321
1496,1431,1338,35.0000,1.9111
1496,1431,1427,63.0000,1.9216
1496,1431,1493,80.0000,1.9146
1496,1447,1341,80.0000,2.1450
1497,1393,1312,37.5000,1.9321
1497,1393,1374,37.5000,1.9321
1497,1393,1416,63.0000,1.9391
1498,1488,1398,35.0000,2.0909
1499,1391,1303,63.0000,1.9216
1499,1391,1325,63.0000,1.9391
1499,1391,1426,35.0000,1.9111
1500,1499,1391,70.0000,2.0420
1501,1461,1379,63.0000,1.9216
1501,1461,1418,80.0000,1.9146
1504,1493,1431,37.5000,1.9321
1504,1493,1438,37.5000,1.9321
1505,1535,1476,58.3500,1.9670
1505,1535,1495,37.5000,1.9321
1505,1544,1503,37.5000,1.9321
1508,1442,1323,35.0000,2.0944
1508,1442,1478,35.0000,2.0944
1509,1444,1345,35.0000,2.0909
1509,1444,1470,38.0000,2.0665
1510,1434,1352,35.0000,2.0909
1510,1434,1463,35.0000,2.0909
1510,1460,1334,63.0000,1.9391
1510,1460,1466,35.0000,1.9111
1511,1469,1360,37.5000,1.9321
1511,1469,1451,33.0000,1.8815
1512,1412,1331,70.0000,2.0944
1512,1412,1392,70.0000,2.0944
1512,1544,1503,35.0000,1.9111
1512,1544,1505,80.0000,1.9408
1513,1549,1448,35.0000,1.9111
1517,1429,1340,35.0000,1.9111
1517,1429,1401,37.5000,1.9321
1517,1429,1415,35.0000,1.9111
1518,1455,1369,33.0000,1.8815
1518,1455,1453,33.0000,1.8815
1518,1455,1490,37.5000,1.9321
1519,1546,1479,35.0000,2.0909
1520,1438,1311,58.3500,1.9670
1520,1438,1422,37.5000,1.9321
1520,1438,1493,58.3500,1.9670
1521,1435,1355,35.0000,2.0909
1521,1435,1457,50.0000,2.1276
1521,1476,1381,35.0000,1.9111
1521,1476,1491,63.0000,1.9216
1522,1427,1318,80.0000,2.1450
1522,1427,1431,80.0000,2.1014
1524,1526,1456,33.0000,1.8815
1524,1526,1483,33.0000,1.8815
1525,1484,1364,37.5000,1.9321
1525,1484,1487,35.0000,1.9111
1527,1418,1337,58.3500,1.9670
1527,1418,1365,37.5000,1.9321
1527,1418,1461,58.3500,1.9670
1528,1497,1393,37.5000,1.9321
1528,1497,1462,33.0000,1.8815
1529,1400,1344,80.0000,2.1014
1529,1400,1370,70.0000,2.0351
1529,1531,1468,38.0000,2.0665
1530,1539,1433,38.0000,2.0665
1531,1529,1400,63.0000,1.9216
1532,1460,1334,37.5000,1.9321
1532,1460,1466,33.0000,1.8815
1532,1460,1510,35.0000,1.9111
1533,1447,1341,80.0000,2.1014
1533,1447,1496,70.0000,2.0351
1533,1454,1368,38.0000,2.0665
1533,1454,1489,50.0000,2.1276
1533,1576,1507,58.3500,1.9670
1534,1529,1400,35.0000,1.9111
1534,1529,1531,35.0000,1.9111
1535,1476,1381,37.5000,1.9321
1535,1476,1491,80.0000,1.9146
1535,1476,1521,63.0000,1.9391
1535,1505,1407,37.5000,1.9321
1536,1409,1348,37.5000,1.9321
1536,1409,1376,37.5000,1.9321
1536,1409,1425,50.0000,1.8954
1536,1537,1515,38.0000,2.0665
1536,1564,1514,80.0000,2.1014
1537,1536,1409,80.0000,1.9146
1538,1520,1438,37.5000,1.9321
1538,1520,1477,33.0000,1.8815
1539,1433,1317,80.0000,1.9146
1539,1433,1436,35.0000,1.9111
1539,1433,1437,63.0000,1.9216
1540,1487,1475,35.0000,2.0909
1540,1487,1484,50.0000,2.1276
1540,1555,1494,35.0000,1.9111
1541,1457,1356,37.5000,1.9321
1541,1457,1435,35.0000,1.9111
1541,1457,1472,35.0000,1.9111
1542,1437,1343,80.0000,2.1450
1542,1437,1433,70.0000,2.0351
1542,1555,1494,35.0000,1.9111
1542,1555,1540,63.0000,1.9216
1543,1461,1379,35.0000,1.9111
1543,1461,1418,37.5000,1.9321
1543,1461,1501,35.0000,1.9111
1544,1505,1407,37.5000,1.9321
1544,1505,1535,58.3500,1.9670
1544,1512,1412,50.0000,2.1502
1546,1519,1413,80.0000,2.1450
1547,1505,1407,33.0000,1.8815
1547,1505,1535,37.5000,1.9321
1547,1505,1544,37.5000,1.9321
1548,1507,1419,33.0000,1.8815
1548,1507,1480,33.0000,1.8815
1549,1448,1403,80.0000,2.1014
1549,1448,1411,70.0000,2.0351
1550,1472,1417,80.0000,2.1450
1550,1472,1457,70.0000,2.0351
1550,1569,1516,35.0000,1.9111
1551,1432,1333,70.0000,2.0944
1551,1432,1399,63.0000,2.0944
1553,1491,1415,35.0000,2.0909
1553,1491,1476,38.0000,2.0665
1554,1488,1398,35.0000,2.0909
1554,1488,1498,35.0000,2.0944
1555,1540,1487,70.0000,2.0351
1555,1542,1437,50.0000,2.1276
1558,1537,1515,35.0000,2.0909
1558,1537,1536,50.0000,2.1276
1558,1569,1516,35.0000,1.9111
1558,1569,1550,63.0000,1.9216
1559,1512,1412,35.0000,2.0944
1559,1512,1544,35.0000,2.0665
1560,1469,1360,63.0000,1.9391
1560,1469,1451,35.0000,1.9111
1560,1469,1511,35.0000,1.9111
1561,1478,1394,35.0000,2.0944
1561,1478,1442,35.0000,2.0944
1562,1558,1537,80.0000,2.1450
1563,1527,1418,37.5000,1.9321
1563,1527,1482,33.0000,1.8815
1564,1536,1409,63.0000,1.9391
1564,1536,1537,63.0000,1.9216
1565,1484,1364,63.0000,1.9391
1565,1484,1487,63.0000,1.9216
1565,1484,1525,35.0000,1.9111
1566,1565,1484,80.0000,2.1014
1567,1540,1487,80.0000,2.1450
1567,1540,1555,80.0000,2.1014
1568,1551,1432,35.0000,2.0944
1569,1550,1472,50.0000,2.1276
1569,1558,1537,70.0000,2.0351
1569,1558,1562,80.0000,2.1014
1570,1527,1418,37.5000,1.9321
1570,1527,1482,33.0000,1.8815
1570,1527,1563,33.0000,1.8815
1571,1590,1497,37.5000,1.9321
1572,1496,1431,38.0000,2.0665
1572,1496,1447,35.0000,2.0909
1573,1499,1391,70.0000,2.0420
1573,1499,1500,80.0000,2.1991
1574,1493,1431,37.5000,1.9321
1574,1493,1438,37.5000,1.9321
1574,1493,1504,33.0000,1.8815
1575,1550,1472,35.0000,2.0909
1575,1550,1569,38.0000,2.0665
1576,1507,1419,37.5000,1.9321
1576,1507,1480,37.5000,1.9321
1576,1507,1548,37.5000,1.9321
1576,1533,1447,63.0000,1.9391
1576,1533,1454,80.0000,1.9146
1577,1531,1468,35.0000,2.0909
1577,1531,1529,50.0000,2.1276
1577,1583,1523,35.0000,1.9111
1578,1533,1447,35.0000,1.9111
1578,1533,1454,35.0000,1.9111
1578,1533,1576,37.5000,1.9321
1579,1473,1383,63.0000,1.9391
1579,1473,1424,63.0000,1.9216
1579,1473,1486,35.0000,1.9111
1580,1536,1409,37.5000,1.9321
1580,1536,1537,35.0000,1.9111
1580,1536,1564,35.0000,1.9111
1581,1489,1397,80.0000,2.1014
1581,1489,1454,80.0000,2.1450
1582,1470,1414,37.5000,1.9321
1582,1470,1441,63.0000,1.9391
1582,1470,1444,80.0000,1.9146
1583,1577,1531,70.0000,2.0351
1583,1597,1519,63.0000,1.9391
1584,1520,1438,37.5000,1.9321
1584,1520,1477,33.0000,1.8815
1584,1520,1538,33.0000,1.8815
1585,1549,1448,35.0000,1.9111
1585,1549,1513,33.0000,1.8815
1587,1603,1549,50.0000,2.1276
1588,1582,1470,37.5000,1.9321
1589,1510,1434,80.0000,2.1450
1589,1510,1460,80.0000,2.1014
1590,1497,1393,58.3500,1.9670
1590,1497,1462,37.5000,1.9321
1590,1497,1528,37.5000,1.9321
1591,1485,1399,63.0000,2.0944
1591,1485,1464,35.0000,2.0944
1591,1621,1551,63.0000,2.0944
1592,1501,1440,35.0000,2.0909
1592,1501,1461,50.0000,2.1276
1592,1607,1545,35.0000,1.9111
1593,1542,1437,35.0000,2.0909
1593,1542,1555,38.0000,2.0665
1594,1576,1507,37.5000,1.9321
1594,1576,1533,37.5000,1.9321
1595,1620,1556,33.0000,1.8815
1596,1490,1401,58.3500,1.9670
1596,1490,1455,58.3500,1.9670
1596,1490,1492,37.5000,1.9321
1597,1519,1413,80.0000,2.1014
1597,1519,1546,70.0000,2.0351
1597,1583,1523,37.5000,1.9321
1597,1583,1577,63.0000,1.9391
1598,1582,1470,37.5000,1.9321
1598,1582,1588,33.0000,1.8815
1601,1521,1435,80.0000,2.1450
1601,1521,1476,80.0000,2.1014
1602,1596,1490,37.5000,1.9321
1603,1549,1448,63.0000,1.9216
1603,1549,1513,35.0000,1.9111
1603,1549,1585,35.0000,1.9111
1603,1587,1506,80.0000,2.1450
1604,1560,1469,70.0000,2.0420
1605,1535,1476,37.5000,1.9321
1605,1535,1495,33.0000,1.8815
1605,1535,1505,37.5000,1.9321
1606,1631,1579,35.0000,2.0909
1607,1592,1501,70.0000,2.0351
1608,1579,1473,80.0000,2.1014
1609,1560,1469,70.0000,2.0420
1609,1560,1604,80.0000,2.1991
1610,1546,1479,35.0000,2.0944
1610,1546,1519,35.0000,2.0909
1613,1529,1400,63.0000,1.9391
1613,1529,1531,80.0000,1.9146
1613,1529,1534,37.5000,1.9321
1613,1616,1557,37.5000,1.9321
1614,1616,1557,33.0000,1.8815
1614,1616,1613,37.5000,1.9321
1615,1624,1526,37.5000,1.9321
1616,1613,1529,58.3500,1.9670
1617,1544,1503,33.0000,1.8815
1617,1544,1505,37.5000,1.9321
1617,1544,1512,35.0000,1.9111
1618,1502,1459,37.5000,1.9321
1618,1502,1465,37.5000,1.9321
1618,1502,1467,37.5000,1.9321
1619,1597,1519,35.0000,1.9111
1619,1597,1583,37.5000,1.9321
1621,1551,1432,63.0000,2.0944
1621,1551,1568,35.0000,2.0944
1621,1591,1485,63.0000,2.0944
1622,1539,1433,50.0000,2.1276
1622,1539,1530,35.0000,2.0909
1623,1613,1529,37.5000,1.9321
1623,1613,1616,37.5000,1.9321
1624,1526,1456,37.5000,1.9321
1624,1526,1483,37.5000,1.9321
1624,1526,1524,37.5000,1.9321
1624,1665,1607,58.3500,1.9670
1626,1628,1565,35.0000,2.0909
1627,1596,1490,37.5000,1.9321
1627,1596,1602,33.0000,1.8815
1628,1565,1484,70.0000,2.0351
1628,1565,1566,80.0000,2.1450
1630,1664,1607,50.0000,2.1276
1631,1579,1473,70.0000,2.0351
1631,1579,1608,80.0000,2.1450
1632,1577,1531,80.0000,2.1450
1632,1577,1583,80.0000,2.1014
1634,1660,1591,35.0000,1.9722
1635,1656,1583,38.0000,2.0665
1636,1639,1590,38.0000,2.0665
1637,1652,1618,70.0000,2.0351
1637,1669,1587,63.0000,1.9216
1638,1618,1502,37.5000,1.9321
1639,1590,1497,80.0000,1.9146
1639,1590,1571,35.0000,1.9111
1640,1622,1539,80.0000,2.1450
1643,1683,1620,70.0000,2.0351
1643,1700,1630,63.0000,1.9216
1644,1596,1490,37.5000,1.9321
1644,1596,1602,33.0000,1.8815
1644,1596,1627,33.0000,1.8815
1645,1564,1514,80.0000,2.1450
1645,1564,1536,70.0000,2.0351
1646,1555,1494,37.5000,1.9321
1646,1555,1540,63.0000,1.9391
1646,1555,1542,80.0000,1.9146
1646,1682,1629,37.5000,1.9321
1647,1618,1502,80.0000,1.9146
1647,1618,1638,35.0000,1.9111
1647,1648,1625,80.0000,2.1450
1648,1647,1618,50.0000,2.1276
1648,1693,1645,63.0000,1.9216
1649,1689,1624,37.5000,1.9321
1651,1576,1507,50.0000,1.9111
1651,1576,1533,50.0000,1.9111
1651,1576,1594,35.0000,1.9111
1652,1618,1502,63.0000,1.9391
1652,1618,1638,35.0000,1.9111
1652,1618,1647,63.0000,1.9216
1652,1637,1599,35.0000,2.0909
1654,1659,1590,70.0000,2.0351
1655,1666,1582,37.5000,1.9321
1656,1583,1523,35.0000,1.9111
1656,1583,1577,63.0000,1.9216
1656,1583,1597,80.0000,1.9146
1657,1620,1556,35.0000,1.9111
1657,1620,1595,35.0000,1.9111
1657,1670,1641,80.0000,2.1450
1658,1592,1501,80.0000,2.1450
1658,1592,1607,80.0000,2.1014
1659,1590,1497,63.0000,1.9391
1659,1590,1571,35.0000,1.9111
1659,1590,1639,63.0000,1.9216
1659,1654,1612,35.0000,2.0909
1660,1591,1485,70.0000,2.0944
1660,1591,1621,70.0000,2.0944
1661,1646,1555,37.5000,1.9321
1662,1597,1519,35.0000,1.9111
1662,1597,1583,37.5000,1.9321
1662,1597,1619,33.0000,1.8815
1663,1693,1645,35.0000,1.9111
1663,1693,1648,35.0000,1.9111
1664,1607,1545,35.0000,1.9111
1664,1607,1592,63.0000,1.9216
1664,1630,1552,80.0000,2.1450
1665,1607,1545,37.5000,1.9321
1665,1607,1592,63.0000,1.9391
1665,1607,1664,80.0000,1.9146
1665,1624,1526,58.3500,1.9670
1665,1624,1615,37.5000,1.9321
1666,1582,1470,58.3500,1.9670
1666,1582,1588,37.5000,1.9321
1666,1582,1598,37.5000,1.9321
1666,1671,1650,80.0000,2.1014
1667,1569,1516,37.5000,1.9321
1667,1569,1550,80.0000,1.9146
1667,1569,1558,63.0000,1.9391
1667,1668,1653,55.0000,1.8937
1668,1667,1569,50.0000,1.9111
1669,1587,1506,80.0000,2.1014
1669,1587,1603,70.0000,2.0351
1669,1637,1599,38.0000,2.0665
1669,1637,1652,50.0000,2.1276
1670,1657,1620,50.0000,2.1276
1671,1666,1582,63.0000,1.9391
1671,1666,1655,35.0000,1.9111
1672,1698,1622,80.0000,1.9408
1673,1603,1549,38.0000,2.0665
1673,1603,1587,35.0000,2.0909
1675,1665,1607,37.5000,1.9321
1675,1665,1624,37.5000,1.9321
1676,1714,1670,35.0000,1.9111
1677,1616,1557,33.0000,1.8815
1677,1616,1613,37.5000,1.9321
1677,1616,1614,33.0000,1.8815
1678,1682,1629,33.0000,1.8815
1678,1682,1646,37.5000,1.9321
1679,1691,1671,35.0000,2.0909
1680,1645,1564,35.0000,2.0909
1681,1719,1654,63.0000,1.9216
1682,1646,1555,58.3500,1.9670
1682,1646,1661,37.5000,1.9321
1683,1620,1556,35.0000,1.9111
1683,1620,1595,35.0000,1.9111
1683,1620,1657,63.0000,1.9216
1683,1643,1586,35.0000,2.0909
1684,1657,1620,38.0000,2.0665
1684,1657,1670,35.0000,2.0909
1685,1672,1600,35.0000,1.9111
1686,1669,1587,35.0000,1.9111
1686,1669,1637,35.0000,1.9111
1687,1647,1618,38.0000,2.0665
1687,1647,1648,35.0000,2.0909
1688,1696,1613,55.0000,1.8937
1689,1624,1526,58.3500,1.9670
1689,1624,1615,37.5000,1.9321
1689,1624,1665,58.3500,1.9670
1690,1639,1590,50.0000,2.1276
1690,1639,1636,35.0000,2.0909
1690,1708,1628,63.0000,1.9216
1691,1671,1650,80.0000,2.1450
1691,1671,1666,70.0000,2.0351
1692,1667,1569,37.5000,1.9321
1692,1667,1668,35.0000,1.9111
1693,1645,1564,50.0000,2.1276
1693,1645,1680,38.0000,2.0665
1693,1648,1625,80.0000,2.1014
1693,1648,1647,70.0000,2.0351
1694,1621,1551,35.0000,2.0944
1694,1621,1591,35.0000,2.0944
1695,1690,1639,80.0000,2.1450
1696,1613,1529,50.0000,1.9111
1696,1613,1616,50.0000,1.9111
1696,1613,1623,35.0000,1.9111
1697,1689,1624,37.5000,1.9321
1697,1689,1649,33.0000,1.8815
1698,1622,1539,70.0000,2.0351
1698,1622,1640,80.0000,2.1014
1698,1672,1600,35.0000,1.9111
1698,1672,1685,35.0000,1.9111
1698,1705,1642,37.5000,1.9321
1699,1691,1671,35.0000,2.0909
1699,1691,1679,35.0000,2.0944
1700,1630,1552,80.0000,2.1014
1700,1630,1664,70.0000,2.0351
1700,1643,1586,38.0000,2.0665
1700,1643,1683,50.0000,2.1276
1701,1652,1618,80.0000,2.1014
1701,1652,1637,80.0000,2.1450
1702,1651,1576,55.0000,1.8937
1703,1646,1555,37.5000,1.9321
1703,1646,1661,33.0000,1.8815
1703,1646,1682,37.5000,1.9321
1704,1705,1642,37.5000,1.9321
1704,1705,1698,58.3500,1.9670
1705,1698,1622,63.0000,1.9391
1705,1698,1672,80.0000,1.9408
1705,1704,1633,37.5000,1.9321
1707,1718,1674,33.0000,1.8815
1708,1628,1565,50.0000,2.1276
1708,1628,1626,38.0000,2.0665
1708,1690,1639,70.0000,2.0351
1708,1690,1695,80.0000,2.1014
1709,1708,1628,35.0000,1.9111
1709,1708,1690,35.0000,1.9111
1710,1704,1633,33.0000,1.8815
1710,1704,1705,37.5000,1.9321
1713,1672,1600,35.0000,1.9111
1713,1672,1685,35.0000,1.9111
1713,1672,1698,35.0000,1.9111
1714,1670,1641,80.0000,2.1014
1714,1670,1657,70.0000,2.0351
1714,1721,1681,50.0000,2.1276
1715,1659,1590,80.0000,2.1014
1715,1659,1654,80.0000,2.1450
1716,1667,1569,37.5000,1.9321
1716,1667,1668,35.0000,1.9111
1716,1667,1692,33.0000,1.8815
1717,1631,1579,50.0000,2.1276
1717,1631,1606,38.0000,2.0665
1717,1718,1674,37.5000,1.9321
1717,1718,1707,37.5000,1.9321
1718,1717,1631,80.0000,1.9146
1719,1654,1612,38.0000,2.0665
1719,1654,1659,50.0000,2.1276
1719,1681,1611,80.0000,2.1014
1720,1664,1607,38.0000,2.0665
1720,1664,1630,35.0000,2.0909
1721,1681,1611,80.0000,2.1450
1721,1681,1719,70.0000,2.0351
1721,1714,1670,63.0000,1.9216
1721,1714,1676,35.0000,1.9111
1722,1666,1582,37.5000,1.9321
1722,1666,1655,33.0000,1.8815
1722,1666,1671,35.0000,1.9111
1723,1665,1607,37.5000,1.9321
1723,1665,1624,37.5000,1.9321
1723,1665,1675,33.0000,1.8815
1724,1719,1654,35.0000,1.9111
1724,1719,1681,35.0000,1.9111
1725,1717,1631,35.0000,1.9111
1725,1717,1718,37.5000,1.9321
1726,1700,1630,35.0000,1.9111
1726,1700,1643,35.0000,1.9111
1727,1700,1630,35.0000,1.9111
1727,1700,1643,35.0000,1.9111
1727,1700,1726,33.0000,1.8815
1729,1656,1583,50.0000,2.1276
1729,1656,1635,35.0000,2.0909
1730,1689,1624,37.5000,1.9321
1730,1689,1649,33.0000,1.8815
1730,1689,1697,33.0000,1.8815
1731,1735,1669,50.0000,1.9111
1733,1683,1620,80.0000,2.1014
1733,1683,1643,80.0000,2.1450
1734,1698,1622,35.0000,1.9111
1734,1698,1672,35.0000,1.9111
1734,1698,1705,37.5000,1.9321
1735,1669,1587,63.0000,1.9391
1735,1669,1637,80.0000,1.9146
1735,1669,1686,37.5000,1.9321
1735,1731,1711,55.0000,1.8937
1736,1705,1642,33.0000,1.8815
1736,1705,1698,37.5000,1.9321
1736,1705,1704,37.5000,1.9321
1738,1743,1704,80.0000,2.1014
1739,1742,1712,35.0000,1.9111
1740,1752,1717,70.0000,2.0351
1740,1759,1729,63.0000,1.9216
1741,1682,1629,35.0000,1.9111
1741,1682,1646,63.0000,1.9391
1741,1682,1678,35.0000,1.9111
1743,1704,1633,35.0000,1.9111
1743,1704,1705,63.0000,1.9391
1743,1704,1710,35.0000,1.9111
1744,1721,1681,35.0000,2.0909
1744,1721,1714,38.0000,2.0665
1745,1714,1670,35.0000,1.9111
1745,1714,1676,33.0000,1.8815
1745,1714,1721,35.0000,1.9111
1746,1729,1656,80.0000,2.1450
1747,1735,1669,37.5000,1.9321
1747,1735,1731,35.0000,1.9111
1748,1718,1674,33.0000,1.8815
1748,1718,1707,33.0000,1.8815
1748,1718,1717,37.5000,1.9321
1749,1693,1645,80.0000,1.9146
1749,1693,1648,63.0000,1.9391
1749,1693,1663,37.5000,1.9321
1750,1742,1712,35.0000,1.9111
1750,1742,1739,35.0000,1.9111
1751,1741,1682,80.0000,2.1014
1752,1717,1631,63.0000,1.9216
1752,1717,1718,63.0000,1.9391
1752,1717,1725,35.0000,1.9111
1752,1740,1706,35.0000,2.0909
1753,1761,1719,50.0000,1.9111
1754,1708,1628,80.0000,1.9146
1754,1708,1690,63.0000,1.9391
1754,1708,1709,37.5000,1.9321
1754,1758,1732,37.5000,1.9321
1755,1754,1708,37.5000,1.9321
1756,1758,1732,33.0000,1.8815
1756,1758,1754,37.5000,1.9321
1758,1754,1708,58.3500,1.9670
1758,1754,1755,37.5000,1.9321
1759,1729,1656,70.0000,2.0351
1759,1729,1746,80.0000,2.1014
1759,1740,1706,38.0000,2.0665
1759,1740,1752,50.0000,2.1276
1759,1762,1728,37.5000,1.9321
1760,1735,1669,37.5000,1.9321
1760,1735,1731,35.0000,1.9111
1760,1735,1747,33.0000,1.8815
1761,1719,1654,80.0000,1.9146
1761,1719,1681,63.0000,1.9391
1761,1719,1724,37.5000,1.9321
1761,1753,1737,55.0000,1.8937
1762,1759,1729,63.0000,1.9391
1762,1759,1740,80.0000,1.9146
1763,1762,1728,33.0000,1.8815
1763,1762,1759,37.5000,1.9321
1764,1769,1741,35.0000,2.0909
1765,1749,1693,37.5000,1.9321
1766,1749,1693,37.5000,1.9321
1766,1749,1765,33.0000,1.8815
1767,1770,1742,35.0000,1.9111
1768,1749,1693,37.5000,1.9321
1768,1749,1765,33.0000,1.8815
1768,1749,1766,33.0000,1.8815
1769,1741,1682,70.0000,2.0351
1769,1741,1751,80.0000,2.1450
1770,1742,1712,35.0000,1.9111
1770,1742,1739,35.0000,1.9111
1770,1742,1750,35.0000,1.9111
1770,1775,1757,37.5000,1.9321
1771,1761,1719,37.5000,1.9321
1771,1761,1753,35.0000,1.9111
1772,1743,1704,70.0000,2.0351
1772,1743,1738,80.0000,2.1450
1773,1772,1743,35.0000,2.0909
1774,1761,1719,37.5000,1.9321
1774,1761,1753,35.0000,1.9111
1774,1761,1771,33.0000,1.8815
1775,1770,1742,80.0000,1.9408
1775,1770,1767,37.5000,1.9321
1775,1783,1762,58.3500,1.9670
1776,1752,1717,80.0000,2.1014
1776,1752,1740,80.0000,2.1450
1777,1758,1732,33.0000,1.8815
1777,1758,1754,37.5000,1.9321
1777,1758,1756,33.0000,1.8815
1778,1779,1754,37.5000,1.9321
1779,1754,1708,58.3500,1.9670
1779,1754,1755,37.5000,1.9321
1779,1754,1758,58.3500,1.9670
1780,1759,1729,35.0000,1.9111
1780,1759,1740,35.0000,1.9111
1780,1759,1762,37.5000,1.9321
1781,1779,1754,37.5000,1.9321
1781,1779,1778,33.0000,1.8815
1782,1772,1743,35.0000,2.0909
1782,1772,1773,35.0000,2.0944
1783,1762,1728,37.5000,1.9321
1783,1762,1759,58.3500,1.9670
1783,1762,1763,37.5000,1.9321
1783,1775,1757,37.5000,1.9321
1783,1775,1770,58.3500,1.9670
1784,1769,1741,35.0000,2.0909
1784,1769,1764,35.0000,2.0944
1785,1770,1742,35.0000,1.9111
1785,1770,1767,33.0000,1.8815
1785,1770,1775,37.5000,1.9321
1786,1775,1757,33.0000,1.8815
1786,1775,1770,37.5000,1.9321
1786,1775,1783,37.5000,1.9321
1787,1783,1762,37.5000,1.9321
1787,1783,1775,37.5000,1.9321
1788,1783,1762,37.5000,1.9321
1788,1783,1775,37.5000,1.9321
1788,1783,1787,33.0000,1.8815
1789,1779,1754,37.5000,1.9321
1789,1779,1778,33.0000,1.8815
1789,1779,1781,33.0000,1.8815
