ID1,ID2,Kr,r0
5,0,340.0000,1.0900
5,4,340.0000,1.0900
6,1,570.0000,1.2290
6,5,317.0000,1.5220
8,7,553.0000,0.9450
11,2,340.0000,1.0900
12,11,340.0000,1.0900
14,3,570.0000,1.2290
16,5,337.0000,1.4490
16,14,490.0000,1.3350
17,11,340.0000,1.0900
18,6,490.0000,1.3350
20,10,340.0000,1.0900
20,13,340.0000,1.0900
20,19,340.0000,1.0900
21,8,320.0000,1.4100
21,15,340.0000,1.0900
22,21,340.0000,1.0900
23,9,340.0000,1.0900
23,18,337.0000,1.4490
25,11,268.0000,1.5290
25,23,268.0000,1.5290
27,25,320.0000,1.4100
30,16,434.0000,1.0100
31,18,434.0000,1.0100
33,14,317.0000,1.5220
33,29,340.0000,1.0900
34,23,317.0000,1.5220
36,27,553.0000,0.9450
37,34,490.0000,1.3350
37,35,434.0000,1.0100
38,24,570.0000,1.2290
39,34,570.0000,1.2290
40,20,268.0000,1.5290
41,32,553.0000,0.9450
41,40,320.0000,1.4100
43,21,268.0000,1.5290
43,38,317.0000,1.5220
44,26,367.0000,1.0800
45,25,340.0000,1.0900
46,28,367.0000,1.0800
46,44,469.0000,1.4000
47,33,337.0000,1.4490
47,38,490.0000,1.3350
50,33,268.0000,1.5290
50,42,340.0000,1.0900
51,43,340.0000,1.0900
52,40,340.0000,1.0900
53,37,337.0000,1.4490
53,40,268.0000,1.5290
53,49,340.0000,1.0900
54,43,337.0000,1.4490
56,47,434.0000,1.0100
60,50,317.0000,1.5220
60,57,656.0000,1.2500
61,54,490.0000,1.3350
61,58,570.0000,1.2290
62,54,434.0000,1.0100
64,60,656.0000,1.2500
65,44,469.0000,1.4000
65,63,450.0000,1.3640
67,50,340.0000,1.0900
68,46,469.0000,1.4000
69,48,340.0000,1.0900
69,68,317.0000,1.5100
70,55,367.0000,1.0800
72,59,367.0000,1.0800
72,70,469.0000,1.4000
75,63,553.0000,0.9450
77,69,340.0000,1.0900
79,61,317.0000,1.5220
79,69,268.0000,1.5290
80,53,317.0000,1.5220
81,71,340.0000,1.0900
81,76,340.0000,1.0900
81,78,340.0000,1.0900
83,66,340.0000,1.0900
83,82,340.0000,1.0900
84,79,340.0000,1.0900
87,65,469.0000,1.4000
89,68,469.0000,1.4000
89,87,469.0000,1.4000
90,80,570.0000,1.2290
91,74,434.0000,1.0100
91,83,367.0000,1.4710
93,73,340.0000,1.0900
93,92,340.0000,1.0900
95,80,490.0000,1.3350
95,85,434.0000,1.0100
97,86,434.0000,1.0100
100,70,469.0000,1.4000
100,96,367.0000,1.0800
101,83,268.0000,1.5290
101,93,268.0000,1.5290
102,72,469.0000,1.4000
104,91,434.0000,1.0100
105,91,434.0000,1.0100
107,101,340.0000,1.0900
108,79,337.0000,1.4490
110,87,367.0000,1.0800
111,108,434.0000,1.0100
112,89,367.0000,1.0800
113,94,570.0000,1.2290
114,97,427.0000,1.3810
114,103,367.0000,1.0800
115,97,477.0000,1.3430
115,106,367.0000,1.0800
116,88,340.0000,1.0900
119,98,434.0000,1.0100
119,102,428.0000,1.3800
124,93,268.0000,1.5290
124,116,268.0000,1.5290
124,120,340.0000,1.0900
125,81,268.0000,1.5290
126,99,340.0000,1.0900
126,109,340.0000,1.0900
127,113,490.0000,1.3350
127,116,337.0000,1.4490
129,113,317.0000,1.5220
129,122,340.0000,1.0900
129,125,268.0000,1.5290
132,101,340.0000,1.0900
133,115,488.0000,1.3350
134,123,340.0000,1.0900
134,125,268.0000,1.5290
134,128,340.0000,1.0900
135,114,520.0000,1.3700
135,133,410.0000,1.3940
136,126,317.0000,1.4950
137,125,340.0000,1.0900
139,95,337.0000,1.4490
141,139,340.0000,1.0900
142,108,490.0000,1.3350
143,142,570.0000,1.2290
144,116,317.0000,1.5220
144,130,570.0000,1.2290
145,136,546.0000,1.3520
145,138,367.0000,1.0800
147,127,434.0000,1.0100
148,118,434.0000,1.0100
151,100,469.0000,1.4000
153,117,340.0000,1.0900
154,136,388.0000,1.4590
155,102,447.0000,1.4190
155,151,469.0000,1.4040
156,121,340.0000,1.0900
157,124,340.0000,1.0900
159,119,427.0000,1.3810
161,146,367.0000,1.0800
161,154,469.0000,1.4040
162,135,317.0000,1.5040
162,139,268.0000,1.5290
162,160,340.0000,1.0900
166,153,340.0000,1.0900
167,153,340.0000,1.0900
169,126,268.0000,1.5290
169,148,337.0000,1.4490
171,145,427.0000,1.3810
173,139,317.0000,1.5220
173,152,570.0000,1.2290
174,153,268.0000,1.5290
174,156,268.0000,1.5290
174,158,340.0000,1.0900
175,131,367.0000,1.0800
176,150,570.0000,1.2290
177,140,340.0000,1.0900
177,163,340.0000,1.0900
178,171,434.0000,1.0100
180,159,367.0000,1.0800
182,134,340.0000,1.0900
184,156,337.0000,1.4490
184,176,490.0000,1.3350
185,148,490.0000,1.3350
185,156,317.0000,1.5220
186,154,447.0000,1.4190
186,171,428.0000,1.3800
187,165,553.0000,0.9450
189,151,367.0000,1.0800
190,155,388.0000,1.4590
190,159,546.0000,1.3520
191,129,337.0000,1.4490
192,149,434.0000,1.0100
193,144,490.0000,1.3350
194,179,553.0000,0.9450
196,169,340.0000,1.0900
197,177,340.0000,1.0900
199,168,367.0000,1.0800
199,175,469.0000,1.4000
200,142,317.0000,1.5220
200,188,340.0000,1.0900
201,193,434.0000,1.0100
202,191,434.0000,1.0100
204,164,434.0000,1.0100
205,170,340.0000,1.0900
205,203,340.0000,1.0900
206,176,317.0000,1.5220
206,183,340.0000,1.0900
206,205,268.0000,1.5290
207,192,434.0000,1.0100
208,184,434.0000,1.0100
209,161,469.0000,1.4000
210,169,317.0000,1.5220
211,162,340.0000,1.0900
212,172,367.0000,1.0800
213,181,434.0000,1.0100
213,210,490.0000,1.3350
214,175,469.0000,1.4000
214,198,367.0000,1.0800
215,209,367.0000,1.0800
217,179,450.0000,1.3640
217,212,469.0000,1.4000
218,177,268.0000,1.5290
218,200,268.0000,1.5290
219,193,337.0000,1.4490
219,195,340.0000,1.0900
220,186,469.0000,1.4000
221,192,481.0000,1.3400
221,204,481.0000,1.3400
224,187,450.0000,1.3640
226,173,490.0000,1.3350
228,185,570.0000,1.2290
229,191,490.0000,1.3350
229,222,570.0000,1.2290
230,174,320.0000,1.4100
231,218,340.0000,1.0900
232,204,434.0000,1.0100
234,209,469.0000,1.4000
234,220,469.0000,1.4000
237,200,337.0000,1.4490
237,235,434.0000,1.0100
240,190,317.0000,1.4950
242,210,570.0000,1.2290
243,220,367.0000,1.0800
244,226,434.0000,1.0100
245,240,340.0000,1.0900
247,230,553.0000,0.9450
248,212,469.0000,1.4000
248,238,367.0000,1.0800
249,224,469.0000,1.4000
249,227,367.0000,1.0800
251,216,553.0000,0.9450
253,199,469.0000,1.4040
254,219,340.0000,1.0900
256,224,469.0000,1.4000
256,233,367.0000,1.0800
257,213,337.0000,1.4490
257,240,268.0000,1.5290
258,219,317.0000,1.5220
258,236,570.0000,1.2290
263,234,367.0000,1.0800
268,205,268.0000,1.5290
268,264,340.0000,1.0900
269,257,340.0000,1.0900
270,223,340.0000,1.0900
270,250,340.0000,1.0900
272,206,337.0000,1.4490
273,214,469.0000,1.4000
275,225,340.0000,1.0900
275,259,340.0000,1.0900
280,226,337.0000,1.4490
280,270,268.0000,1.5290
282,217,469.0000,1.4000
283,240,340.0000,1.0900
284,218,268.0000,1.5290
284,267,340.0000,1.0900
285,239,340.0000,1.0900
285,265,340.0000,1.0900
286,268,340.0000,1.0900
287,255,340.0000,1.0900
287,261,340.0000,1.0900
287,274,340.0000,1.0900
289,237,490.0000,1.3350
290,289,570.0000,1.2290
291,221,481.0000,1.3400
294,282,367.0000,1.0800
295,246,570.0000,1.2290
295,272,490.0000,1.3350
298,241,340.0000,1.0900
299,253,388.0000,1.4590
299,275,317.0000,1.4950
300,298,340.0000,1.0900
302,253,447.0000,1.4190
302,273,469.0000,1.4000
304,251,450.0000,1.3640
304,285,317.0000,1.5220
306,280,317.0000,1.5220
307,260,434.0000,1.0100
307,298,337.0000,1.4490
308,229,317.0000,1.5220
308,301,340.0000,1.0900
310,306,570.0000,1.2290
312,273,367.0000,1.0800
314,271,570.0000,1.2290
315,252,570.0000,1.2290
316,249,469.0000,1.4000
317,291,434.0000,1.0100
319,256,469.0000,1.4000
321,266,434.0000,1.0100
322,268,268.0000,1.5290
322,272,337.0000,1.4490
325,248,469.0000,1.4000
327,284,340.0000,1.0900
329,262,340.0000,1.0900
333,279,340.0000,1.0900
333,305,340.0000,1.0900
334,284,268.0000,1.5290
334,293,340.0000,1.0900
335,280,340.0000,1.0900
336,292,434.0000,1.0100
338,258,490.0000,1.3350
339,296,340.0000,1.0900
339,308,268.0000,1.5290
339,332,320.0000,1.4100
340,257,317.0000,1.5220
341,275,268.0000,1.5290
341,314,317.0000,1.5220
341,321,337.0000,1.4490
342,270,317.0000,1.5100
344,316,367.0000,1.0800
345,281,340.0000,1.0900
345,328,340.0000,1.0900
346,291,337.0000,1.4630
346,318,340.0000,1.0900
346,331,340.0000,1.0900
348,277,340.0000,1.0900
349,282,469.0000,1.4000
349,325,469.0000,1.4000
350,297,434.0000,1.0100
350,340,490.0000,1.3350
351,319,367.0000,1.0800
352,276,570.0000,1.2290
353,278,340.0000,1.0900
354,329,340.0000,1.0900
355,309,656.0000,1.2500
355,329,317.0000,1.5220
356,306,490.0000,1.3350
357,314,490.0000,1.3350
358,316,469.0000,1.4000
358,319,469.0000,1.4000
359,338,434.0000,1.0100
360,288,340.0000,1.0900
360,315,317.0000,1.5220
360,357,337.0000,1.4490
361,356,434.0000,1.0100
362,303,340.0000,1.0900
362,323,340.0000,1.0900
363,322,340.0000,1.0900
364,313,367.0000,1.0800
364,342,469.0000,1.4000
365,289,317.0000,1.5220
365,336,337.0000,1.4490
366,311,340.0000,1.0900
366,345,268.0000,1.5290
368,285,268.0000,1.5290
368,348,268.0000,1.5290
370,315,490.0000,1.3350
370,353,337.0000,1.4490
371,334,340.0000,1.0900
372,320,434.0000,1.0100
373,298,317.0000,1.5220
373,372,490.0000,1.3350
374,330,553.0000,0.9450
376,329,268.0000,1.5290
376,343,340.0000,1.0900
376,347,340.0000,1.0900
377,324,434.0000,1.0100
377,366,337.0000,1.4630
379,332,553.0000,0.9450
380,326,340.0000,1.0900
380,333,268.0000,1.5290
381,299,546.0000,1.3520
382,322,340.0000,1.0900
384,308,337.0000,1.4490
384,383,434.0000,1.0100
385,307,490.0000,1.3350
385,380,317.0000,1.5220
386,302,428.0000,1.3800
386,381,427.0000,1.3810
387,336,490.0000,1.3350
387,353,317.0000,1.5220
389,304,570.0000,1.2290
390,321,490.0000,1.3350
390,348,317.0000,1.5220
392,365,340.0000,1.0900
393,355,656.0000,1.2500
394,368,340.0000,1.0900
395,287,268.0000,1.5290
397,334,340.0000,1.0900
398,348,337.0000,1.4490
398,352,490.0000,1.3350
401,353,268.0000,1.5290
401,369,340.0000,1.0900
401,374,320.0000,1.4100
404,357,434.0000,1.0100
406,295,317.0000,1.5220
407,340,570.0000,1.2290
408,325,317.0000,1.5100
408,378,340.0000,1.0900
411,333,268.0000,1.5290
411,362,268.0000,1.5290
412,395,317.0000,1.5220
413,399,434.0000,1.0100
413,406,337.0000,1.4490
413,412,490.0000,1.3350
414,337,340.0000,1.0900
415,352,317.0000,1.5220
415,372,337.0000,1.4490
415,414,268.0000,1.5290
416,342,469.0000,1.4000
416,402,367.0000,1.0800
417,396,570.0000,1.2290
418,339,340.0000,1.0900
419,356,337.0000,1.4490
419,403,340.0000,1.0900
419,417,317.0000,1.5220
420,412,570.0000,1.2290
421,338,337.0000,1.4490
421,405,340.0000,1.0900
422,341,340.0000,1.0900
423,349,367.0000,1.0800
424,373,570.0000,1.2290
425,375,434.0000,1.0100
425,395,337.0000,1.4490
427,365,340.0000,1.0900
430,414,340.0000,1.0900
431,388,434.0000,1.0100
432,345,268.0000,1.5290
432,421,268.0000,1.5290
433,368,340.0000,1.0900
434,406,340.0000,1.0900
436,395,340.0000,1.0900
438,362,268.0000,1.5290
438,400,340.0000,1.0900
439,366,340.0000,1.0900
441,377,481.0000,1.3400
441,431,481.0000,1.3400
442,370,434.0000,1.0100
443,350,337.0000,1.4490
443,408,268.0000,1.5290
445,367,340.0000,1.0900
445,426,340.0000,1.0900
446,381,367.0000,1.0800
447,384,490.0000,1.3350
448,432,340.0000,1.0900
449,411,340.0000,1.0900
450,358,317.0000,1.5100
450,437,340.0000,1.0900
450,440,340.0000,1.0900
451,391,340.0000,1.0900
451,410,340.0000,1.0900
452,386,434.0000,1.0100
453,447,570.0000,1.2290
454,406,340.0000,1.0900
456,385,570.0000,1.2290
459,346,268.0000,1.5290
460,387,570.0000,1.2290
461,364,469.0000,1.4000
463,409,340.0000,1.0900
463,428,340.0000,1.0900
464,461,367.0000,1.0800
465,398,434.0000,1.0100
466,411,340.0000,1.0900
467,417,490.0000,1.3350
469,408,340.0000,1.0900
473,459,340.0000,1.0900
474,429,434.0000,1.0100
476,474,434.0000,1.0100
477,390,570.0000,1.2290
478,431,434.0000,1.0100
479,380,337.0000,1.4490
480,401,340.0000,1.0900
482,443,340.0000,1.0900
483,445,340.0000,1.0900
484,438,367.0000,1.4710
484,444,434.0000,1.0100
485,414,268.0000,1.5290
485,445,268.0000,1.5290
486,376,268.0000,1.5290
488,415,340.0000,1.0900
489,438,340.0000,1.0900
491,463,340.0000,1.0900
492,419,340.0000,1.0900
493,459,268.0000,1.5290
493,462,340.0000,1.0900
493,468,340.0000,1.0900
494,451,340.0000,1.0900
495,435,570.0000,1.2290
495,479,490.0000,1.3350
498,459,340.0000,1.0900
499,432,340.0000,1.0900
500,457,340.0000,1.0900
500,472,340.0000,1.0900
500,496,340.0000,1.0900
501,441,481.0000,1.3400
502,451,268.0000,1.5290
502,455,340.0000,1.0900
503,443,317.0000,1.5220
504,467,434.0000,1.0100
505,486,340.0000,1.0900
507,447,317.0000,1.5220
507,467,337.0000,1.4490
508,470,434.0000,1.0100
508,503,490.0000,1.3350
510,416,469.0000,1.4000
511,485,340.0000,1.0900
514,360,268.0000,1.5290
514,506,340.0000,1.0900
516,471,340.0000,1.0900
516,475,340.0000,1.0900
517,421,317.0000,1.5220
518,458,340.0000,1.0900
518,514,268.0000,1.5290
520,425,490.0000,1.3350
522,501,434.0000,1.0100
523,484,434.0000,1.0100
524,461,469.0000,1.4000
524,510,469.0000,1.4000
525,481,434.0000,1.0100
525,486,337.0000,1.4490
526,479,434.0000,1.0100
527,484,434.0000,1.0100
528,486,317.0000,1.5220
528,513,570.0000,1.2290
530,516,320.0000,1.4100
532,490,340.0000,1.0900
532,515,340.0000,1.0900
532,520,317.0000,1.5220
533,518,340.0000,1.0900
534,503,570.0000,1.2290
536,487,340.0000,1.0900
536,502,268.0000,1.5290
537,463,268.0000,1.5290
537,508,337.0000,1.4490
538,450,268.0000,1.5290
540,497,434.0000,1.0100
540,517,490.0000,1.3350
541,501,434.0000,1.0100
544,510,367.0000,1.0800
545,474,481.0000,1.3400
546,538,340.0000,1.0900
548,507,268.0000,1.5290
548,509,340.0000,1.0900
552,531,434.0000,1.0100
552,538,337.0000,1.4490
553,512,434.0000,1.0100
553,545,481.0000,1.3400
554,507,340.0000,1.0900
559,517,570.0000,1.2290
560,536,340.0000,1.0900
562,518,340.0000,1.0900
563,530,553.0000,0.9450
564,485,268.0000,1.5290
564,550,340.0000,1.0900
568,502,268.0000,1.5290
568,543,340.0000,1.0900
572,520,570.0000,1.2290
577,521,340.0000,1.0900
577,576,340.0000,1.0900
579,547,434.0000,1.0100
580,548,340.0000,1.0900
581,524,450.0000,1.3640
582,537,340.0000,1.0900
583,577,340.0000,1.0900
584,519,340.0000,1.0900
585,539,656.0000,1.2500
586,495,317.0000,1.5220
587,537,317.0000,1.5220
587,579,490.0000,1.3350
589,493,268.0000,1.5290
590,536,340.0000,1.0900
592,528,490.0000,1.3350
594,535,434.0000,1.0100
597,500,268.0000,1.5290
597,594,337.0000,1.4490
599,586,340.0000,1.0900
602,516,268.0000,1.5290
602,570,340.0000,1.0900
603,549,434.0000,1.0100
606,529,367.0000,1.0800
607,551,340.0000,1.0900
607,557,340.0000,1.0900
610,585,656.0000,1.2500
611,564,340.0000,1.0900
612,525,490.0000,1.3350
613,545,481.0000,1.3400
613,591,434.0000,1.0100
615,581,553.0000,0.9450
616,556,340.0000,1.0900
616,565,340.0000,1.0900
617,592,434.0000,1.0100
618,538,317.0000,1.5220
619,584,340.0000,1.0900
621,584,340.0000,1.0900
624,607,340.0000,1.0900
625,542,570.0000,1.2290
627,514,268.0000,1.5290
628,586,340.0000,1.0900
629,589,340.0000,1.0900
630,555,434.0000,1.0100
631,568,340.0000,1.0900
632,552,490.0000,1.3350
633,561,367.0000,1.0800
633,606,469.0000,1.4000
634,569,340.0000,1.0900
634,578,340.0000,1.0900
635,588,553.0000,0.9450
637,564,340.0000,1.0900
638,601,434.0000,1.0100
638,605,434.0000,1.0100
640,589,317.0000,1.5220
640,603,490.0000,1.3350
641,566,570.0000,1.2290
643,548,317.0000,1.5220
644,532,337.0000,1.4490
645,630,434.0000,1.0100
646,540,337.0000,1.4490
646,625,317.0000,1.5220
647,584,268.0000,1.5290
647,603,337.0000,1.4490
647,612,317.0000,1.5220
648,643,656.0000,1.2500
649,597,317.0000,1.5220
649,620,570.0000,1.2290
650,600,434.0000,1.0100
650,618,490.0000,1.3350
651,616,320.0000,1.4100
652,553,337.0000,1.4630
652,634,268.0000,1.5290
654,568,268.0000,1.5290
654,579,337.0000,1.4490
655,627,340.0000,1.0900
657,597,340.0000,1.0900
658,602,337.0000,1.4490
658,641,490.0000,1.3350
659,589,337.0000,1.4490
660,659,434.0000,1.0100
663,587,570.0000,1.2290
664,618,570.0000,1.2290
665,643,656.0000,1.2500
666,653,367.0000,1.0800
667,573,434.0000,1.0100
668,661,367.0000,1.0800
668,666,469.0000,1.4000
669,558,570.0000,1.2290
671,627,340.0000,1.0900
672,567,340.0000,1.0900
673,627,340.0000,1.0900
674,575,570.0000,1.2290
675,571,340.0000,1.0900
676,666,469.0000,1.4000
676,670,367.0000,1.0800
677,592,337.0000,1.4490
677,626,340.0000,1.0900
678,586,337.0000,1.4490
679,574,340.0000,1.0900
682,595,340.0000,1.0900
682,632,317.0000,1.5220
683,604,570.0000,1.2290
683,644,490.0000,1.3350
685,609,367.0000,1.0800
686,668,469.0000,1.4000
687,652,340.0000,1.0900
688,686,367.0000,1.0800
689,676,469.0000,1.4000
690,623,340.0000,1.0900
690,646,268.0000,1.5290
690,689,317.0000,1.5100
691,593,434.0000,1.0100
692,622,570.0000,1.2290
692,678,490.0000,1.3350
693,577,268.0000,1.5290
693,679,268.0000,1.5290
694,632,570.0000,1.2290
695,612,570.0000,1.2290
696,686,469.0000,1.4000
696,689,469.0000,1.4000
697,636,367.0000,1.0800
697,685,469.0000,1.4000
698,696,367.0000,1.0800
699,613,434.0000,1.0100
700,651,553.0000,0.9450
702,594,490.0000,1.3350
702,675,317.0000,1.5220
703,602,317.0000,1.5220
703,667,490.0000,1.3350
704,640,570.0000,1.2290
706,614,340.0000,1.0900
706,693,268.0000,1.5290
708,608,340.0000,1.0900
709,606,469.0000,1.4000
710,672,340.0000,1.0900
711,596,570.0000,1.2290
713,644,434.0000,1.0100
714,585,317.0000,1.5220
714,677,268.0000,1.5290
715,654,340.0000,1.0900
716,639,434.0000,1.0100
716,709,428.0000,1.3800
717,630,490.0000,1.3350
717,672,317.0000,1.5220
718,598,570.0000,1.2290
720,625,490.0000,1.3350
720,708,337.0000,1.4490
721,646,340.0000,1.0900
722,659,490.0000,1.3350
723,649,490.0000,1.3350
724,641,317.0000,1.5220
724,650,337.0000,1.4490
725,722,570.0000,1.2290
726,658,434.0000,1.0100
727,674,490.0000,1.3350
727,675,337.0000,1.4490
728,642,340.0000,1.0900
728,705,340.0000,1.0900
729,672,268.0000,1.5290
729,675,268.0000,1.5290
729,707,340.0000,1.0900
730,678,434.0000,1.0100
731,607,268.0000,1.5290
731,701,340.0000,1.0900
732,638,481.0000,1.3400
733,706,340.0000,1.0900
734,652,340.0000,1.0900
735,669,490.0000,1.3350
735,679,337.0000,1.4490
736,616,268.0000,1.5290
736,711,317.0000,1.5220
738,635,320.0000,1.4100
738,708,268.0000,1.5290
740,681,340.0000,1.0900
740,684,340.0000,1.0900
742,724,340.0000,1.0900
743,662,434.0000,1.0100
745,674,317.0000,1.5220
745,691,337.0000,1.4490
746,679,317.0000,1.5220
746,691,490.0000,1.3350
747,667,337.0000,1.4490
747,669,317.0000,1.5220
748,656,340.0000,1.0900
748,723,337.0000,1.4490
751,647,340.0000,1.0900
754,634,268.0000,1.5290
754,745,268.0000,1.5290
755,682,337.0000,1.4490
755,718,490.0000,1.3350
756,633,469.0000,1.4000
757,680,340.0000,1.0900
757,738,268.0000,1.5290
759,740,340.0000,1.0900
760,719,434.0000,1.0100
760,732,481.0000,1.3400
763,654,317.0000,1.5220
764,714,340.0000,1.0900
765,685,469.0000,1.4000
766,682,268.0000,1.5290
766,737,340.0000,1.0900
766,765,317.0000,1.5100
767,714,340.0000,1.0900
768,712,434.0000,1.0100
768,763,490.0000,1.3350
769,736,340.0000,1.0900
770,706,340.0000,1.0900
771,757,340.0000,1.0900
772,693,340.0000,1.0900
774,690,340.0000,1.0900
775,756,367.0000,1.0800
776,728,340.0000,1.0900
777,692,317.0000,1.5220
777,723,337.0000,1.4490
778,708,317.0000,1.5220
778,743,490.0000,1.3350
781,732,481.0000,1.3400
781,761,434.0000,1.0100
782,697,469.0000,1.4000
783,720,434.0000,1.0100
786,728,268.0000,1.5290
786,731,268.0000,1.5290
787,677,317.0000,1.5220
788,722,317.0000,1.5220
788,762,340.0000,1.0900
791,739,340.0000,1.0900
791,747,268.0000,1.5290
792,748,340.0000,1.0900
793,711,490.0000,1.3350
793,788,337.0000,1.4490
794,702,570.0000,1.2290
796,717,570.0000,1.2290
797,718,317.0000,1.5220
797,758,340.0000,1.0900
799,703,570.0000,1.2290
800,727,434.0000,1.0100
801,754,340.0000,1.0900
802,754,340.0000,1.0900
803,753,434.0000,1.0100
803,773,434.0000,1.0100
804,731,268.0000,1.5290
804,743,337.0000,1.4490
805,750,434.0000,1.0100
805,787,490.0000,1.3350
806,748,268.0000,1.5290
806,752,340.0000,1.0900
807,738,340.0000,1.0900
808,782,450.0000,1.3640
809,747,340.0000,1.0900
811,683,317.0000,1.5220
812,791,340.0000,1.0900
814,786,340.0000,1.0900
816,729,340.0000,1.0900
818,735,434.0000,1.0100
819,744,340.0000,1.0900
819,798,340.0000,1.0900
820,716,427.0000,1.3810
821,709,447.0000,1.4190
824,745,340.0000,1.0900
825,822,553.0000,0.9450
826,741,570.0000,1.2290
828,789,570.0000,1.2290
829,777,340.0000,1.0900
830,736,337.0000,1.4490
830,826,490.0000,1.3350
831,757,340.0000,1.0900
833,763,570.0000,1.2290
835,760,434.0000,1.0100
836,724,268.0000,1.5290
836,815,340.0000,1.0900
837,749,340.0000,1.0900
839,755,434.0000,1.0100
841,811,337.0000,1.4490
841,828,490.0000,1.3350
842,746,570.0000,1.2290
843,765,469.0000,1.4000
845,756,469.0000,1.4000
845,821,469.0000,1.4040
846,819,340.0000,1.0900
847,740,268.0000,1.5290
847,828,317.0000,1.5220
848,808,553.0000,0.9450
849,820,367.0000,1.0800
850,766,340.0000,1.0900
851,790,570.0000,1.2290
851,804,317.0000,1.5220
852,837,340.0000,1.0900
853,777,268.0000,1.5290
853,806,268.0000,1.5290
854,811,340.0000,1.0900
855,782,469.0000,1.4000
855,843,469.0000,1.4000
856,811,268.0000,1.5290
856,823,340.0000,1.0900
856,837,268.0000,1.5290
857,787,570.0000,1.2290
862,841,434.0000,1.0100
863,853,340.0000,1.0900
864,784,434.0000,1.0100
864,858,434.0000,1.0100
867,780,570.0000,1.2290
869,779,570.0000,1.2290
870,778,570.0000,1.2290
871,768,337.0000,1.4490
871,832,340.0000,1.0900
874,786,340.0000,1.0900
875,836,340.0000,1.0900
876,797,268.0000,1.5290
876,817,340.0000,1.0900
877,806,340.0000,1.0900
878,793,434.0000,1.0100
879,785,340.0000,1.0900
880,781,337.0000,1.4630
880,840,340.0000,1.0900
881,804,340.0000,1.0900
883,795,340.0000,1.0900
883,864,367.0000,1.4710
885,797,337.0000,1.4490
885,869,490.0000,1.3350
886,827,434.0000,1.0100
886,879,337.0000,1.4490
887,879,340.0000,1.0900
892,825,450.0000,1.3640
893,820,546.0000,1.3520
893,821,388.0000,1.4590
894,805,337.0000,1.4490
894,867,317.0000,1.5220
895,837,268.0000,1.5290
895,866,340.0000,1.0900
895,883,268.0000,1.5290
896,810,340.0000,1.0900
896,894,268.0000,1.5290
897,847,337.0000,1.4490
897,872,434.0000,1.0100
898,843,367.0000,1.0800
899,847,340.0000,1.0900
902,813,340.0000,1.0900
903,791,317.0000,1.4950
905,860,367.0000,1.0800
905,892,469.0000,1.4000
907,876,340.0000,1.0900
908,838,340.0000,1.0900
908,884,340.0000,1.0900
909,830,434.0000,1.0100
910,902,340.0000,1.0900
912,819,268.0000,1.5290
912,888,340.0000,1.0900
913,844,367.0000,1.0800
913,903,546.0000,1.3520
915,788,268.0000,1.5290
915,914,340.0000,1.0900
917,803,490.0000,1.3350
918,834,340.0000,1.0900
919,836,268.0000,1.5290
919,889,340.0000,1.0900
922,855,367.0000,1.0800
923,859,367.0000,1.0800
925,871,317.0000,1.5220
925,882,570.0000,1.2290
926,861,367.0000,1.0800
926,923,469.0000,1.4000
927,864,434.0000,1.0100
928,845,367.0000,1.0800
929,880,340.0000,1.0900
932,918,340.0000,1.0900
934,867,490.0000,1.3350
934,912,337.0000,1.4490
935,873,553.0000,0.9450
935,896,320.0000,1.4100
936,826,317.0000,1.5220
940,871,268.0000,1.5290
940,901,340.0000,1.0900
940,931,340.0000,1.0900
941,853,340.0000,1.0900
942,865,434.0000,1.0100
942,936,337.0000,1.4490
943,890,340.0000,1.0900
943,908,268.0000,1.5290
943,918,268.0000,1.5290
946,883,340.0000,1.0900
948,892,469.0000,1.4000
948,939,367.0000,1.0800
953,856,340.0000,1.0900
955,880,268.0000,1.5290
955,900,340.0000,1.0900
956,851,490.0000,1.3350
957,868,340.0000,1.0900
957,950,340.0000,1.0900
958,885,434.0000,1.0100
959,886,490.0000,1.3350
960,915,340.0000,1.0900
961,902,268.0000,1.5290
961,916,340.0000,1.0900
961,959,317.0000,1.5220
962,906,340.0000,1.0900
962,911,340.0000,1.0900
963,876,320.0000,1.4100
964,919,222.0000,1.8100
967,879,317.0000,1.5220
967,954,570.0000,1.2290
968,917,317.0000,1.5220
968,936,268.0000,1.5290
968,944,340.0000,1.0900
972,891,340.0000,1.0900
972,969,340.0000,1.0900
973,902,268.0000,1.5290
973,933,340.0000,1.0900
975,869,317.0000,1.5220
975,952,340.0000,1.0900
977,908,340.0000,1.0900
978,905,469.0000,1.4000
979,918,340.0000,1.0900
982,896,268.0000,1.5290
982,945,340.0000,1.0900
983,973,340.0000,1.0900
984,894,340.0000,1.0900
986,955,340.0000,1.0900
987,917,570.0000,1.2290
989,982,340.0000,1.0900
991,978,367.0000,1.0800
992,904,340.0000,1.0900
993,992,340.0000,1.0900
994,897,490.0000,1.3350
995,963,553.0000,0.9450
996,895,340.0000,1.0900
997,915,268.0000,1.5290
997,957,268.0000,1.5290
997,980,340.0000,1.0900
998,956,434.0000,1.0100
999,924,340.0000,1.0900
999,972,268.0000,1.5290
999,992,268.0000,1.5290
1000,921,340.0000,1.0900
1000,956,337.0000,1.4490
1001,919,340.0000,1.0900
1003,936,340.0000,1.0900
1005,925,490.0000,1.3350
1006,934,434.0000,1.0100
1008,920,340.0000,1.0900
1009,957,340.0000,1.0900
1012,937,553.0000,0.9450
1014,926,469.0000,1.4000
1014,1012,450.0000,1.3640
1015,923,469.0000,1.4000
1015,1008,317.0000,1.5100
1018,951,340.0000,1.0900
1018,962,268.0000,1.5290
1019,948,469.0000,1.4000
1020,903,388.0000,1.4590
1021,893,317.0000,1.4950
1023,949,434.0000,1.0100
1024,912,317.0000,1.5220
1024,1023,490.0000,1.3350
1025,962,340.0000,1.0900
1026,938,340.0000,1.0900
1027,913,427.0000,1.3810
1029,965,367.0000,1.0800
1030,994,570.0000,1.2290
1032,959,570.0000,1.2290
1033,964,222.0000,1.8100
1033,970,340.0000,1.0900
1034,966,570.0000,1.2290
1035,978,469.0000,1.4000
1035,1019,469.0000,1.4000
1036,930,570.0000,1.2290
1037,1005,434.0000,1.0100
1038,972,340.0000,1.0900
1039,971,340.0000,1.0900
1039,994,317.0000,1.5220
1041,942,490.0000,1.3350
1041,1026,317.0000,1.5220
1044,988,570.0000,1.2290
1046,975,337.0000,1.4490
1046,1034,490.0000,1.3350
1047,1021,340.0000,1.0900
1048,985,570.0000,1.2290
1049,981,340.0000,1.0900
1049,1013,340.0000,1.0900
1050,976,434.0000,1.0100
1054,1008,340.0000,1.0900
1056,947,570.0000,1.2290
1057,1049,340.0000,1.0900
1058,1021,340.0000,1.0900
1060,975,268.0000,1.5290
1060,1007,340.0000,1.0900
1061,1000,317.0000,1.5220
1062,1027,434.0000,1.0100
1063,967,490.0000,1.3350
1064,992,340.0000,1.0900
1065,955,268.0000,1.5290
1065,1028,340.0000,1.0900
1066,1063,434.0000,1.0100
1067,968,340.0000,1.0900
1068,1019,367.0000,1.0800
1069,982,340.0000,1.0900
1070,1033,340.0000,1.0900
1072,974,340.0000,1.0900
1073,943,268.0000,1.5290
1074,1011,367.0000,1.0800
1074,1020,469.0000,1.4040
1076,940,317.0000,1.5220
1077,1000,268.0000,1.5290
1077,1022,340.0000,1.0900
1078,1029,469.0000,1.4000
1078,1040,367.0000,1.0800
1080,990,340.0000,1.0900
1081,1059,434.0000,1.0100
1081,1061,490.0000,1.3350
1082,1008,268.0000,1.5290
1082,1048,317.0000,1.5220
1082,1050,337.0000,1.4490
1084,1029,469.0000,1.4000
1084,1053,367.0000,1.0800
1085,1005,337.0000,1.4490
1085,1044,317.0000,1.5220
1086,961,337.0000,1.4490
1087,1077,340.0000,1.0900
1089,1039,337.0000,1.4490
1089,1048,490.0000,1.3350
1090,1021,268.0000,1.5290
1090,1042,340.0000,1.0900
1091,1016,340.0000,1.0900
1091,1071,340.0000,1.0900
1091,1080,268.0000,1.5290
1093,1002,434.0000,1.0100
1094,1018,268.0000,1.5290
1094,1031,340.0000,1.0900
1095,1044,490.0000,1.3350
1095,1090,337.0000,1.4490
1096,1026,337.0000,1.4490
1096,1036,490.0000,1.3350
1097,1004,274.0000,1.3360
1098,1073,340.0000,1.0900
1099,1061,570.0000,1.2290
1100,973,268.0000,1.5290
1100,1086,337.0000,1.4490
1101,1076,656.0000,1.2500
1102,1018,268.0000,1.5290
1102,1026,268.0000,1.5290
1103,1010,340.0000,1.0900
1103,1085,268.0000,1.5290
1104,1017,340.0000,1.0900
1104,1073,268.0000,1.5290
1105,1020,447.0000,1.4190
1105,1027,428.0000,1.3800
1106,1024,570.0000,1.2290
1107,1060,320.0000,1.4100
1108,1033,340.0000,1.0900
1109,1023,337.0000,1.4490
1109,1056,317.0000,1.5220
1110,1014,469.0000,1.4000
1111,1015,469.0000,1.4000
1111,1110,469.0000,1.4000
1112,1046,434.0000,1.0100
1113,1034,317.0000,1.5220
1113,1052,340.0000,1.0900
1114,1056,490.0000,1.3350
1114,1072,337.0000,1.4490
1115,1055,340.0000,1.0900
1115,1088,340.0000,1.0900
1115,1109,268.0000,1.5290
1116,1050,490.0000,1.3350
1116,1072,317.0000,1.5220
1117,1065,340.0000,1.0900
1118,1036,317.0000,1.5220
1118,1080,268.0000,1.5290
1118,1093,337.0000,1.4490
1120,999,268.0000,1.5290
1121,997,268.0000,1.5290
1122,1035,317.0000,1.5100
1122,1072,268.0000,1.5290
1123,1073,340.0000,1.0900
1124,1079,553.0000,0.9450
1125,1051,570.0000,1.2290
1125,1120,317.0000,1.5220
1126,1089,434.0000,1.0100
1127,1080,340.0000,1.0900
1128,1094,340.0000,1.0900
1130,1060,340.0000,1.0900
1132,1100,340.0000,1.0900
1133,1076,656.0000,1.2500
1138,1041,570.0000,1.2290
1140,1121,340.0000,1.0900
1142,1065,268.0000,1.5290
1142,1081,337.0000,1.4490
1143,1039,268.0000,1.5290
1143,1097,222.0000,1.8100
1145,1103,340.0000,1.0900
1146,1122,340.0000,1.0900
1147,1045,570.0000,1.2290
1149,1075,340.0000,1.0900
1149,1135,340.0000,1.0900
1149,1136,340.0000,1.0900
1151,1095,434.0000,1.0100
1152,1043,570.0000,1.2290
1153,1092,434.0000,1.0100
1153,1120,337.0000,1.4490
1155,1102,340.0000,1.0900
1157,1121,340.0000,1.0900
1158,1093,490.0000,1.3350
1158,1104,317.0000,1.5220
1159,1103,340.0000,1.0900
1162,1100,340.0000,1.0900
1164,1078,469.0000,1.4000
1165,1094,340.0000,1.0900
1166,1063,337.0000,1.4490
1166,1147,317.0000,1.5220
1167,1102,340.0000,1.0900
1168,1084,469.0000,1.4000
1169,1049,268.0000,1.5290
1169,1156,340.0000,1.0900
1170,1085,340.0000,1.0900
1171,1086,490.0000,1.3350
1171,1150,570.0000,1.2290
1172,1083,570.0000,1.2290
1173,1082,340.0000,1.0900
1176,1121,340.0000,1.0900
1177,1110,367.0000,1.0800
1178,1111,367.0000,1.0800
1180,1096,434.0000,1.0100
1181,1107,553.0000,0.9450
1184,1120,340.0000,1.0900
1186,1113,337.0000,1.4490
1186,1152,490.0000,1.3350
1187,1143,340.0000,1.0900
1188,1104,337.0000,1.4490
1188,1172,490.0000,1.3350
1189,1077,320.0000,1.4100
1191,1113,268.0000,1.5290
1191,1134,340.0000,1.0900
1192,1166,340.0000,1.0900
1194,1074,469.0000,1.4000
1196,1119,340.0000,1.0900
1196,1169,268.0000,1.5290
1197,1109,340.0000,1.0900
1198,1141,340.0000,1.0900
1198,1148,340.0000,1.0900
1200,1114,434.0000,1.0100
1201,1129,340.0000,1.0900
1201,1164,317.0000,1.5100
1202,1201,340.0000,1.0900
1203,1168,367.0000,1.0800
1205,1164,469.0000,1.4000
1205,1168,469.0000,1.4000
1206,1122,340.0000,1.0900
1207,1142,317.0000,1.5220
1207,1183,570.0000,1.2290
1208,1143,340.0000,1.0900
1209,1116,570.0000,1.2290
1210,1118,340.0000,1.0900
1211,1091,317.0000,1.5220
1212,1137,340.0000,1.0900
1212,1174,340.0000,1.0900
1213,1131,434.0000,1.0100
1213,1211,490.0000,1.3350
1214,1142,340.0000,1.0900
1215,1196,340.0000,1.0900
1216,1090,317.0000,1.5220
1217,1139,340.0000,1.0900
1217,1195,340.0000,1.0900
1218,1125,490.0000,1.3350
1219,1124,320.0000,1.4100
1219,1199,340.0000,1.0900
1220,1189,553.0000,0.9450
1221,1105,469.0000,1.4000
1223,1194,367.0000,1.0800
1224,1144,340.0000,1.0900
1224,1198,268.0000,1.5290
1226,1217,340.0000,1.0900
1228,1163,434.0000,1.0100
1228,1216,490.0000,1.3350
1229,1191,340.0000,1.0900
1231,1166,340.0000,1.0900
1232,1154,340.0000,1.0900
1232,1218,337.0000,1.4490
1233,1212,340.0000,1.0900
1234,1115,268.0000,1.5290
1234,1230,340.0000,1.0900
1236,1147,490.0000,1.3350
1237,1152,317.0000,1.5220
1237,1219,268.0000,1.5290
1239,1160,367.0000,1.0800
1240,1153,490.0000,1.3350
1241,1158,570.0000,1.2290
1242,1190,434.0000,1.0100
1242,1237,337.0000,1.4490
1243,1179,434.0000,1.0100
1244,1161,570.0000,1.2290
1246,1175,340.0000,1.0900
1246,1236,337.0000,1.4490
1250,1185,340.0000,1.0900
1250,1246,268.0000,1.5290
1251,1238,553.0000,0.9450
1252,1149,268.0000,1.5290
1253,1234,340.0000,1.0900
1254,1252,340.0000,1.0900
1255,1182,340.0000,1.0900
1255,1240,317.0000,1.5220
1256,1194,469.0000,1.4000
1256,1221,469.0000,1.4000
1258,1193,340.0000,1.0900
1258,1252,268.0000,1.5290
1259,1196,340.0000,1.0900
1260,1188,434.0000,1.0100
1261,1169,268.0000,1.5290
1261,1235,340.0000,1.0900
1263,1205,367.0000,1.0800
1264,1204,340.0000,1.0900
1264,1232,268.0000,1.5290
1265,1186,434.0000,1.0100
1267,1258,340.0000,1.0900
1268,1250,340.0000,1.0900
1271,1198,340.0000,1.0900
1272,1218,434.0000,1.0100
1273,1221,367.0000,1.0800
1274,1222,340.0000,1.0900
1274,1224,268.0000,1.5290
1275,1191,317.0000,1.5100
1275,1239,469.0000,1.4000
1277,1172,317.0000,1.5220
1277,1243,337.0000,1.4490
1283,1213,434.0000,1.0100
1284,1207,490.0000,1.3350
1285,1274,340.0000,1.0900
1286,1216,570.0000,1.2290
1287,1264,320.0000,1.4100
1288,1171,317.0000,1.5220
1289,1211,570.0000,1.2290
1290,1287,553.0000,0.9450
1293,1284,434.0000,1.0100
1295,1225,340.0000,1.0900
1295,1280,340.0000,1.0900
1297,1224,268.0000,1.5290
1297,1244,317.0000,1.5220
1298,1288,340.0000,1.0900
1299,1243,490.0000,1.3350
1299,1261,317.0000,1.5220
1303,1248,434.0000,1.0100
1304,1212,268.0000,1.5290
1304,1278,340.0000,1.0900
1305,1244,490.0000,1.3350
1305,1255,337.0000,1.4490
1308,1227,340.0000,1.0900
1308,1301,340.0000,1.0900
1309,1232,317.0000,1.5220
1309,1303,490.0000,1.3350
1310,1201,268.0000,1.5290
1311,1249,340.0000,1.0900
1311,1276,340.0000,1.0900
1314,1236,434.0000,1.0100
1316,1240,570.0000,1.2290
1317,1217,268.0000,1.5290
1317,1294,340.0000,1.0900
1318,1245,434.0000,1.0100
1318,1297,337.0000,1.4490
1319,1311,340.0000,1.0900
1320,1219,268.0000,1.5290
1320,1300,340.0000,1.0900
1321,1242,490.0000,1.3350
1321,1310,317.0000,1.5220
1322,1237,340.0000,1.0900
1323,1239,469.0000,1.4000
1323,1292,367.0000,1.0800
1324,1310,340.0000,1.0900
1325,1251,320.0000,1.4100
1325,1270,340.0000,1.0900
1330,1247,340.0000,1.0900
1330,1317,268.0000,1.5290
1331,1257,434.0000,1.0100
1332,1277,340.0000,1.0900
1333,1266,340.0000,1.0900
1333,1277,268.0000,1.5290
1334,1279,340.0000,1.0900
1334,1288,268.0000,1.5290
1334,1326,340.0000,1.0900
1335,1228,337.0000,1.4490
1336,1258,340.0000,1.0900
1337,1269,340.0000,1.0900
1337,1296,340.0000,1.0900
1339,1331,434.0000,1.0100
1340,1281,434.0000,1.0100
1342,1335,340.0000,1.0900
1345,1262,570.0000,1.2290
1345,1335,317.0000,1.5220
1346,1264,340.0000,1.0900
1347,1234,222.0000,1.8100
1347,1295,222.0000,1.8100
1349,1320,340.0000,1.0900
1350,1246,317.0000,1.5220
1350,1340,490.0000,1.3350
1353,1255,268.0000,1.5290
1353,1308,268.0000,1.5290
1354,1256,367.0000,1.0800
1356,1282,340.0000,1.0900
1356,1304,268.0000,1.5290
1357,1250,320.0000,1.4100
1360,1284,337.0000,1.4490
1360,1302,340.0000,1.0900
1361,1274,340.0000,1.0900
1362,1330,340.0000,1.0900
1364,1252,268.0000,1.5290
1364,1351,340.0000,1.0900
1364,1359,340.0000,1.0900
1366,1288,337.0000,1.4490
1367,1353,320.0000,1.4100
1370,1261,337.0000,1.4490
1371,1295,340.0000,1.0900
1372,1333,340.0000,1.0900
1375,1308,340.0000,1.0900
1377,1360,317.0000,1.5220
1377,1363,570.0000,1.2290
1378,1356,340.0000,1.0900
1379,1328,570.0000,1.2290
1379,1366,490.0000,1.3350
1380,1309,570.0000,1.2290
1382,1367,553.0000,0.9450
1383,1291,340.0000,1.0900
1384,1297,340.0000,1.0900
1385,1305,434.0000,1.0100
1386,1383,340.0000,1.0900
1387,1325,340.0000,1.0900
1388,1299,570.0000,1.2290
1389,1337,340.0000,1.0900
1391,1303,337.0000,1.4490
1391,1325,268.0000,1.5290
1392,1307,434.0000,1.0100
1393,1312,340.0000,1.0900
1393,1374,340.0000,1.0900
1394,1275,469.0000,1.4000
1395,1330,340.0000,1.0900
1396,1320,340.0000,1.0900
1397,1329,340.0000,1.0900
1397,1358,340.0000,1.0900
1398,1315,570.0000,1.2290
1398,1383,317.0000,1.5220
1399,1306,367.0000,1.0800
1400,1344,570.0000,1.2290
1400,1370,490.0000,1.3350
1401,1313,340.0000,1.0900
1401,1390,340.0000,1.0900
1402,1366,434.0000,1.0100
1404,1304,268.0000,1.5290
1404,1373,340.0000,1.0900
1406,1321,570.0000,1.2290
1409,1348,340.0000,1.0900
1409,1376,340.0000,1.0900
1410,1335,340.0000,1.0900
1411,1310,337.0000,1.4490
1412,1331,481.0000,1.3400
1412,1392,481.0000,1.3400
1415,1327,570.0000,1.2290
1416,1393,317.0000,1.5220
1418,1337,268.0000,1.5290
1418,1365,340.0000,1.0900
1420,1394,367.0000,1.0800
1421,1370,434.0000,1.0100
1423,1408,434.0000,1.0100
1423,1416,490.0000,1.3350
1424,1377,490.0000,1.3350
1425,1409,222.0000,1.8100
1426,1391,340.0000,1.0900
1427,1318,490.0000,1.3350
1428,1357,553.0000,0.9450
1429,1340,337.0000,1.4490
1429,1401,268.0000,1.5290
1429,1415,317.0000,1.5220
1430,1350,570.0000,1.2290
1431,1338,340.0000,1.0900
1431,1427,317.0000,1.5220
1432,1333,317.0000,1.5100
1432,1399,469.0000,1.4000
1433,1317,268.0000,1.5290
1434,1352,434.0000,1.0100
1435,1355,434.0000,1.0100
1436,1433,340.0000,1.0900
1437,1343,570.0000,1.2290
1437,1433,317.0000,1.5220
1438,1311,268.0000,1.5290
1438,1422,340.0000,1.0900
1439,1353,340.0000,1.0900
1441,1405,570.0000,1.2290
1442,1323,469.0000,1.4000
1443,1424,434.0000,1.0100
1444,1345,490.0000,1.3350
1445,1397,337.0000,1.4490
1445,1441,490.0000,1.3350
1446,1404,340.0000,1.0900
1447,1341,570.0000,1.2290
1448,1403,570.0000,1.2290
1448,1411,490.0000,1.3350
1449,1411,434.0000,1.0100
1450,1392,434.0000,1.0100
1452,1416,570.0000,1.2290
1454,1368,434.0000,1.0100
1455,1369,340.0000,1.0900
1455,1453,340.0000,1.0900
1457,1356,268.0000,1.5290
1457,1435,337.0000,1.4490
1458,1423,434.0000,1.0100
1460,1334,268.0000,1.5290
1461,1379,317.0000,1.5220
1461,1418,268.0000,1.5290
1463,1434,434.0000,1.0100
1466,1460,340.0000,1.0900
1469,1360,268.0000,1.5290
1469,1451,340.0000,1.0900
1470,1414,340.0000,1.0900
1470,1441,317.0000,1.5220
1470,1444,337.0000,1.4490
1471,1404,340.0000,1.0900
1472,1417,570.0000,1.2290
1472,1457,317.0000,1.5220
1473,1383,268.0000,1.5290
1473,1424,337.0000,1.4490
1474,1445,434.0000,1.0100
1476,1381,340.0000,1.0900
1478,1394,469.0000,1.4000
1478,1442,469.0000,1.4000
1481,1425,274.0000,1.3360
1484,1364,268.0000,1.5290
1485,1399,469.0000,1.4000
1485,1464,367.0000,1.0800
1486,1473,340.0000,1.0900
1487,1475,434.0000,1.0100
1487,1484,337.0000,1.4490
1488,1398,490.0000,1.3350
1489,1397,317.0000,1.5220
1489,1454,490.0000,1.3350
1490,1401,268.0000,1.5290
1490,1455,268.0000,1.5290
1491,1415,490.0000,1.3350
1491,1476,337.0000,1.4490
1492,1490,340.0000,1.0900
1493,1431,268.0000,1.5290
1493,1438,268.0000,1.5290
1496,1431,337.0000,1.4490
1496,1447,490.0000,1.3350
1497,1393,268.0000,1.5290
1497,1462,340.0000,1.0900
1498,1488,434.0000,1.0100
1499,1391,317.0000,1.5220
1500,1499,656.0000,1.2500
1501,1440,434.0000,1.0100
1501,1461,337.0000,1.4490
1502,1459,340.0000,1.0900
1502,1465,340.0000,1.0900
1502,1467,340.0000,1.0900
1504,1493,340.0000,1.0900
1505,1407,340.0000,1.0900
1507,1419,340.0000,1.0900
1507,1480,340.0000,1.0900
1508,1442,367.0000,1.0800
1509,1444,434.0000,1.0100
1510,1434,490.0000,1.3350
1510,1460,317.0000,1.5220
1511,1469,340.0000,1.0900
1512,1412,481.0000,1.3400
1517,1429,340.0000,1.0900
1518,1455,340.0000,1.0900
1519,1413,570.0000,1.2290
1520,1438,268.0000,1.5290
1520,1477,340.0000,1.0900
1521,1435,490.0000,1.3350
1521,1476,317.0000,1.5220
1522,1427,570.0000,1.2290
1525,1484,340.0000,1.0900
1526,1456,340.0000,1.0900
1526,1483,340.0000,1.0900
1526,1524,340.0000,1.0900
1527,1418,268.0000,1.5290
1527,1482,340.0000,1.0900
1528,1497,340.0000,1.0900
1529,1400,317.0000,1.5220
1531,1468,434.0000,1.0100
1531,1529,337.0000,1.4490
1532,1460,340.0000,1.0900
1533,1447,317.0000,1.5220
1533,1454,337.0000,1.4490
1534,1529,340.0000,1.0900
1535,1476,268.0000,1.5290
1535,1495,340.0000,1.0900
1535,1505,268.0000,1.5290
1536,1409,268.0000,1.5290
1537,1515,434.0000,1.0100
1537,1536,337.0000,1.4490
1538,1520,340.0000,1.0900
1539,1433,337.0000,1.4490
1539,1530,434.0000,1.0100
1540,1487,490.0000,1.3350
1541,1457,340.0000,1.0900
1542,1437,490.0000,1.3350
1543,1461,340.0000,1.0900
1544,1503,340.0000,1.0900
1544,1505,268.0000,1.5290
1544,1512,337.0000,1.4630
1546,1479,434.0000,1.0100
1546,1519,490.0000,1.3350
1547,1505,340.0000,1.0900
1548,1507,340.0000,1.0900
1549,1448,317.0000,1.5220
1549,1513,340.0000,1.0900
1550,1472,490.0000,1.3350
1551,1432,469.0000,1.4000
1553,1491,434.0000,1.0100
1554,1488,434.0000,1.0100
1555,1494,340.0000,1.0900
1555,1540,317.0000,1.5220
1555,1542,337.0000,1.4490
1558,1537,490.0000,1.3350
1559,1512,434.0000,1.0100
1560,1469,317.0000,1.5220
1561,1478,367.0000,1.0800
1562,1558,570.0000,1.2290
1563,1527,340.0000,1.0900
1564,1514,570.0000,1.2290
1564,1536,317.0000,1.5220
1565,1484,317.0000,1.5220
1566,1565,570.0000,1.2290
1567,1540,570.0000,1.2290
1568,1551,367.0000,1.0800
1569,1516,340.0000,1.0900
1569,1550,337.0000,1.4490
1569,1558,317.0000,1.5220
1570,1527,340.0000,1.0900
1572,1496,434.0000,1.0100
1573,1499,656.0000,1.2500
1574,1493,340.0000,1.0900
1575,1550,434.0000,1.0100
1576,1507,268.0000,1.5290
1576,1533,268.0000,1.5290
1577,1531,490.0000,1.3350
1578,1533,340.0000,1.0900
1579,1473,317.0000,1.5220
1580,1536,340.0000,1.0900
1581,1489,570.0000,1.2290
1582,1470,268.0000,1.5290
1583,1523,340.0000,1.0900
1583,1577,317.0000,1.5220
1584,1520,340.0000,1.0900
1585,1549,340.0000,1.0900
1587,1506,570.0000,1.2290
1588,1582,340.0000,1.0900
1589,1510,570.0000,1.2290
1590,1497,268.0000,1.5290
1590,1571,340.0000,1.0900
1591,1485,469.0000,1.4000
1592,1501,490.0000,1.3350
1593,1542,434.0000,1.0100
1594,1576,340.0000,1.0900
1596,1490,268.0000,1.5290
1597,1519,317.0000,1.5220
1597,1583,268.0000,1.5290
1598,1582,340.0000,1.0900
1601,1521,570.0000,1.2290
1602,1596,340.0000,1.0900
1603,1549,337.0000,1.4490
1603,1587,490.0000,1.3350
1604,1560,656.0000,1.2500
1605,1535,340.0000,1.0900
1607,1545,340.0000,1.0900
1607,1592,317.0000,1.5220
1608,1579,570.0000,1.2290
1609,1560,656.0000,1.2500
1610,1546,434.0000,1.0100
1613,1529,268.0000,1.5290
1616,1557,340.0000,1.0900
1616,1613,268.0000,1.5290
1616,1614,340.0000,1.0900
1617,1544,340.0000,1.0900
1618,1502,268.0000,1.5290
1619,1597,340.0000,1.0900
1620,1556,340.0000,1.0900
1620,1595,340.0000,1.0900
1621,1551,469.0000,1.4000
1621,1591,469.0000,1.4000
1622,1539,490.0000,1.3350
1623,1613,340.0000,1.0900
1624,1526,268.0000,1.5290
1624,1615,340.0000,1.0900
1627,1596,340.0000,1.0900
1628,1565,490.0000,1.3350
1628,1626,434.0000,1.0100
1630,1552,570.0000,1.2290
1631,1579,490.0000,1.3350
1631,1606,434.0000,1.0100
1632,1577,570.0000,1.2290
1637,1599,434.0000,1.0100
1638,1618,340.0000,1.0900
1639,1590,337.0000,1.4490
1639,1636,434.0000,1.0100
1640,1622,570.0000,1.2290
1643,1586,434.0000,1.0100
1644,1596,340.0000,1.0900
1645,1564,490.0000,1.3350
1646,1555,268.0000,1.5290
1647,1618,337.0000,1.4490
1648,1625,570.0000,1.2290
1648,1647,490.0000,1.3350
1651,1576,320.0000,1.4100
1652,1618,317.0000,1.5220
1652,1637,490.0000,1.3350
1654,1612,434.0000,1.0100
1656,1583,337.0000,1.4490
1656,1635,434.0000,1.0100
1657,1620,337.0000,1.4490
1658,1592,570.0000,1.2290
1659,1590,317.0000,1.5220
1659,1654,490.0000,1.3350
1660,1591,450.0000,1.3640
1660,1634,553.0000,0.9450
1661,1646,340.0000,1.0900
1662,1597,340.0000,1.0900
1664,1607,337.0000,1.4490
1664,1630,490.0000,1.3350
1665,1607,268.0000,1.5290
1665,1624,268.0000,1.5290
1666,1582,268.0000,1.5290
1666,1655,340.0000,1.0900
1667,1569,268.0000,1.5290
1668,1653,553.0000,0.9450
1668,1667,320.0000,1.4100
1669,1587,317.0000,1.5220
1669,1637,337.0000,1.4490
1670,1641,570.0000,1.2290
1670,1657,490.0000,1.3350
1671,1650,570.0000,1.2290
1671,1666,317.0000,1.5220
1672,1600,434.0000,1.0100
1673,1603,434.0000,1.0100
1675,1665,340.0000,1.0900
1677,1616,340.0000,1.0900
1680,1645,434.0000,1.0100
1681,1611,570.0000,1.2290
1682,1629,340.0000,1.0900
1682,1646,268.0000,1.5290
1682,1678,340.0000,1.0900
1683,1620,317.0000,1.5220
1683,1643,490.0000,1.3350
1684,1657,434.0000,1.0100
1685,1672,434.0000,1.0100
1686,1669,340.0000,1.0900
1687,1647,434.0000,1.0100
1689,1624,268.0000,1.5290
1689,1649,340.0000,1.0900
1690,1639,490.0000,1.3350
1691,1671,490.0000,1.3350
1691,1679,434.0000,1.0100
1692,1667,340.0000,1.0900
1693,1645,337.0000,1.4490
1693,1648,317.0000,1.5220
1693,1663,340.0000,1.0900
1694,1621,367.0000,1.0800
1695,1690,570.0000,1.2290
1696,1613,320.0000,1.4100
1696,1688,553.0000,0.9450
1697,1689,340.0000,1.0900
1698,1622,317.0000,1.5220
1698,1672,367.0000,1.4710
1699,1691,434.0000,1.0100
1700,1630,317.0000,1.5220
1700,1643,337.0000,1.4490
1701,1652,570.0000,1.2290
1702,1651,553.0000,0.9450
1703,1646,340.0000,1.0900
1704,1633,340.0000,1.0900
1705,1642,340.0000,1.0900
1705,1698,268.0000,1.5290
1705,1704,268.0000,1.5290
1708,1628,337.0000,1.4490
1708,1690,317.0000,1.5220
1709,1708,340.0000,1.0900
1710,1704,340.0000,1.0900
1713,1672,434.0000,1.0100
1714,1670,317.0000,1.5220
1714,1676,340.0000,1.0900
1715,1659,570.0000,1.2290
1716,1667,340.0000,1.0900
1717,1631,337.0000,1.4490
1718,1674,340.0000,1.0900
1718,1707,340.0000,1.0900
1718,1717,268.0000,1.5290
1719,1654,337.0000,1.4490
1719,1681,317.0000,1.5220
1720,1664,434.0000,1.0100
1721,1681,490.0000,1.3350
1721,1714,337.0000,1.4490
1722,1666,340.0000,1.0900
1723,1665,340.0000,1.0900
1724,1719,340.0000,1.0900
1725,1717,340.0000,1.0900
1726,1700,340.0000,1.0900
1727,1700,340.0000,1.0900
1729,1656,490.0000,1.3350
1730,1689,340.0000,1.0900
1731,1711,553.0000,0.9450
1733,1683,570.0000,1.2290
1734,1698,340.0000,1.0900
1735,1669,268.0000,1.5290
1735,1731,320.0000,1.4100
1736,1705,340.0000,1.0900
1740,1706,434.0000,1.0100
1741,1682,317.0000,1.5220
1742,1712,434.0000,1.0100
1742,1739,434.0000,1.0100
1743,1704,317.0000,1.5220
1743,1738,570.0000,1.2290
1744,1721,434.0000,1.0100
1745,1714,340.0000,1.0900
1746,1729,570.0000,1.2290
1747,1735,340.0000,1.0900
1748,1718,340.0000,1.0900
1749,1693,268.0000,1.5290
1750,1742,434.0000,1.0100
1751,1741,570.0000,1.2290
1752,1717,317.0000,1.5220
1752,1740,490.0000,1.3350
1753,1737,553.0000,0.9450
1754,1708,268.0000,1.5290
1755,1754,340.0000,1.0900
1758,1732,340.0000,1.0900
1758,1754,268.0000,1.5290
1758,1756,340.0000,1.0900
1759,1729,317.0000,1.5220
1759,1740,337.0000,1.4490
1760,1735,340.0000,1.0900
1761,1719,268.0000,1.5290
1761,1753,320.0000,1.4100
1762,1728,340.0000,1.0900
1762,1759,268.0000,1.5290
1763,1762,340.0000,1.0900
1765,1749,340.0000,1.0900
1766,1749,340.0000,1.0900
1768,1749,340.0000,1.0900
1769,1741,490.0000,1.3350
1769,1764,434.0000,1.0100
1770,1742,367.0000,1.4710
1770,1767,340.0000,1.0900
1771,1761,340.0000,1.0900
1772,1743,490.0000,1.3350
1773,1772,434.0000,1.0100
1774,1761,340.0000,1.0900
1775,1757,340.0000,1.0900
1775,1770,268.0000,1.5290
1776,1752,570.0000,1.2290
1777,1758,340.0000,1.0900
1779,1754,268.0000,1.5290
1779,1778,340.0000,1.0900
1780,1759,340.0000,1.0900
1781,1779,340.0000,1.0900
1782,1772,434.0000,1.0100
1783,1762,268.0000,1.5290
1783,1775,268.0000,1.5290
1784,1769,434.0000,1.0100
1785,1770,340.0000,1.0900
1786,1775,340.0000,1.0900
1787,1783,340.0000,1.0900
1788,1783,340.0000,1.0900
1789,1779,340.0000,1.0900
