ID,neighbours IDs
0,5
1,6
2,11
3,14
4,5
5,16,6,4,0
6,5,1,18
7,8
8,21,7
9,23
10,20
11,25,17,2,12
12,11
13,20
14,33,3,16
15,21
16,5,14,30
17,11
18,23,6,31
19,20
20,40,13,19,10
21,43,8,15,22
22,21
23,18,34,25,9
24,38
25,23,27,11,45
26,44
27,25,36
28,46
29,33
30,16
31,18
32,41
33,47,14,50,29
34,23,39,37
35,37
36,27
37,53,34,35
38,43,24,47
39,34
40,53,41,20,52
41,40,32
42,50
43,54,38,21,51
44,46,65,26
45,25
46,68,44,28
47,33,38,56
48,69
49,53
50,33,60,67,42
51,43
52,40
53,37,80,40,49
54,43,61,62
55,70
56,47
57,60
58,61
59,72
60,50,64,57
61,79,58,54
62,54
63,65,75
64,60
65,44,87,63
66,83
67,50
68,69,46,89
69,79,68,48,77
70,100,72,55
71,81
72,70,102,59
73,93
74,91
75,63
76,81
77,69
78,81
79,108,61,69,84
80,53,90,95
81,125,78,71,76
82,83
83,101,91,66,82
84,79
85,95
86,97
87,65,89,110
88,116
89,87,68,112
90,80
91,83,105,74,104
92,93
93,124,101,73,92
94,113
95,139,80,85
96,100
97,115,114,86
98,119
99,126
100,151,70,96
101,93,83,132,107
102,119,155,72
103,114
104,91
105,91
106,115
107,101
108,79,142,111
109,126
110,87
111,108
112,89
113,129,94,127
114,97,135,103
115,133,97,106
116,127,144,124,88
117,153
118,148
119,159,102,98
120,124
121,156
122,129
123,134
124,116,93,157,120
125,129,134,81,137
126,169,136,99,109
127,116,113,147
128,134
129,191,113,125,122
130,144
131,175
132,101
133,135,115
134,125,182,123,128
135,162,133,114
136,126,145,154
137,125
138,145
139,95,173,162,141
140,177
141,139
142,200,143,108
143,142
144,116,130,193
145,136,171,138
146,161
147,127
148,169,185,118
149,192
150,176
151,155,100,189
152,173
153,174,166,117,167
154,186,136,161
155,102,190,151
156,184,185,174,121
157,124
158,174
159,190,119,180
160,162
161,154,209,146
162,139,135,160,211
163,177
164,204
165,187
166,153
167,153
168,199
169,148,210,126,196
170,205
171,145,186,178
172,212
173,139,152,226
174,156,230,153,158
175,199,214,131
176,206,150,184
177,218,197,140,163
178,171
179,217,194
180,159
181,213
182,134
183,206
184,156,176,208
185,156,228,148
186,171,154,220
187,224,165
188,200
189,151
190,240,159,155
191,129,229,202
192,221,207,149
193,219,144,201
194,179
195,219
196,169
197,177
198,214
199,253,175,168
200,237,142,218,188
201,193
202,191
203,205
204,221,232,164
205,206,268,170,203
206,272,176,205,183
207,192
208,184
209,161,234,215
210,169,242,213
211,162
212,248,217,172
213,257,210,181
214,175,273,198
215,209
216,251
217,212,282,179
218,200,284,177,231
219,193,258,254,195
220,234,186,243
221,291,204,192
222,229
223,270
224,249,256,187
225,275
226,280,173,244
227,249
228,185
229,308,222,191
230,174,247
231,218
232,204
233,256
234,209,220,263
235,237
236,258
237,200,289,235
238,248
239,285
240,257,190,245,283
241,298
242,210
243,220
244,226
245,240
246,295
247,230
248,325,212,238
249,316,224,227
250,270
251,304,216
252,315
253,302,299,199
254,219
255,287
256,224,319,233
257,213,340,240,269
258,219,236,338
259,275
260,307
261,287
262,329
263,234
264,268
265,285
266,321
267,284
268,205,322,264,286
269,257
270,280,342,250,223
271,314
272,206,322,295
273,214,302,312
274,287
275,341,299,259,225
276,352
277,348
278,353
279,333
280,226,306,270,335
281,345
282,217,349,294
283,240
284,218,334,267,327
285,368,304,239,265
286,268
287,395,261,274,255
288,360
289,365,290,237
290,289
291,346,221,317
292,336
293,334
294,282
295,406,246,272
296,339
297,350
298,307,373,300,241
299,275,381,253
300,298
301,308
302,386,253,273
303,362
304,285,389,251
305,333
306,280,310,356
307,298,385,260
308,384,229,339,301
309,355
310,306
311,366
312,273
313,364
314,341,271,357
315,360,252,370
316,358,249,344
317,291
318,346
319,256,358,351
320,372
321,341,390,266
322,268,272,382,363
323,362
324,377
325,408,248,349
326,380
327,284
328,345
329,376,355,354,262
330,374
331,346
332,339,379
333,380,411,305,279
334,284,397,371,293
335,280
336,365,387,292
337,414
338,421,258,359
339,308,332,418,296
340,257,407,350
341,321,314,275,422
342,270,416,364
343,376
344,316
345,432,366,328,281
346,459,291,331,318
347,376
348,398,390,368,277
349,282,325,423
350,443,340,297
351,319
352,415,276,398
353,370,387,401,278
354,329
355,329,393,309
356,419,306,361
357,360,314,404
358,450,316,319
359,338
360,357,315,514,288
361,356
362,411,438,323,303
363,322
364,461,342,313
365,336,289,392,427
366,345,377,439,311
367,445
368,348,285,394,433
369,401
370,353,315,442
371,334
372,415,373,320
373,298,424,372
374,401,330
375,425
376,486,329,343,347
377,366,441,324
378,408
379,332
380,479,385,333,326
381,299,386,446
382,322
383,384
384,308,447,383
385,380,456,307
386,381,302,452
387,353,460,336
388,431
389,304
390,348,477,321
391,451
392,365
393,355
394,368
395,425,412,287,436
396,417
397,334
398,348,352,465
399,413
400,438
401,353,374,369,480
402,416
403,419
404,357
405,421
406,413,295,434,454
407,340
408,443,325,378,469
409,463
410,451
411,333,362,449,466
412,395,420,413
413,406,412,399
414,415,485,337,430
415,372,352,414,488
416,342,510,402
417,419,396,467
418,339
419,356,417,403,492
420,412
421,338,517,432,405
422,341
423,349
424,373
425,395,520,375
426,445
427,365
428,463
429,474
430,414
431,441,388,478
432,421,345,448,499
433,368
434,406
435,495
436,395
437,450
438,362,484,489,400
439,366
440,450
441,377,431,501
442,370
443,350,503,408,482
444,484
445,485,483,367,426
446,381
447,507,453,384
448,432
449,411
450,538,358,437,440
451,502,391,410,494
452,386
453,447
454,406
455,502
456,385
457,500
458,518
459,493,346,498,473
460,387
461,524,364,464
462,493
463,537,491,428,409
464,461
465,398
466,411
467,507,417,504
468,493
469,408
470,508
471,516
472,500
473,459
474,545,429,476
475,516
476,474
477,390
478,431
479,380,495,526
480,401
481,525
482,443
483,445
484,438,527,523,444
485,414,445,564,511
486,525,528,376,505
487,536
488,415
489,438
490,532
491,463
492,419
493,589,459,468,462
494,451
495,586,435,479
496,500
497,540
498,459
499,432
500,597,496,472,457
501,441,522,541
502,568,451,536,455
503,443,534,508
504,467
505,486
506,514
507,467,447,548,554
508,537,503,470
509,548
510,416,524,544
511,485
512,553
513,528
514,360,518,627,506
515,532
516,602,530,475,471
517,421,559,540
518,514,458,533,562
519,584
520,532,572,425
521,577
522,501
523,484
524,510,461,581
525,486,612,481
526,479
527,484
528,486,513,592
529,606
530,516,563
531,552
532,644,520,490,515
533,518
534,503
535,594
536,502,487,590,560
537,508,587,463,582
538,552,618,450,546
539,585
540,646,517,497
541,501
542,625
543,568
544,510
545,553,474,613
546,538
547,579
548,507,643,509,580
549,603
550,564
551,607
552,538,632,531
553,652,545,512
554,507
555,630
556,616
557,607
558,669
559,517
560,536
561,633
562,518
563,530
564,485,637,550,611
565,616
566,641
567,672
568,654,502,543,631
569,634
570,602
571,675
572,520
573,667
574,679
575,674
576,577
577,693,583,576,521
578,634
579,654,587,547
580,548
581,524,615
582,537
583,577
584,647,621,619,519
585,714,539,610
586,678,495,628,599
587,537,663,579
588,635
589,659,640,493,629
590,536
591,613
592,677,528,617
593,691
594,597,702,535
595,682
596,711
597,594,649,500,657
598,718
599,586
600,650
601,638
602,658,703,516,570
603,647,640,549
604,683
605,638
606,633,709,529
607,731,551,557,624
608,708
609,685
610,585
611,564
612,647,695,525
613,545,699,591
614,706
615,581
616,736,651,565,556
617,592
618,538,664,650
619,584
620,649
621,584
622,692
623,690
624,607
625,646,542,720
626,677
627,514,673,671,655
628,586
629,589
630,717,555,645
631,568
632,682,694,552
633,756,606,561
634,754,652,569,578
635,738,588
636,697
637,564
638,732,605,601
639,716
640,589,704,603
641,724,566,658
642,728
643,548,648,665
644,532,683,713
645,630
646,540,625,690,721
647,603,612,584,751
648,643
649,597,620,723
650,724,618,600
651,616,700
652,634,553,734,687
653,666
654,579,763,568,715
655,627
656,748
657,597
658,602,641,726
659,589,722,660
660,659
661,668
662,743
663,587
664,618
665,643
666,676,668,653
667,747,703,573
668,666,686,661
669,747,558,735
670,676
671,627
672,729,717,710,567
673,627
674,745,575,727
675,727,702,729,571
676,689,666,670
677,592,787,714,626
678,586,692,730
679,735,746,693,574
680,757
681,740
682,755,632,766,595
683,811,604,644
684,740
685,697,765,609
686,668,696,688
687,652
688,686
689,690,676,696
690,646,689,774,623
691,745,746,593
692,777,622,678
693,679,577,706,772
694,632
695,612
696,686,689,698
697,782,685,636
698,696
699,613
700,651
701,731
702,675,794,594
703,602,799,667
704,640
705,728
706,693,733,614,770
707,729
708,720,778,738,608
709,716,821,606
710,672
711,736,596,793
712,768
713,644
714,677,585,767,764
715,654
716,820,709,639
717,672,796,630
718,797,598,755
719,760
720,708,625,783
721,646
722,788,725,659
723,777,748,649
724,650,641,836,742
725,722
726,658
727,675,674,800
728,786,776,705,642
729,675,672,707,816
730,678
731,804,786,607,701
732,781,638,760
733,706
734,652
735,679,669,818
736,830,711,616,769
737,766
738,708,635,757,807
739,791
740,847,684,759,681
741,826
742,724
743,804,778,662
744,819
745,691,674,754,824
746,679,842,691
747,667,669,791,809
748,806,723,656,792
749,837
750,805
751,647
752,806
753,803
754,745,634,801,802
755,682,718,839
756,845,633,775
757,738,771,831,680
758,797
759,740
760,732,835,719
761,781
762,788
763,654,833,768
764,714
765,766,843,685
766,682,765,850,737
767,714
768,871,763,712
769,736
770,706
771,757
772,693
773,803
774,690
775,756
776,728
777,723,692,853,829
778,708,870,743
779,869
780,867
781,880,732,761
782,855,697,808
783,720
784,864
785,879
786,731,728,814,874
787,677,857,805
788,793,722,915,762
789,828
790,851
791,747,903,739,812
792,748
793,788,711,878
794,702
795,883
796,717
797,885,718,876,758
798,819
799,703
800,727
801,754
802,754
803,917,753,773
804,743,851,731,881
805,894,787,750
806,853,748,752,877
807,738
808,782,848
809,747
810,896
811,841,683,856,854
812,791
813,902
814,786
815,836
816,729
817,876
818,735
819,912,798,744,846
820,893,716,849
821,709,893,845
822,825
823,856
824,745
825,892,822
826,936,741,830
827,886
828,847,789,841
829,777
830,736,826,909
831,757
832,871
833,763
834,918
835,760
836,724,919,815,875
837,856,895,749,852
838,908
839,755
840,880
841,811,828,862
842,746
843,765,855,898
844,913
845,821,756,928
846,819
847,897,828,740,899
848,808
849,820
850,766
851,804,790,956
852,837
853,777,806,863,941
854,811
855,843,782,922
856,811,837,953,823
857,787
858,864
859,923
860,905
861,926
862,841
863,853
864,883,784,858,927
865,942
866,895
867,894,780,934
868,957
869,975,779,885
870,778
871,768,925,940,832
872,897
873,935
874,786
875,836
876,797,963,907,817
877,806
878,793
879,886,967,785,887
880,955,781,929,840
881,804
882,925
883,895,864,795,946
884,908
885,797,869,958
886,879,959,827
887,879
888,912
889,919
890,943
891,972
892,948,905,825
893,1021,820,821
894,805,867,896,984
895,837,883,996,866
896,894,935,982,810
897,847,994,872
898,843
899,847
900,955
901,940
902,961,973,910,813
903,791,913,1020
904,992
905,892,978,860
906,962
907,876
908,943,838,884,977
909,830
910,902
911,962
912,934,1024,819,888
913,903,1027,844
914,915
915,788,997,960,914
916,961
917,968,987,803
918,943,834,979,932
919,836,964,889,1001
920,1008
921,1000
922,855
923,926,1015,859
924,999
925,871,882,1005
926,1014,923,861
927,864
928,845
929,880
930,1036
931,940
932,918
933,973
934,912,867,1006
935,896,873
936,942,826,968,1003
937,1012
938,1026
939,948
940,871,1076,931,901
941,853
942,936,1041,865
943,1073,908,918,890
944,968
945,982
946,883
947,1056
948,1019,892,939
949,1023
950,957
951,1018
952,975
953,856
954,967
955,1065,880,900,986
956,1000,851,998
957,997,1009,950,868
958,885
959,961,1032,886
960,915
961,1086,959,902,916
962,1018,911,1025,906
963,876,995
964,919,1033
965,1029
966,1034
967,879,954,1063
968,936,917,944,1067
969,972
970,1033
971,1039
972,999,891,969,1038
973,902,1100,983,933
974,1072
975,1046,869,1060,952
976,1050
977,908
978,905,1035,991
979,918
980,997
981,1049
982,896,989,945,1069
983,973
984,894
985,1048
986,955
987,917
988,1044
989,982
990,1080
991,978
992,999,904,1064,993
993,992
994,1039,1030,897
995,963
996,895
997,915,1121,957,980
998,956
999,1120,972,992,924
1000,956,1061,1077,921
1001,919
1002,1093
1003,936
1004,1097
1005,1085,925,1037
1006,934
1007,1060
1008,1082,1015,920,1054
1009,957
1010,1103
1011,1074
1012,1014,937
1013,1049
1014,1110,926,1012
1015,1008,1111,923
1016,1091
1017,1104
1018,1102,1094,962,951
1019,1035,948,1068
1020,1105,903,1074
1021,1090,893,1047,1058
1022,1077
1023,1109,1024,949
1024,912,1106,1023
1025,962
1026,1096,1041,1102,938
1027,913,1105,1062
1028,1065
1029,1084,1078,965
1030,994
1031,1094
1032,959
1033,964,1070,1108,970
1034,1113,966,1046
1035,1122,1019,978
1036,1118,930,1096
1037,1005
1038,972
1039,1089,994,1143,971
1040,1078
1041,1026,1138,942
1042,1090
1043,1152
1044,1085,988,1095
1045,1147
1046,975,1034,1112
1047,1021
1048,1082,985,1089
1049,1169,981,1057,1013
1050,1082,1116,976
1051,1125
1052,1113
1053,1084
1054,1008
1055,1115
1056,1109,947,1114
1057,1049
1058,1021
1059,1081
1060,975,1107,1007,1130
1061,1000,1099,1081
1062,1027
1063,1166,967,1066
1064,992
1065,1142,955,1117,1028
1066,1063
1067,968
1068,1019
1069,982
1070,1033
1071,1091
1072,1114,1116,1122,974
1073,1104,943,1123,1098
1074,1020,1194,1011
1075,1149
1076,940,1101,1133
1077,1000,1189,1087,1022
1078,1029,1164,1040
1079,1124
1080,1118,1091,1127,990
1081,1142,1061,1059
1082,1050,1048,1008,1173
1083,1172
1084,1168,1029,1053
1085,1005,1044,1103,1170
1086,961,1100,1171
1087,1077
1088,1115
1089,1039,1048,1126
1090,1095,1216,1021,1042
1091,1080,1211,1071,1016
1092,1153
1093,1118,1158,1002
1094,1018,1031,1128,1165
1095,1090,1044,1151
1096,1026,1036,1180
1097,1143,1004
1098,1073
1099,1061
1100,973,1086,1162,1132
1101,1076
1102,1026,1018,1155,1167
1103,1085,1145,1159,1010
1104,1188,1158,1073,1017
1105,1027,1020,1221
1106,1024
1107,1060,1181
1108,1033
1109,1023,1056,1115,1197
1110,1111,1014,1177
1111,1015,1110,1178
1112,1046
1113,1186,1034,1191,1052
1114,1072,1056,1200
1115,1109,1234,1055,1088
1116,1072,1209,1050
1117,1065
1118,1093,1036,1080,1210
1119,1196
1120,1153,1125,999,1184
1121,997,1157,1140,1176
1122,1072,1035,1206,1146
1123,1073
1124,1219,1079
1125,1120,1051,1218
1126,1089
1127,1080
1128,1094
1129,1201
1130,1060
1131,1213
1132,1100
1133,1076
1134,1191
1135,1149
1136,1149
1137,1212
1138,1041
1139,1217
1140,1121
1141,1198
1142,1081,1207,1065,1214
1143,1039,1097,1187,1208
1144,1224
1145,1103
1146,1122
1147,1166,1045,1236
1148,1198
1149,1252,1135,1075,1136
1150,1171
1151,1095
1152,1237,1043,1186
1153,1120,1240,1092
1154,1232
1155,1102
1156,1169
1157,1121
1158,1104,1241,1093
1159,1103
1160,1239
1161,1244
1162,1100
1163,1228
1164,1201,1205,1078
1165,1094
1166,1063,1147,1192,1231
1167,1102
1168,1205,1084,1203
1169,1261,1196,1049,1156
1170,1085
1171,1288,1150,1086
1172,1277,1083,1188
1173,1082
1174,1212
1175,1246
1176,1121
1177,1110
1178,1111
1179,1243
1180,1096
1181,1107
1182,1255
1183,1207
1184,1120
1185,1250
1186,1113,1152,1265
1187,1143
1188,1104,1172,1260
1189,1077,1220
1190,1242
1191,1113,1275,1229,1134
1192,1166
1193,1258
1194,1074,1256,1223
1195,1217
1196,1169,1119,1259,1215
1197,1109
1198,1224,1141,1148,1271
1199,1219
1200,1114
1201,1310,1164,1129,1202
1202,1201
1203,1168
1204,1264
1205,1164,1168,1263
1206,1122
1207,1142,1183,1284
1208,1143
1209,1116
1210,1118
1211,1091,1289,1213
1212,1304,1137,1233,1174
1213,1211,1131,1283
1214,1142
1215,1196
1216,1090,1286,1228
1217,1317,1139,1195,1226
1218,1232,1125,1272
1219,1237,1124,1320,1199
1220,1189
1221,1256,1105,1273
1222,1274
1223,1194
1224,1297,1198,1274,1144
1225,1295
1226,1217
1227,1308
1228,1335,1216,1163
1229,1191
1230,1234
1231,1166
1232,1218,1309,1264,1154
1233,1212
1234,1115,1347,1253,1230
1235,1261
1236,1246,1147,1314
1237,1242,1152,1219,1322
1238,1251
1239,1275,1323,1160
1240,1255,1316,1153
1241,1158
1242,1237,1321,1190
1243,1277,1299,1179
1244,1297,1161,1305
1245,1318
1246,1236,1350,1250,1175
1247,1330
1248,1303
1249,1311
1250,1246,1357,1268,1185
1251,1325,1238
1252,1364,1149,1258,1254
1253,1234
1254,1252
1255,1305,1240,1353,1182
1256,1194,1221,1354
1257,1331
1258,1252,1193,1267,1336
1259,1196
1260,1188
1261,1370,1299,1169,1235
1262,1345
1263,1205
1264,1232,1287,1204,1346
1265,1186
1266,1333
1267,1258
1268,1250
1269,1337
1270,1325
1271,1198
1272,1218
1273,1221
1274,1224,1222,1361,1285
1275,1191,1239,1394
1276,1311
1277,1243,1172,1333,1332
1278,1304
1279,1334
1280,1295
1281,1340
1282,1356
1283,1213
1284,1360,1207,1293
1285,1274
1286,1216
1287,1264,1290
1288,1366,1171,1334,1298
1289,1211
1290,1287
1291,1383
1292,1323
1293,1284
1294,1317
1295,1347,1371,1280,1225
1296,1337
1297,1318,1244,1224,1384
1298,1288
1299,1261,1388,1243
1300,1320
1301,1308
1302,1360
1303,1391,1309,1248
1304,1356,1212,1404,1278
1305,1255,1244,1385
1306,1399
1307,1392
1308,1353,1375,1301,1227
1309,1232,1380,1303
1310,1411,1321,1201,1324
1311,1438,1276,1249,1319
1312,1393
1313,1401
1314,1236
1315,1398
1316,1240
1317,1433,1217,1330,1294
1318,1297,1427,1245
1319,1311
1320,1219,1300,1396,1349
1321,1310,1406,1242
1322,1237
1323,1239,1442,1292
1324,1310
1325,1391,1251,1387,1270
1326,1334
1327,1415
1328,1379
1329,1397
1330,1317,1247,1362,1395
1331,1412,1339,1257
1332,1277
1333,1277,1432,1266,1372
1334,1288,1460,1326,1279
1335,1228,1345,1410,1342
1336,1258
1337,1418,1296,1389,1269
1338,1431
1339,1331
1340,1429,1350,1281
1341,1447
1342,1335
1343,1437
1344,1400
1345,1335,1262,1444
1346,1264
1347,1234,1295
1348,1409
1349,1320
1350,1246,1430,1340
1351,1364
1352,1434
1353,1255,1367,1308,1439
1354,1256
1355,1435
1356,1457,1304,1282,1378
1357,1250,1428
1358,1397
1359,1364
1360,1284,1377,1469,1302
1361,1274
1362,1330
1363,1377
1364,1484,1252,1351,1359
1365,1418
1366,1288,1379,1402
1367,1353,1382
1368,1454
1369,1455
1370,1261,1400,1421
1371,1295
1372,1333
1373,1404
1374,1393
1375,1308
1376,1409
1377,1360,1363,1424
1378,1356
1379,1461,1328,1366
1380,1309
1381,1476
1382,1367
1383,1473,1398,1291,1386
1384,1297
1385,1305
1386,1383
1387,1325
1388,1299
1389,1337
1390,1401
1391,1303,1499,1325,1426
1392,1412,1450,1307
1393,1497,1416,1374,1312
1394,1478,1275,1420
1395,1330
1396,1320
1397,1445,1489,1358,1329
1398,1383,1315,1488
1399,1485,1432,1306
1400,1529,1344,1370
1401,1429,1490,1390,1313
1402,1366
1403,1448
1404,1304,1373,1446,1471
1405,1441
1406,1321
1407,1505
1408,1423
1409,1536,1425,1376,1348
1410,1335
1411,1310,1448,1449
1412,1512,1392,1331
1413,1519
1414,1470
1415,1429,1327,1491
1416,1393,1452,1423
1417,1472
1418,1461,1527,1337,1365
1419,1507
1420,1394
1421,1370
1422,1438
1423,1416,1408,1458
1424,1473,1377,1443
1425,1409,1481
1426,1391
1427,1431,1522,1318
1428,1357
1429,1340,1415,1401,1517
1430,1350
1431,1496,1427,1493,1338
1432,1333,1551,1399
1433,1539,1437,1317,1436
1434,1510,1352,1463
1435,1457,1521,1355
1436,1433
1437,1433,1343,1542
1438,1493,1311,1520,1422
1439,1353
1440,1501
1441,1470,1405,1445
1442,1323,1478,1508
1443,1424
1444,1470,1345,1509
1445,1397,1441,1474
1446,1404
1447,1533,1341,1496
1448,1549,1403,1411
1449,1411
1450,1392
1451,1469
1452,1416
1453,1455
1454,1533,1489,1368
1455,1490,1518,1453,1369
1456,1526
1457,1435,1472,1356,1541
1458,1423
1459,1502
1460,1334,1510,1466,1532
1461,1501,1379,1418,1543
1462,1497
1463,1434
1464,1485
1465,1502
1466,1460
1467,1502
1468,1531
1469,1360,1560,1511,1451
1470,1444,1441,1582,1414
1471,1404
1472,1457,1417,1550
1473,1424,1579,1383,1486
1474,1445
1475,1487
1476,1491,1521,1535,1381
1477,1520
1478,1442,1394,1561
1479,1546
1480,1507
1481,1425
1482,1527
1483,1526
1484,1487,1565,1364,1525
1485,1591,1399,1464
1486,1473
1487,1484,1540,1475
1488,1398,1554,1498
1489,1397,1581,1454
1490,1401,1596,1455,1492
1491,1476,1415,1553
1492,1490
1493,1431,1438,1504,1574
1494,1555
1495,1535
1496,1431,1447,1572
1497,1590,1393,1462,1528
1498,1488
1499,1391,1573,1500
1500,1499
1501,1461,1592,1440
1502,1618,1459,1465,1467
1503,1544
1504,1493
1505,1535,1544,1547,1407
1506,1587
1507,1576,1548,1419,1480
1508,1442
1509,1444
1510,1460,1589,1434
1511,1469
1512,1544,1412,1559
1513,1549
1514,1564
1515,1537
1516,1569
1517,1429
1518,1455
1519,1597,1413,1546
1520,1438,1477,1538,1584
1521,1476,1601,1435
1522,1427
1523,1583
1524,1526
1525,1484
1526,1624,1483,1456,1524
1527,1418,1482,1570,1563
1528,1497
1529,1531,1400,1613,1534
1530,1539
1531,1529,1577,1468
1532,1460
1533,1454,1447,1576,1578
1534,1529
1535,1476,1505,1495,1605
1536,1537,1564,1409,1580
1537,1536,1558,1515
1538,1520
1539,1433,1622,1530
1540,1555,1567,1487
1541,1457
1542,1555,1437,1593
1543,1461
1544,1505,1512,1503,1617
1545,1607
1546,1519,1610,1479
1547,1505
1548,1507
1549,1603,1448,1585,1513
1550,1569,1472,1575
1551,1432,1621,1568
1552,1630
1553,1491
1554,1488
1555,1542,1540,1646,1494
1556,1620
1557,1616
1558,1569,1562,1537
1559,1512
1560,1469,1604,1609
1561,1478
1562,1558
1563,1527
1564,1536,1514,1645
1565,1484,1566,1628
1566,1565
1567,1540
1568,1551
1569,1550,1558,1667,1516
1570,1527
1571,1590
1572,1496
1573,1499
1574,1493
1575,1550
1576,1533,1651,1507,1594
1577,1583,1632,1531
1578,1533
1579,1473,1608,1631
1580,1536
1581,1489
1582,1470,1666,1588,1598
1583,1656,1577,1597,1523
1584,1520
1585,1549
1586,1643
1587,1669,1506,1603
1588,1582
1589,1510
1590,1639,1659,1497,1571
1591,1621,1485,1660
1592,1607,1658,1501
1593,1542
1594,1576
1595,1620
1596,1490,1644,1627,1602
1597,1583,1519,1619,1662
1598,1582
1599,1637
1600,1672
1601,1521
1602,1596
1603,1549,1587,1673
1604,1560
1605,1535
1606,1631
1607,1664,1592,1665,1545
1608,1579
1609,1560
1610,1546
1611,1681
1612,1654
1613,1529,1696,1616,1623
1614,1616
1615,1624
1616,1613,1677,1557,1614
1617,1544
1618,1647,1652,1502,1638
1619,1597
1620,1657,1683,1556,1595
1621,1551,1591,1694
1622,1698,1640,1539
1623,1613
1624,1665,1526,1689,1615
1625,1648
1626,1628
1627,1596
1628,1708,1565,1626
1629,1682
1630,1700,1552,1664
1631,1717,1579,1606
1632,1577
1633,1704
1634,1660
1635,1656
1636,1639
1637,1669,1652,1599
1638,1618
1639,1590,1690,1636
1640,1622
1641,1670
1642,1705
1643,1700,1683,1586
1644,1596
1645,1693,1564,1680
1646,1555,1682,1703,1661
1647,1618,1648,1687
1648,1693,1625,1647
1649,1689
1650,1671
1651,1576,1702
1652,1618,1701,1637
1653,1668
1654,1719,1659,1612
1655,1666
1656,1583,1729,1635
1657,1620,1670,1684
1658,1592
1659,1590,1715,1654
1660,1591,1634
1661,1646
1662,1597
1663,1693
1664,1607,1630,1720
1665,1607,1624,1675,1723
1666,1582,1671,1655,1722
1667,1569,1668,1716,1692
1668,1667,1653
1669,1637,1587,1735,1686
1670,1714,1641,1657
1671,1666,1650,1691
1672,1698,1685,1600,1713
1673,1603
1674,1718
1675,1665
1676,1714
1677,1616
1678,1682
1679,1691
1680,1645
1681,1719,1611,1721
1682,1646,1741,1629,1678
1683,1620,1733,1643
1684,1657
1685,1672
1686,1669
1687,1647
1688,1696
1689,1624,1649,1697,1730
1690,1708,1695,1639
1691,1671,1679,1699
1692,1667
1693,1645,1648,1749,1663
1694,1621
1695,1690
1696,1613,1688
1697,1689
1698,1672,1622,1705,1734
1699,1691
1700,1643,1630,1727,1726
1701,1652
1702,1651
1703,1646
1704,1705,1743,1710,1633
1705,1698,1704,1736,1642
1706,1740
1707,1718
1708,1628,1690,1754,1709
1709,1708
1710,1704
1711,1731
1712,1742
1713,1672
1714,1721,1670,1745,1676
1715,1659
1716,1667
1717,1631,1752,1718,1725
1718,1717,1748,1674,1707
1719,1654,1681,1761,1724
1720,1664
1721,1714,1681,1744
1722,1666
1723,1665
1724,1719
1725,1717
1726,1700
1727,1700
1728,1762
1729,1759,1746,1656
1730,1689
1731,1735,1711
1732,1758
1733,1683
1734,1698
1735,1669,1731,1747,1760
1736,1705
1737,1753
1738,1743
1739,1742
1740,1759,1752,1706
1741,1682,1751,1769
1742,1770,1750,1712,1739
1743,1704,1738,1772
1744,1721
1745,1714
1746,1729
1747,1735
1748,1718
1749,1693,1768,1766,1765
1750,1742
1751,1741
1752,1717,1776,1740
1753,1761,1737
1754,1708,1779,1758,1755
1755,1754
1756,1758
1757,1775
1758,1754,1777,1756,1732
1759,1740,1729,1762,1780
1760,1735
1761,1719,1753,1774,1771
1762,1759,1783,1728,1763
1763,1762
1764,1769
1765,1749
1766,1749
1767,1770
1768,1749
1769,1741,1764,1784
1770,1775,1742,1767,1785
1771,1761
1772,1743,1773,1782
1773,1772
1774,1761
1775,1783,1770,1757,1786
1776,1752
1777,1758
1778,1779
1779,1754,1789,1778,1781
1780,1759
1781,1779
1782,1772
1783,1762,1775,1788,1787
1784,1769
1785,1770
1786,1775
1787,1783
1788,1783
1789,1779
