ID,three bonds apart neighbours IDs
0,1,18,14,30
1,16,4,0,23,31
2,23,27,45
3,5,30,47,50,29
4,1,18,14,30
5,33,3,23,31
6,14,30,34,25,9
7,43,15,22
8,54,38,51
9,6,31,27,11,45,39,37
10,53,41,52
11,18,34,9,36
12,23,27,45
13,53,41,52
14,6,4,0,38,56,60,67,42
15,7,54,38,51
16,1,18,47,50,29
17,23,27,45
18,16,4,0,27,11,45,39,37
19,53,41,52
20,32,37,80,49
21,24,47,61,62
22,7,54,38,51
23,5,1,17,2,12,36,53,35
24,54,21,51,33,56
25,6,31,39,37
26,68,28,87,63
27,17,2,12,18,34,9
28,65,26,69,89
29,3,16,38,56,60,67,42
30,6,4,0,33,3
31,5,1,34,25,9
32,53,20,52
33,5,30,43,24,64,57
34,6,31,27,11,45,80,40,49
35,23,39,80,40,49
36,23,11,45
37,18,25,9,41,20,52,90,95
38,8,15,22,14,50,29,61,62
39,18,25,9,53,35
40,34,35,90,95
41,13,19,10,37,80,49
42,47,14,29,64,57
43,7,33,56,79,58
44,75,69,89,89,110
45,17,2,12,18,34,9,36
46,87,63,79,48,77,87,112
47,3,16,54,21,51,60,67,42
48,46,89,108,61,84
49,34,35,41,20,52,90,95
50,3,16,38,56
51,8,15,22,24,47,61,62
52,13,19,10,32,37,80,49
53,13,19,10,23,39,32,139,85
54,8,15,22,24,47,108,69,84
55,102,59,151,96
56,14,50,29,43,24
57,33,67,42
58,43,62,108,69,84
59,100,55,119,155
60,47,14,29
61,38,21,51,68,48,77,142,111
62,38,21,51,79,58
63,46,26,89,110
64,33,67,42
65,68,28,68,112
66,105,74,104,93,132,107
67,47,14,29,64,57
68,65,26,108,61,84,65,110
69,44,28,58,54,87,112,142,111
70,119,155,155,189
71,129,134,137
72,151,96,159,98,190,151
73,83,132,107,116,157,120
74,101,66,82
75,44,87
76,129,134,137
77,46,89,108,61,84
78,129,134,137
79,43,62,46,89,200,143
80,34,35,41,20,52,173,162,141
81,191,113,122,182,123,128
82,105,74,104,93,132,107
83,124,73,92
84,58,54,68,48,77,142,111
85,53,90,173,162,141
86,135,103,133,106
87,46,26,75,69,46
88,93,157,120,113,147,130,193
89,44,28,44,63,79,48,77
90,37,40,49,139,85
91,93,132,107
92,83,132,107,116,157,120
93,91,66,82,127,144,88
94,116,147,191,125,122
95,37,40,49,135,160,211,152,226
96,72,55,155,189
97,162
98,155,72,190,180
99,145,154,148,210,196
100,102,59,102,190
101,105,74,104,116,157,120
102,100,55,100,189,180,240
103,115,86,162,133
104,101,66,82
105,101,66,82
106,114,86,135
107,91,66,82,124,73,92
108,58,54,68,48,77,237,218,188
109,145,154,148,210,196
110,44,63,68,112
111,61,69,84,200,143
112,69,46,65,110
113,144,124,88,134,81,137,229,202
114,106,139,160,211
115,103,162
116,101,73,92,129,94,219,201
117,156,230,158
118,210,126,196,156,228
119,70,59,151,240
120,101,73,92,127,144,88
121,230,153,158,176,208,228,148
122,94,127,134,81,137,229,202
123,129,81,137
124,83,132,107,113,147,130,193
125,94,127,229,202
126,171,138,185,118,186,161,242,213
127,93,157,120,191,125,122,130,193
128,129,81,137
129,78,71,76,116,147,182,123,128,308,222
130,127,124,88,219,201
131,253,168,273,198
132,91,66,82,124,73,92
133,86,103,139,160,211
134,78,71,76,191,113,122
135,86,106,95,173,141
136,209,146,148,210,196,178,220
137,78,71,76,191,113,122,182,123,128
138,126,154,186,178
139,53,90,133,114,280,244
140,200,284,231
141,80,85,135,160,211,152,226
142,61,69,84,284,177,231,289,235
143,79,111,237,218,188
144,93,157,120,113,147,258,254,195
145,169,99,109,161,220
146,186,136,234,215
147,129,94,144,124,88
148,136,99,109,184,174,121,242,213
149,291,204
150,156,208,272,205,183
151,72,55,119,72,240,159
152,95,162,141,280,244
153,184,185,121,247
154,169,99,109,138,178,234,215,234,243
155,70,59,70,96,98,180,257,245,283
156,169,118,166,117,167,206,150,247
157,101,73,92,127,144,88
158,166,117,167,184,185,121,247
159,72,151,257,245,283
160,133,114,95,173,141
161,126,145,171,220,220,263
162,80,85,97,103,115,152,226
163,200,284,231
164,291,192
165,249,256
166,156,230,158
167,156,230,158
168,214,131,302,299
169,145,154,156,228,257,181
170,272,176,183,322,264,286
171,126,161,234,243
172,282,179,325,238
173,80,85,135,160,211,306,270,335
174,176,208,228,148
175,302,299,302,312
176,185,174,121,268,170,203,322,295
177,237,142,188,334,267,327
178,136,138,154,220
179,248,172,349,294
180,102,98,240,155
181,169,242,340,240,269
182,129,81,137
183,150,184,268,170,203,322,295
184,230,153,158,228,148,272,205,183
185,210,126,196,230,153,158,176,208
186,126,138,209,146,209,263
187,316,227,319,233
188,143,108,284,177,231,289,235
189,70,96,102,190
190,72,98,100,189,213,340,269
191,94,127,134,81,137,384,339,301
192,232,164,346,317
193,127,124,88,236,338
194,212,282
195,144,201,236,338
196,136,99,109,185,118,242,213
197,200,284,231
198,199,131,302,312
199,273,198,275,381,386,273
200,79,111,197,140,163,334,267,327,365,290
201,116,130,258,254,195
202,113,125,122,308,222
203,272,176,183,322,264,286
204,207,149,346,317
205,150,184,295,382,363
206,156,208,264,286,406,246,382,363
207,291,204
208,185,174,121,206,150
209,186,136,186,243
210,136,99,109,185,118,340,240,269
211,133,114,95,173,141
212,194,349,294,408,349
213,148,126,196,190,245,283,407,350
214,253,168,386,253
215,154,146,220,263
216,285,389
217,325,238,325,423
218,143,108,289,235,397,371,293
219,116,130,421,359
220,136,161,145,178,161,215
221,459,331,318
222,129,202,384,339,301
223,226,306,335,416,364
224,358,344,358,351
225,381,253,321,314,422
226,95,162,141,342,250,223,310,356
227,256,187,358,344
228,169,118,184,174,121
229,113,125,122,332,418,296,447,383
230,166,117,167,184,185,121
231,197,140,163,237,142,188,334,267,327
232,291,192
233,249,187,358,351
234,154,146,171,154
235,142,218,188,365,290
236,193,254,195,421,359
237,143,108,284,177,231,336,392,427
238,217,172,408,349
239,389,251,348,394,433
240,102,151,119,180,210,181,407,350
241,385,260,424,372
242,148,126,196,257,181
243,171,154,209,263
244,139,152,306,270,335
245,159,155,213,340,269
246,206,322,413,434,454
247,156,153,158
248,282,179,282,423,443,378,469
249,165,319,233,450,319
250,226,306,335,416,364
251,368,239,265
252,357,514,288,353,442
253,214,131,214,312,341,259,225,446,452
254,144,201,236,338
255,425,412,436
256,165,316,227,450,316
257,159,155,169,242,443,297
258,144,201,517,432,405
259,381,253,321,314,422
260,373,300,241,380,456
261,425,412,436
262,393,309,486,343,347
263,161,215,186,243
264,206,170,203,272,382,363
265,389,251,348,394,433
266,314,275,422,348,477
267,200,177,231,397,371,293
268,176,183,295
269,210,181,190,245,283,407,350
270,173,244,310,356,461,313,510,402
271,321,275,422,360,404
272,150,184,170,203,264,286,413,434,454
273,199,131,299,199,381,452
274,425,412,436
275,302,199,271,357,390,266,386,446
276,348,465,372,414,488
277,285,394,433,477,321,352,465
278,315,442,460,336,374,369,480
279,479,385,326,362,449,466
280,139,152,416,364,419,361
281,377,439,311,421,448,499
282,194,248,172,408,248
283,159,155,213,340,269
284,197,140,163,237,142,188
285,216,398,390,277
286,206,170,203,272,382,363
287,420,413,520,375
288,252,370,314,404,518,627,506
289,142,218,188,387,292
290,200,235,336,392,427
291,207,149,232,164,493,498,473
292,289,392,427,353,460
293,218,267,327
294,212,179,325,423
295,176,205,183,268,382,363,412,399
296,384,229,301,379
297,257,407,503,408,482
298,415,320,380,456
299,175,168,273,321,314,422,452
300,385,260,424,372
301,222,191,332,418,296,447,383
302,175,168,175,198,275,446
303,333,449,466,484,489,400
304,348,394,433
305,479,385,326,362,449,466
306,173,244,342,250,223,417,403,492
307,424,372,479,333,326
308,129,202,379,507,453
309,376,354,262
310,226,270,335,419,361
311,432,328,281,441,324
312,175,198,386,253
313,270,416,524,464
314,299,259,225,390,266,315,514,288
315,387,401,278,314,404,518,627,506
316,256,187,256,351,538,437,440
317,204,192,459,331,318
318,221,317,493,498,473
319,249,187,249,344,538,437,440
320,298,424,352,414,488
321,299,259,225,271,357,398,368,277
322,170,203,176,183,406,246
323,333,449,466,484,489,400
324,345,439,311,431,501
325,217,172,217,294,350,503,482
326,411,305,279,456,307,495,526
327,200,177,231,397,371,293
328,377,439,311,421,448,499
329,525,528,505
330,353,369,480
331,221,317,493,498,473
332,384,229,301
333,438,323,303,456,307,495,526
334,200,177,231
335,173,244,342,250,223,310,356
336,290,237,370,401,278
337,372,352,488,445,564,511
338,193,254,195,345,448,499,559,540
339,222,191,447,383
340,210,181,190,245,283,503,408,482
341,381,253,360,404,348,477
342,226,306,335,524,464,524,544
343,355,354,262,525,528,505
344,224,227,450,319
345,441,324,338,517,405
346,204,192,589,468,462
347,355,354,262,525,528,505
348,304,239,265,341,266,415,276
349,212,179,212,238,443,378,469
350,213,240,269,325,378,469,534,508
351,224,233,450,316
352,390,368,277,373,320,485,337,430
353,360,252,365,292,330
354,393,309,486,343,347
355,486,343,347
356,226,270,335,396,467
357,252,370,321,275,422,518,627,506
358,224,227,224,233,552,618,546
359,219,236,517,432,405
360,341,271,353,442,458,533,562,673,671,655
361,280,310,417,403,492
362,380,305,279,527,523,444
363,205,264,286,206,295
364,280,250,223,510,402,510,581
365,200,235,353,460
366,421,448,499,431,501
367,414,564,511
368,389,251,477,321,352,465
369,370,387,278,330
370,357,514,288,460,336,374,369,480
371,218,267,327
372,307,300,241,276,398,485,337,430
373,385,260,352,414,488
374,370,387,278
375,412,287,436,532,572
376,393,309,612,481,513,592
377,432,328,281,388,478,522,541
378,248,349,350,503,482
379,308,418,296
380,298,260,362,449,466,586,435
381,199,341,259,225,273
382,205,264,286,206,295
383,229,339,301,507,453
384,222,191,332,418,296,467,548,554
385,373,300,241,411,305,279,495,526
386,199,214,312,275
387,289,392,427,315,442,374,369,480
388,377,501
389,216,368,239,265
390,314,275,422,285,394,433,352,465
391,568,536,455
392,290,237,387,292
393,376,354,262
394,304,239,265,398,390,277
395,406,399,532,572
396,356,403,492,507,504
397,218,267,327
398,285,394,433,477,321,372,414,488
399,295,434,454,395,420
400,411,323,303,527,523,444
401,315,442,460,336
402,270,364,524,544
403,306,361,396,467
404,341,271,315,514,288
405,258,359,345,448,499,559,540
406,206,322,395,420
407,213,240,269,443,297
408,212,238,282,423,340,297,534,508
409,508,587,582
410,568,536,455
411,479,385,326,484,489,400
412,261,274,255,295,434,454,520,375
413,246,272,425,287,436
414,276,398,373,320,483,367,426,637,550,611
415,298,424,348,465,445,564,511
416,280,250,223,461,313,461,581
417,306,361,447,548,554
418,384,229,301,379
419,280,310,507,504
420,425,287,436,406,399
421,219,236,366,328,281,646,497
422,299,259,225,271,357,390,266
423,217,294,408,248
424,307,300,241,415,320
425,261,274,255,420,413,644,490,515
426,414,564,511
427,290,237,387,292
428,508,587,582
429,553,613
430,372,352,488,445,564,511
431,366,324,522,541
432,258,359,377,439,311,559,540
433,304,239,265,398,390,277
434,246,272,412,399
435,380,526,678,628,599
436,261,274,255,420,413,520,375
437,316,319,552,618,546
438,333,449,466
439,432,328,281,441,324
440,316,319,552,618,546
441,345,439,311
442,360,252,387,401,278
443,248,349,257,407,537,470
444,362,489,400
445,415,337,430,637,550,611
446,275,253,302,452
447,229,339,301,417,504,643,509,580
448,366,328,281,338,517,405
449,380,305,279,438,323,303
450,249,344,256,351,632,531,664,650
451,487,590,560,654,543,631
452,253,273,299,446
453,308,383,467,548,554
454,246,272,412,399
455,391,410,494,487,590,560,654,543,631
456,298,260,479,333,326
457,594,649,657
458,360,627,506
459,221,317,659,640,629
460,365,292,370,401,278
461,270,416,416,544,615
462,346,498,473,659,640,629
463,503,470,663,579
464,342,313,510,581
465,390,368,277,415,276
466,380,305,279,438,323,303
467,356,403,492,453,384,643,509,580
468,346,498,473,659,640,629
469,248,349,350,503,482
470,443,534,587,463,582
471,563,658,703,570
472,594,649,657
473,291,331,318,589,468,462
474,652,512,699,591
475,563,658,703,570
476,553,613
477,341,266,398,368,277
478,377,501
479,411,305,279,456,307,678,628,599
480,370,387,278,330
481,528,376,505,647,695
482,340,297,325,378,469,534,508
483,414,564,511
484,411,323,303
485,372,352,488
486,355,354,262,677,617,647,695
487,568,451,455
488,276,398,373,320,485,337,430
489,411,323,303,527,523,444
490,572,425,683,713
491,508,587,582
492,306,361,396,467
493,291,331,318,704,603,722,660
494,568,536,455
495,385,333,326,692,730
496,594,649,657
497,421,559,625,690,721
498,291,331,318,589,468,462
499,366,328,281,338,517,405
500,702,535,620,723
501,366,324,388,478
502,579,763,715
503,340,297,325,378,469,587,463,582
504,419,396,447,548,554
505,329,343,347,612,481,513,592
506,357,315,288,458,533,562,673,671,655
507,308,383,419,396,648,665
508,350,408,482,491,428,409,663,579
509,467,447,554,648,665
510,270,364,364,464,615
511,415,337,430,483,367,426,637,550,611
512,474,613,634,734,687
513,525,376,505,677,617
514,252,370,314,404
515,572,425,683,713
516,641,726,799,667
517,258,359,345,448,499,625,690,721
518,357,315,288,673,671,655
519,603,612,751
520,412,287,436,683,713
521,679,706,772
522,377,431
523,362,489,400
524,342,313,342,402
525,329,343,347,513,592,603,584,751
526,385,333,326,586,435
527,362,489,400
528,329,343,347,612,481,787,714,626
529,756,561,716,821
530,658,703,570
531,618,450,546,682,694
532,395,375,811,604
533,360,627,506
534,350,408,482,537,470
535,649,500,657,675,794
536,391,410,494,654,543,631
537,443,534,654,547
538,316,319,682,694,724,600
539,677,767,764
540,338,432,405,542,720,689,774,623
541,377,431
542,540,690,721,708,783
543,451,536,455,579,763,715
544,342,402,461,581
545,634,734,687
546,358,437,440,632,531,664,650
547,537,663,763,568,715
548,453,384,417,504
549,589,704,612,584,751
550,414,445,511
551,804,786,701
552,358,437,440,664,650,755,766,595
553,429,476,699,591,754,569,578
554,453,384,417,504,643,509,580
555,672,796
556,700,830,711,769
557,804,786,701
558,679,818,667,791,809
559,338,432,405,646,497
560,568,451,455
561,709,529,845,775
562,360,627,506
563,602,475,471
564,415,337,430,483,367,426
565,700,830,711,769
566,602,726,650,836,742
567,796,630,675,707,816
568,391,410,494,487,590,560,587,547,833,768
569,553,734,687,745,801,802
570,530,475,471,641,726,799,667
571,794,594,674,800,672,707,816
572,395,375,644,490,515
573,602,799,669,791,809
574,577,706,772,669,818,842,691
575,675,800,691,754,824
576,679,706,772
577,735,746,574,733,614,770
578,553,734,687,745,801,802
579,508,463,582,502,543,631,833,768
580,467,447,554,648,665
581,364,464,416,544
582,491,428,409,503,470,663,579
583,679,706,772
584,640,549,695,525
585,592,787,626
586,380,526,777,622
587,491,428,409,503,470,763,568,715
588,708,757,807
589,346,498,473,647,549,788,725
590,568,451,455
591,553,474
592,525,376,505,585,767,764,857,805
593,674,754,824,679,842
594,496,472,457,620,723,727,729,571
595,694,552,718,839,765,850,737
596,830,616,769,788,878
597,675,794,777,748
598,682,839,885,876,758
599,435,479,692,730
600,538,664,641,836,742
601,781,760
602,563,724,566,747,573
603,621,619,519,659,493,629,695,525
604,532,713,841,856,854
605,781,760
606,820,639,845,775,893,845
607,728,814,874,743,851,881
608,625,783,635,757,807,870,743
609,782,636,766,843
610,677,767,764
611,414,445,511
612,528,376,505,621,619,519,640,549
613,429,476,652,512
614,679,577,772
615,510,461
616,596,793,826,909
617,486,513,787,714,626
618,358,437,440,632,531,641,836,742
619,603,612,751
620,594,500,657,777,748
621,603,612,751
622,586,730,723,853,829
623,540,625,721,676,696
624,804,786,701
625,517,497,689,774,623,778,738,608
626,528,617,585,767,764,857,805
627,357,315,288,458,533,562
628,435,479,692,730
629,459,468,462,704,603,722,660
630,729,710,567
631,451,536,455,579,763,715
632,618,450,546,718,839,765,850,737
633,716,821,821,928
634,545,512,691,674,824
635,720,778,608,771,831,680
636,765,609,855,808
637,414,445,511
638,835,719,880,761
639,821,606,893,849
640,459,468,462,612,584,751,722,660
641,703,516,570,618,600,919,815,875
642,731,814,874
643,467,447,554
644,572,425,841,856,854
645,672,796
646,421,559,676,696,708,783
647,486,481,589,704
648,507,509,580
649,496,472,457,702,535,806,656,792,692,853,829
650,552,450,546,566,658,919,815,875
651,830,711,769
652,474,613,745,801,802
653,686,661,689,670
654,451,536,455,537,663,871,712
655,360,518,506
656,777,649,853,752,877
657,496,472,457,702,535,620,723
658,530,475,471,799,667,650,836,742
659,459,468,462,704,603,793,915,762
660,640,493,629,788,725
661,676,653,696,688
662,708,870,851,731,881
663,508,463,582,654,547
664,552,450,546,724,600
665,507,509,580
666,696,688,690,696
667,658,516,570,558,735,903,739,812
668,689,670,689,698
669,703,573,746,693,574,903,739,812
670,668,653,690,696
671,360,518,506
672,555,645,727,702,571
673,360,518,506
674,702,729,571,746,593,634,801,802
675,597,535,717,710,567,745,575
676,686,661,646,774,623,686,698
677,486,513,539,610,894,750
678,435,479,723,853,829
679,583,576,521,747,558,745,593,733,614,770
680,708,635,807
681,897,828,899
682,538,531,797,598,843,685
683,520,490,515,828,862,837,953,823
684,897,828,899
685,682,850,737,855,808,855,898
686,676,653,690,676
687,545,512,754,569,578
688,666,661,689,698
689,540,625,721,668,653,668,688
690,517,497,542,720,666,670,686,698
691,575,727,735,693,574,634,801,802
692,495,628,599,748,649,806,863,941
693,669,818,842,691
694,538,531,755,766,595
695,486,481,603,584,751
696,666,661,666,670,646,774,623
697,766,843,848,843,922
698,668,688,690,676
699,553,474
700,736,565,556
701,551,557,624,728,814,874,743,851,881
702,649,500,657,674,800,672,707,816
703,530,475,471,641,726,669,791,809
704,659,493,629,647,549
705,731,814,874
706,583,576,521,735,746,574
707,717,710,567,727,702,571
708,646,542,588,804,662,771,831,680
709,756,561,849,756,928,1021
710,796,630,675,707,816
711,651,565,556,722,915,762,826,909
712,654,833,925,940,832
713,520,490,515,811,604
714,528,617,857,805
715,502,543,631,587,547,833,768
716,633,529,845,1021
717,675,707,816
718,632,766,595,963,907,817,869,958
719,781,638
720,540,690,721,635,757,807,870,743
721,517,497,542,720,689,774,623
722,640,493,629,711,878,997,960,914
723,594,500,657,622,678,752,877,863,941
724,538,664,602,726,964,889,1001
725,589,660,793,915,762
726,703,516,570,724,566
727,794,594,672,707,816,691,754,824
728,804,607,701
729,794,594,796,630,674,800
730,495,628,599,777,622
731,776,705,642,778,662,790,956
732,955,929,840
733,679,577,772
734,545,512,754,569,578
735,577,706,772,842,691,667,791,809
736,700,788,878,936,741
737,755,632,595,843,685
738,625,783,870,743
739,667,669,809,913,1020
740,789,841,994,872
741,736,909,942,968,1003
742,566,658,618,600,919,815,875
743,720,738,608,786,607,701,790,956
744,934,1024,888
745,652,569,578,675,800,679,842
746,577,706,772,669,818,674,754,824
747,602,799,679,818,913,1020
748,597,620,692,829,863,941
749,811,953,823,883,996,866
750,677,857,867,896,984
751,621,619,519,640,549,695,525
752,723,656,792,777,863,941
753,968,987
754,553,734,687,575,727,746,593
755,694,552,765,850,737,885,876,758
756,709,529,709,893
757,588,720,778,608
758,598,755,963,907,817,869,958
759,897,828,899
760,605,601,880,761
761,638,760,955,929,840
762,725,659,711,878,997,960,914
763,502,543,631,587,547,925,940,832
764,539,610,592,787,626
765,755,632,595,782,636,782,922
766,694,552,697,609,718,839,855,898
767,539,610,592,787,626
768,579,568,715,882,1005,1076,931,901
769,651,565,556,596,793,826,909
770,679,577,772
771,708,635,807
772,583,576,521,735,746,574,733,614,770
773,968,987
774,540,625,721,676,696
775,606,561,821,928
776,731,814,874
777,597,620,586,730,656,792,752,877
778,625,783,635,757,807,851,731,881
779,797,958,1046,1060,952
780,805,896,984,912,1006
781,605,601,835,719,1065,900,986
782,765,609,765,898
783,646,542,778,738,608
784,895,795,946
785,959,827,954,1063
786,551,557,624,743,851,881
787,528,617,585,767,764,867,896,984
788,589,660,736,596,1121,957,980
789,811,862,897,740,899
790,743,731,881,1000,998
791,703,573,558,735,1027,844,1105,1074
792,777,649,853,752,877
793,725,659,830,616,769,997,960,914
794,597,535,727,729,571
795,784,858,927,837,996,866
796,555,645,729,710,567
797,682,839,975,779,995
798,934,1024,888
799,658,516,570,747,573
800,745,575,702,729,571
801,652,569,578,691,674,824
802,652,569,578,691,674,824
803,936,944,1067
804,551,557,624,708,870,728,814,874,1000,998
805,592,714,626,780,934,935,982,810
806,649,692,829
807,588,720,778,608,771,831,680
808,685,636,843,922
809,703,573,558,735,903,739,812
810,805,867,984,873,989,945,1069
811,532,713,847,789,895,749,852
812,667,669,809,913,1020
813,1086,959,916,1100,983,933
814,776,705,642,804,607,701
815,650,641,742,964,889,1001
816,717,710,567,727,702,571
817,885,718,758,995
818,747,558,746,693,574
819,867,1006,1106,1023
820,606,845,1090,1047,1058
821,633,529,639,633,775,849,1090,1047,1058
822,948,905
823,841,683,854,895,749,852
824,575,727,746,593,634,801,802
825,978,860,1019,939
826,711,616,769,1041,865,917,944,1067
827,967,785,887,961,1032
828,684,759,681,683,856,854,994,872
829,622,678,748,649,806,863,941
830,651,565,556,596,793,942,968,1003
831,708,635,807
832,763,712,882,1005,1076,931,901
833,579,568,715,871,712
834,1073,908,890
835,781,638
836,566,658,618,600,1033
837,841,683,854,864,795,946
838,1073,918,890
839,632,766,595,797,598
840,732,761,1065,900,986
841,604,644,897,740,899,837,953,823
842,735,693,574,745,593
843,697,609,682,850,737,697,808
844,791,1020,1105,1062
845,606,561,716,606,1021,820
846,934,1024,888
847,811,862,1039,1030
848,855,697
849,709,639,1021,821
850,755,632,595,843,685
851,786,607,701,778,662,1061,1077,921
852,811,953,823,883,996,866
853,622,678,649,656,792
854,604,644,828,862,837,953,823
855,685,636,766,685,848
856,604,644,828,862,883,996,866
857,592,714,626,894,750
858,895,795,946
859,1014,861,1008,1111
860,948,825,1035,991
861,1015,859,1110,1012
862,683,856,854,847,789
863,723,692,829,748,752,877
864,837,996,866
865,826,968,1003,1026,1138
866,856,749,852,864,795,946
867,787,750,935,982,810,1024,819,888
868,915,1121,980
869,718,876,758,1034,1112,1107,1007,1130
870,720,738,608,804,662
871,654,833,1085,1037,1101,1133
872,828,740,899,1039,1030
873,894,982,810
874,776,705,642,804,607,701
875,650,641,742,964,889,1001
876,598,755,869,958
877,723,656,792,777,863,941
878,736,596,722,915,762
879,961,1032,1166,1066
880,638,760,1142,1117,1028
881,786,607,701,778,662,790,956
882,768,940,832,1085,1037
883,856,749,852
884,1073,918,890
885,598,755,963,907,817,1046,1060,952
886,1086,902,916,954,1063
887,959,827,954,1063
888,798,744,846,867,1006,1106,1023
889,724,815,875,1033
890,838,884,977,834,979,932,1104,1123,1098
891,1120,992,924
892,1035,991,1035,1068
893,606,639,756,928,1095,1216,1042
894,677,857,912,1006,873,989,945,1069
895,811,953,823,784,858,927
896,787,750,780,934
897,684,759,681,789,841,1089,1143,971
898,766,685,782,922
899,684,759,681,789,841,994,872
900,781,929,840,1142,1117,1028
901,768,925,832,1101,1133
902,1032,886,1171,1162,1132
903,667,669,809,1062,1194,1011,1221
904,1120,972,924
905,822,1019,939,1122,1019
906,1102,1094,951
907,885,718,758,995
908,834,979,932,1104,1123,1098
909,711,616,769,936,741
910,1086,959,916,1100,983,933
911,1102,1094,951
912,894,780,1109,949
913,747,739,812,1074,1221
914,793,722,762,1121,957,980
915,725,659,711,878,1009,950,868,1157,1140,1176
916,973,910,813,1032,886,1100,1171
917,942,826,1003
918,838,884,977,1104,1123,1098
919,650,641,742,1070,1108,970
920,1111,923,1050,1048,1173
921,851,998,1099,1081,1189,1087,1022
922,697,808,765,898
923,1082,920,1054,1110,1012,1110,1178
924,891,969,1038,904,1064,993,1153,1125,1184
925,763,712,1076,931,901,1044,1103,1170
926,937,1008,1111,1111,1177
927,895,795,946
928,633,775,709,893
929,732,761,1065,900,986
930,1026,1180,1093,1080,1210
931,768,925,832,1101,1133
932,1073,908,890
933,961,910,813,1086,1162,1132
934,798,744,846,805,896,984,1106,1023
935,805,867,984,989,945,1069
936,736,909,987,803,1026,1138
937,1110,926
938,1138,942,1036,1180,1018,1155,1167
939,905,825,1035,1068
940,763,712,882,1005
941,723,692,829,748,752,877
942,741,830,917,944,1067,1096,1102,938
943,1188,1158,1017
944,987,803,942,826,1003
945,894,935,810
946,784,858,927,837,996,866
947,1023,1115,1197,1072,1200
948,822,978,860,1122,978
949,912,1106,1056,1115,1197
950,915,1121,980
951,911,1025,906,1031,1128,1165,1026,1155,1167
952,779,885,1034,1112,1107,1007,1130
953,841,683,854,895,749,852
954,886,785,887,1166,1066
955,732,761,1081,1207,1214
956,743,731,881,1099,1081,1189,1087,1022
957,788,960,914,1157,1140,1176
958,718,876,758,975,779
959,967,785,887,973,910,813,1100,1171
960,793,722,762,1121,957,980
961,879,827,983,933,1162,1132,1288,1150
962,1031,1128,1165,1026,1155,1167
963,885,718,758
964,724,815,875
965,1164,1040,1168,1053
966,975,1112,1186,1191,1052
967,959,827,1147,1192,1231
968,753,773,741,830,1041,865
969,1120,992,924
970,919
971,1030,897,1048,1126,1097,1187,1208
972,904,1064,993,1153,1125,1184
973,959,916,1171
974,1056,1200,1209,1050,1035,1206,1146
975,797,958,1113,966,1181
976,1048,1008,1173,1072,1209
977,1073,918,890
978,948,825,948,1068,1072,1206,1146
979,1073,908,890
980,788,960,914,1009,950,868,1157,1140,1176
981,1261,1196,1156
982,805,867,984,873
983,961,910,813,1086,1162,1132
984,787,750,780,934,935,982,810
985,1050,1008,1173,1039,1126
986,781,929,840,1142,1117,1028
987,753,773,936,944,1067
988,1005,1103,1170,1090,1151
989,894,935,810
990,1211,1071,1016,1093,1036,1210
991,892,860,1122,1019
992,891,969,1038,1153,1125,1184
993,1120,972,924
994,828,740,899,1048,1126,1097,1187,1208
995,797,907,817
996,856,749,852,864,795,946
997,793,722,762
998,804,790,1061,1077,921
999,1051,1218,1240,1092
1000,804,790,1142,1059,1220
1001,724,815,875,1033
1002,1036,1080,1210,1104,1241
1003,741,830,1041,865,917,944,1067
1004,1039,1187,1208
1005,768,940,832,988,1095,1145,1159,1010
1006,894,780,1024,819,888
1007,1046,869,952,1181
1008,926,859,985,1089,1116,976,1110,1178
1009,915,1121,980
1010,1005,1044,1170
1011,1105,903,1256,1223
1012,923,861,1111,1177
1013,1261,1196,1156
1014,1015,859,1015,1178
1015,1014,861,1050,1048,1173,1014,1177
1016,1118,1127,990,1289,1213
1017,943,1123,1098,1241,1093,1172,1260
1018,1096,1041,938
1019,905,825,905,991,1072,1206,1146
1020,747,739,812,844,1062,1256,1223,1256,1273
1021,716,849,709,845,1044,1151,1286,1228
1022,956,1061,921,1220
1023,934,819,888,947,1114,1234,1055,1088
1024,798,744,846,867,1006,1056,1115,1197
1025,1102,1094,951
1026,936,865,1094,962,951,1118,930
1027,791,1074,1256,1273
1028,880,900,986,1081,1207,1214
1029,1201,1205,1205,1203
1030,847,872,1089,1143,971
1031,1102,962,951
1032,879,827,1086,902,916
1033,836,889,1001
1034,869,1060,952,1152,1265,1275,1229,1134
1035,892,860,892,939,1114,1116,974
1036,1041,1102,938,1091,1127,990,1158,1002
1037,871,882,1044,1103,1170
1038,1120,992,924
1039,847,872,1082,985,1004
1040,1084,965,1201,1205
1041,826,968,1003,1036,1180,1018,1155,1167
1042,893,1047,1058,1044,1151,1286,1228
1043,1113,1265,1242,1219,1322
1044,925,1037,1216,1021,1042,1145,1159,1010
1045,1063,1192,1231,1246,1314
1046,779,885,1107,1007,1130,1186,1191,1052
1047,820,821,1095,1216,1042
1048,1015,920,1054,994,1143,971,1116,976
1049,1119,1259,1215,1370,1299,1235
1050,1015,920,1054,985,1089,1114,1122,974
1051,1153,999,1184,1232,1272
1052,966,1046,1152,1265,1275,1229,1134
1053,1078,965,1205,1203
1054,1111,923,1050,1048,1173
1055,1023,1056,1197,1347,1253,1230
1056,1024,949,1116,1122,974,1234,1055,1088
1057,1261,1196,1156
1058,820,821,1095,1216,1042
1059,1000,1099,1207,1065,1214
1060,779,885,1034,1112
1061,851,998,1189,1087,1022,1207,1065,1214
1062,903,844,1020,1221
1063,886,785,887,1045,1236
1064,1120,972,924
1065,781,929,840,1061,1059,1183,1284
1066,879,954,1147,1192,1231
1067,987,803,942,826,1003
1068,892,939,1122,978
1069,894,935,810
1070,919
1071,1118,1127,990,1289,1213
1072,1019,978,1082,976,1109,947
1073,838,884,977,834,979,932,1241,1093,1172,1260
1074,791,913,1027,1221,1221,1354
1075,1364,1258,1254
1076,768,925,832
1077,851,998,1099,1081
1078,1168,1053,1310,1129,1202,1168,1263
1079,1237,1320,1199
1080,930,1096,1158,1002,1289,1213
1081,956,1077,921,955,1117,1028,1183,1284
1082,1111,923,1039,1126,1072,1209
1083,1104,1260,1243,1333,1332
1084,1164,1040,1164,1263
1085,871,882,1090,1151
1086,910,813,1032,886,983,933,1366,1334,1298
1087,956,1061,921,1220
1088,1023,1056,1197,1347,1253,1230
1089,1030,897,1050,1008,1173,1097,1187,1208
1090,820,821,1085,988,1335,1163
1091,1093,1036,1210,1131,1283
1092,1125,999,1184,1255,1316
1093,930,1096,1091,1127,990,1188,1073,1017
1094,911,1025,906,1026,1155,1167
1095,893,1047,1058,1005,1103,1170,1286,1228
1096,1138,942,1018,1155,1167,1093,1080,1210
1097,1089,994,971
1098,908,918,890,1188,1158,1017
1099,956,1077,921,1142,1059
1100,910,813,959,916,1288,1150
1101,871,931,901
1102,911,1025,906,1138,942,1031,1128,1165,1036,1180
1103,925,1037,988,1095
1104,908,918,890,1118,1002,1277,1083
1105,791,844,1194,1011,1194,1354
1106,934,819,888,1109,949
1107,1046,869,952
1108,919
1109,912,1106,1072,1200,1347,1253,1230
1110,923,861,937,1008,923
1111,926,859,1082,920,1054,926,1012
1112,869,1060,952,1113,966
1113,975,1112,1237,1043,1239,1394
1114,1023,1115,1197,1209,1050,1035,1206,1146
1115,1024,949,947,1114,1295
1116,1048,1008,1173,1056,1200,1035,1206,1146
1117,880,900,986,1081,1207,1214
1118,1211,1071,1016,1026,1180,1104,1241
1119,1261,1049,1156
1120,891,969,1038,904,1064,993,1232,1272,1255,1316
1121,788,960,914,1009,950,868
1122,905,991,948,1068,1056,1200,1209,1050
1123,908,918,890,1188,1158,1017
1124,1242,1152,1322,1300,1396,1349
1125,972,992,924,1240,1092,1309,1264,1154
1126,994,1143,971,1082,985
1127,1211,1071,1016,1093,1036,1210
1128,1102,962,951
1129,1205,1078,1411,1321,1324
1130,1046,869,952,1181
1131,1091,1289
1132,902,983,933,961,1171
1133,871,931,901
1134,1186,1034,1052,1239,1394
1135,1364,1258,1254
1136,1364,1258,1254
1137,1356,1404,1278
1138,936,865,1096,1102,938
1139,1433,1330,1294
1140,915,957,980
1141,1297,1274,1144
1142,880,900,986,1000,1099,1360,1293
1143,1030,897,1048,1126
1144,1141,1148,1271,1222,1361,1285,1318,1244,1384
1145,1005,1044,1170
1146,1019,978,1114,1116,974
1147,967,1066,1350,1250,1175
1148,1297,1274,1144
1149,1193,1267,1336,1484,1351,1359
1150,961,1100,1366,1334,1298
1151,1085,988,1216,1021,1042
1152,1034,1191,1052,1124,1320,1199,1321,1190
1153,972,992,924,1051,1218,1305,1353,1182
1154,1125,1272,1287,1204,1346,1380,1303
1155,1094,962,951,1096,1041,938
1156,981,1057,1013,1119,1259,1215,1370,1299,1235
1157,915,957,980
1158,943,1123,1098,1036,1080,1210,1172,1260
1159,1005,1044,1170
1160,1191,1394,1442,1292
1161,1318,1224,1384,1255,1385
1162,902,983,933,961,1171
1163,1090,1286,1345,1410,1342
1164,1084,965,1084,1203,1411,1321,1324
1165,1102,962,951
1166,879,954,1246,1314
1167,1094,962,951,1096,1041,938
1168,1078,965,1201,1078
1169,1388,1243,1400,1421
1170,925,1037,988,1095,1145,1159,1010
1171,959,902,916,973,1162,1132,1460,1326,1279,1379,1402
1172,1158,1073,1017,1299,1179,1432,1266,1372
1173,1015,920,1054,985,1089,1116,976
1174,1356,1404,1278
1175,1147,1314,1357,1268,1185,1430,1340
1176,915,957,980
1177,926,1012,1015,1178
1178,1008,923,1014,1177
1179,1172,1333,1332,1261,1388
1180,1041,1102,938,1118,930
1181,975,1007,1130
1182,1316,1153,1244,1385,1367,1308,1439
1183,1081,1065,1214,1360,1293
1184,972,992,924,1051,1218,1240,1092
1185,1236,1350,1175,1428
1186,966,1046,1275,1229,1134,1242,1219,1322
1187,1089,994,971,1004
1188,943,1123,1098,1241,1093,1243,1333,1332
1189,956,1061,921
1190,1152,1219,1322,1310,1406
1191,966,1046,1152,1265,1323,1160,1478,1420
1192,967,1066,1045,1236
1193,1364,1149,1254
1194,1105,903,1105,1273
1195,1433,1330,1294
1196,981,1057,1013,1370,1299,1235
1197,1024,949,947,1114,1234,1055,1088
1198,1222,1361,1285,1318,1244,1384
1199,1079,1242,1152,1322,1300,1396,1349
1200,1109,947,1116,1122,974
1201,1029,1040,1168,1263,1406,1242,1448,1449
1202,1205,1078,1411,1321,1324
1203,1029,1053,1164,1263
1204,1218,1309,1154,1290
1205,1029,1040,1029,1053,1310,1129,1202
1206,1019,978,1114,1116,974
1207,955,1117,1028,1061,1059,1377,1469,1302
1208,1089,994,971,1004
1209,1082,976,1114,1122,974
1210,930,1096,1091,1127,990,1158,1002
1211,1118,1127,990
1212,1457,1282,1378,1373,1446,1471
1213,1080,1071,1016
1214,955,1117,1028,1061,1059,1183,1284
1215,1261,1049,1156
1216,893,1047,1058,1044,1151,1345,1410,1342
1217,1247,1362,1395,1539,1437,1436
1218,1153,999,1184,1287,1204,1346,1380,1303
1219,1043,1186,1321,1190
1220,1000,1087,1022
1221,903,1074,913,1062,1074,1223
1222,1297,1198,1144
1223,1020,1011,1221,1354
1224,1161,1305,1427,1245
1225,1234
1226,1433,1330,1294
1227,1255,1367,1439
1228,1095,1021,1042,1262,1444
1229,1186,1034,1052,1239,1394
1230,1109,1055,1088,1295
1231,967,1066,1045,1236
1232,1120,1051,1290,1391,1248
1233,1356,1404,1278
1234,1023,1056,1197,1371,1280,1225
1235,1196,1049,1156,1388,1243,1400,1421
1236,1063,1192,1231,1357,1268,1185,1430,1340
1237,1079,1113,1265,1300,1396,1349,1310,1406
1238,1391,1387,1270
1239,1113,1229,1134,1478,1420,1478,1508
1240,1125,999,1184,1244,1385,1367,1308,1439
1241,1118,1002,1188,1073,1017
1242,1043,1186,1124,1320,1199,1411,1201,1324
1243,1083,1188,1370,1169,1235,1432,1266,1372
1244,1198,1274,1144,1240,1353,1182,1427,1245
1245,1244,1224,1384,1431,1522
1246,1166,1045,1429,1281,1428
1247,1433,1217,1294
1248,1232,1380,1499,1325,1426
1249,1493,1520,1422
1250,1147,1314,1430,1340
1251,1303,1499,1426
1252,1487,1565,1525
1253,1109,1055,1088,1295
1254,1135,1075,1136,1193,1267,1336,1484,1351,1359
1255,1120,1092,1297,1161,1375,1301,1227,1382
1256,1020,1011,1027,1020
1257,1512,1392
1258,1135,1075,1136,1484,1351,1359
1259,1261,1049,1156
1260,1158,1073,1017,1277,1083
1261,981,1057,1013,1119,1259,1215,1277,1179,1529,1344
1262,1228,1410,1342,1470,1509
1263,1201,1078,1084,1203
1264,1125,1272,1380,1303
1265,1034,1191,1052,1237,1043
1266,1243,1172,1332,1551,1399
1267,1364,1149,1254
1268,1236,1350,1175,1428
1269,1461,1527,1365
1270,1238,1303,1499,1426
1271,1297,1274,1144
1272,1120,1051,1309,1264,1154
1273,1027,1020,1194,1354
1274,1141,1148,1271,1318,1244,1384
1275,1186,1034,1052,1442,1292,1442,1561
1276,1493,1520,1422
1277,1104,1260,1261,1388,1551,1399
1278,1137,1233,1174,1457,1282,1378,1373,1446,1471
1279,1366,1171,1298,1510,1466,1532
1280,1234
1281,1246,1430,1415,1401,1517
1282,1212,1404,1278,1435,1472,1541
1283,1091,1289
1284,1081,1065,1214,1363,1424,1560,1511,1451
1285,1297,1198,1144
1286,1095,1021,1042,1335,1163
1287,1218,1309,1154
1288,961,1100,1461,1328,1510,1466,1532
1289,1080,1071,1016,1131,1283
1290,1232,1204,1346
1291,1315,1488,1424,1579,1486
1292,1275,1160,1478,1508
1293,1142,1183,1377,1469,1302
1294,1139,1195,1226,1247,1362,1395,1539,1437,1436
1295,1115,1253,1230
1296,1461,1527,1365
1297,1141,1148,1271,1222,1361,1285,1255,1385,1431,1522
1298,1150,1086,1460,1326,1279,1379,1402
1299,1196,1049,1156,1172,1333,1332,1400,1421
1300,1237,1124,1199
1301,1255,1367,1439
1302,1207,1293,1363,1424,1560,1511,1451
1303,1218,1264,1154,1251,1387,1270,1573,1500
1304,1435,1472,1541
1305,1316,1153,1318,1224,1384,1367,1308,1439
1306,1333,1551,1591,1464
1307,1512,1331
1308,1305,1240,1182,1382
1309,1125,1272,1287,1204,1346,1499,1325,1426
1310,1205,1078,1237,1190,1549,1403
1311,1431,1504,1574,1477,1538,1584
1312,1452,1423,1590,1462,1528
1313,1340,1415,1517,1596,1455,1492
1314,1166,1045,1350,1250,1175
1315,1473,1291,1386,1554,1498
1316,1120,1092,1305,1353,1182
1317,1343,1542,1622,1530
1318,1198,1274,1144,1161,1305,1496,1493,1338
1319,1493,1520,1422
1320,1079,1242,1152,1322
1321,1164,1129,1202,1152,1219,1322,1448,1449
1322,1043,1186,1124,1320,1199,1321,1190
1323,1191,1394,1394,1561
1324,1164,1129,1202,1406,1242,1448,1449
1325,1309,1248,1573,1500
1326,1366,1171,1298,1510,1466,1532
1327,1340,1401,1517,1476,1553
1328,1288,1402,1501,1418,1543
1329,1441,1474,1581,1454
1330,1139,1195,1226,1539,1437,1436
1331,1450,1307,1544,1559
1332,1083,1188,1299,1179,1432,1266,1372
1333,1083,1188,1299,1179,1485,1306,1621,1568
1334,1150,1086,1379,1402,1589,1434
1335,1090,1286,1470,1509
1336,1364,1149,1254
1337,1501,1379,1543,1482,1570,1563
1338,1522,1318,1438,1504,1574,1447,1572
1339,1512,1392
1340,1236,1250,1175,1490,1390,1313,1327,1491
1341,1431,1572,1454,1576,1578
1342,1216,1163,1262,1444
1343,1539,1317,1436,1555,1593
1344,1261,1421,1531,1613,1534
1345,1216,1163,1441,1582,1414
1346,1218,1309,1154,1290
1347,1109,1055,1088
1348,1481,1537,1564,1580
1349,1237,1124,1199
1350,1147,1314,1357,1268,1185,1415,1401,1517
1351,1149,1258,1254,1487,1565,1525
1352,1460,1589
1353,1316,1153,1244,1385
1354,1074,1223,1105,1273
1355,1472,1356,1541,1476,1601
1356,1137,1233,1174,1373,1446,1471,1521,1355,1417,1550
1357,1236,1350,1175
1358,1441,1474,1581,1454
1359,1149,1258,1254,1487,1565,1525
1360,1142,1183,1473,1443,1604,1609
1361,1297,1198,1144
1362,1433,1217,1294
1363,1284,1469,1302,1473,1443
1364,1135,1075,1136,1193,1267,1336,1540,1475,1566,1628
1365,1296,1389,1269,1501,1379,1543,1482,1570,1563
1366,1150,1086,1460,1326,1279,1501,1418,1543
1367,1305,1240,1182,1375,1301,1227
1368,1397,1581,1447,1576,1578
1369,1401,1596,1492
1370,1196,1049,1156,1388,1243,1531,1613,1534
1371,1234
1372,1243,1172,1332,1551,1399
1373,1356,1212,1278
1374,1452,1423,1590,1462,1528
1375,1255,1367,1439
1376,1481,1537,1564,1580
1377,1207,1293,1560,1511,1451,1579,1383,1486
1378,1212,1404,1278,1435,1472,1541
1379,1171,1334,1298,1527,1337,1365,1592,1440
1380,1218,1264,1154,1391,1248
1381,1415,1553,1601,1435,1505,1495,1605
1382,1255,1308,1439
1383,1377,1443,1554,1498,1608,1631
1384,1198,1274,1144,1161,1305,1427,1245
1385,1297,1161,1240,1353,1182
1386,1315,1488,1424,1579,1486
1387,1238,1303,1499,1426
1388,1277,1179,1370,1169,1235
1389,1461,1527,1365
1390,1340,1415,1517,1596,1455,1492
1391,1238,1232,1380
1392,1339,1257,1544,1559
1393,1408,1458,1639,1659,1571
1394,1113,1229,1134,1323,1160,1323,1508
1395,1433,1217,1294
1396,1237,1124,1199
1397,1470,1405,1533,1368
1398,1424,1579,1486
1399,1277,1266,1372,1621,1568,1621,1660
1400,1299,1169,1235,1577,1468,1696,1616,1623
1401,1350,1281,1327,1491,1518,1453,1369,1644,1627,1602
1402,1171,1334,1298,1461,1328
1403,1310,1449,1603,1585,1513
1404,1137,1233,1174,1457,1282,1378
1405,1397,1474,1444,1582,1414
1406,1237,1190,1411,1201,1324
1407,1476,1495,1605,1512,1503,1617
1408,1393,1452
1409,1558,1515,1514,1645
1410,1216,1163,1262,1444
1411,1164,1129,1202,1406,1242,1603,1585,1513
1412,1505,1503,1617
1413,1610,1479,1583,1619,1662
1414,1405,1445,1345,1509,1666,1588,1598
1415,1350,1281,1490,1390,1313,1521,1535,1381
1416,1590,1462,1528
1417,1435,1356,1541,1569,1575
1418,1328,1366,1592,1440
1419,1533,1651,1594
1420,1191,1239,1442,1561
1421,1299,1169,1235,1529,1344
1422,1276,1249,1319,1431,1504,1574,1477,1538,1584
1423,1497,1374,1312
1424,1284,1469,1302,1398,1291,1386,1608,1631
1425,1537,1564,1580
1426,1309,1248,1251,1387,1270,1573,1500
1427,1244,1224,1384,1438,1504,1574,1447,1572
1428,1246,1268,1185
1429,1246,1430,1596,1455,1492,1476,1553
1430,1236,1250,1175,1429,1281
1431,1297,1245,1311,1520,1422,1533,1341
1432,1243,1172,1332,1591,1464,1591,1694
1433,1139,1195,1226,1247,1362,1395,1555,1593,1698,1640
1434,1334,1466,1532
1435,1304,1282,1378,1417,1550,1491,1535,1381
1436,1217,1330,1294,1343,1542,1622,1530
1437,1217,1330,1294,1622,1530,1540,1646,1494
1438,1496,1427,1338
1439,1305,1240,1182,1375,1301,1227,1382
1440,1379,1418,1543,1607,1658
1441,1489,1358,1329,1345,1509,1666,1588,1598
1442,1275,1160,1275,1420
1443,1360,1363,1579,1383,1486
1444,1228,1410,1342,1405,1445,1666,1588,1598
1445,1444,1582,1414,1581,1454
1446,1356,1212,1278
1447,1427,1493,1338,1489,1368,1651,1507,1594
1448,1321,1201,1324,1587,1673
1449,1321,1201,1324,1549,1403
1450,1512,1331
1451,1284,1377,1302,1604,1609
1452,1497,1374,1312,1408,1458
1453,1401,1596,1492
1454,1445,1358,1329,1341,1496,1651,1507,1594
1455,1429,1390,1313,1644,1627,1602
1456,1665,1689,1615
1457,1212,1404,1278,1476,1601,1569,1575
1458,1393,1452
1459,1647,1652,1638
1460,1366,1171,1298,1352,1463
1461,1296,1389,1269,1288,1402,1482,1570,1563,1607,1658
1462,1416,1374,1312,1639,1659,1571
1463,1460,1589
1464,1432,1306,1621,1660
1465,1647,1652,1638
1466,1288,1326,1279,1589,1434
1467,1647,1652,1638
1468,1400,1613,1534,1583,1632
1469,1207,1293,1363,1424
1470,1335,1262,1397,1474,1671,1655,1722
1471,1356,1212,1278
1472,1304,1282,1378,1521,1355,1558,1667,1516
1473,1360,1363,1315,1488,1717,1606
1474,1489,1358,1329,1470,1405
1475,1565,1364,1525,1555,1567
1476,1429,1327,1457,1355,1544,1547,1407
1477,1493,1311,1422
1478,1191,1239,1239,1292
1479,1597,1413
1480,1533,1651,1594
1481,1536,1376,1348
1482,1461,1337,1365
1483,1665,1689,1615
1484,1149,1258,1254,1555,1567,1708,1626
1485,1333,1551,1551,1694,1634
1486,1398,1291,1386,1377,1443,1608,1631
1487,1252,1351,1359,1542,1646,1494,1566,1628
1488,1473,1291,1386
1489,1441,1474,1447,1576,1578
1490,1340,1415,1517
1491,1340,1401,1517,1601,1435,1505,1495,1605
1492,1429,1390,1313,1518,1453,1369,1644,1627,1602
1493,1276,1249,1319,1522,1318,1447,1572,1477,1538,1584
1494,1567,1487,1437,1593,1682,1703,1661
1495,1491,1521,1381,1544,1547,1407
1496,1522,1318,1438,1504,1574,1454,1576,1578
1497,1452,1423,1690,1636,1715,1654
1498,1383,1315
1499,1309,1248,1251,1387,1270
1500,1303,1325,1426
1501,1328,1366,1527,1337,1365,1664,1665,1545
1502,1648,1687,1701,1637
1503,1535,1547,1407,1412,1559
1504,1496,1427,1338,1311,1520,1422
1505,1491,1521,1381,1412,1559
1506,1549,1673,1637,1735,1686
1507,1454,1447,1578,1702
1508,1239,1292,1394,1561
1509,1335,1262,1441,1582,1414
1510,1288,1326,1279
1511,1284,1377,1302,1604,1609
1512,1339,1257,1450,1307,1535,1547,1407
1513,1403,1411,1587,1673
1514,1537,1409,1580,1693,1680
1515,1564,1409,1580,1569,1562
1516,1472,1575,1562,1537,1668,1716,1692
1517,1350,1281,1490,1390,1313,1327,1491
1518,1401,1596,1492
1519,1656,1577,1523
1520,1276,1249,1319,1431,1504,1574
1521,1472,1356,1541,1415,1553,1505,1495,1605
1522,1297,1245,1496,1493,1338
1523,1632,1531,1519,1619,1662,1729,1635
1524,1665,1689,1615
1525,1252,1351,1359,1540,1475,1566,1628
1526,1607,1675,1723,1649,1697,1730
1527,1296,1389,1269,1501,1379,1543
1528,1416,1374,1312,1639,1659,1571
1529,1261,1421,1583,1632,1677,1557,1614,1688
1530,1437,1317,1436,1698,1640
1531,1344,1370,1656,1597,1523,1696,1616,1623
1532,1288,1326,1279,1589,1434
1533,1397,1581,1431,1572,1548,1419,1480,1702
1534,1344,1370,1577,1468,1696,1616,1623
1535,1415,1553,1601,1435,1512,1503,1617
1536,1481,1569,1562,1693,1680
1537,1425,1376,1348,1514,1645,1550,1667,1516
1538,1493,1311,1422
1539,1217,1330,1294,1343,1542,1672,1705,1734
1540,1565,1364,1525,1437,1593,1682,1703,1661
1541,1304,1282,1378,1521,1355,1417,1550
1542,1539,1317,1436,1567,1487,1682,1703,1661
1543,1328,1366,1527,1337,1365,1592,1440
1544,1392,1331,1476,1495,1605
1545,1658,1501,1630,1720,1624,1675,1723
1546,1583,1619,1662
1547,1476,1495,1605,1512,1503,1617
1548,1533,1651,1594
1549,1310,1449,1669,1506
1550,1435,1356,1541,1562,1537,1668,1716,1692
1551,1277,1266,1372,1485,1306,1485,1660
1552,1607,1720,1643,1727,1726
1553,1429,1327,1521,1535,1381
1554,1383,1315
1555,1433,1343,1484,1475,1741,1629,1678
1556,1670,1684,1733,1643
1557,1529,1696,1623
1558,1564,1409,1580,1472,1575,1668,1716,1692
1559,1392,1331,1505,1503,1617
1560,1284,1377,1302
1561,1275,1420,1323,1508
1562,1536,1515,1550,1667,1516
1563,1461,1337,1365
1564,1425,1376,1348,1558,1515,1648,1749,1663
1565,1252,1351,1359,1540,1475,1690,1754,1709
1566,1487,1364,1525,1708,1626
1567,1484,1475,1542,1646,1494
1568,1333,1399,1591,1694
1569,1457,1417,1536,1515,1653
1570,1461,1337,1365
1571,1393,1462,1528,1690,1636,1715,1654
1572,1427,1493,1338,1533,1341
1573,1303,1325,1426
1574,1496,1427,1338,1311,1520,1422
1575,1457,1417,1558,1667,1516
1576,1341,1496,1489,1368
1577,1400,1613,1534,1519,1619,1662,1729,1635
1578,1341,1496,1489,1368,1651,1507,1594
1579,1398,1291,1386,1377,1443,1752,1718,1725
1580,1425,1376,1348,1558,1515,1514,1645
1581,1445,1358,1329,1533,1368
1582,1405,1445,1345,1509,1650,1691
1583,1413,1546,1529,1468,1759,1746
1584,1493,1311,1422
1585,1403,1411,1587,1673
1586,1620,1733,1630,1727,1726
1587,1448,1585,1513,1652,1599,1731,1747,1760
1588,1444,1441,1414,1671,1655,1722
1589,1352,1463,1334,1466,1532
1590,1416,1374,1312,1719,1612,1708,1695
1591,1432,1306,1432,1568
1592,1379,1418,1543,1630,1720,1624,1675,1723
1593,1433,1343,1540,1646,1494
1594,1548,1419,1480,1454,1447,1578,1702
1595,1670,1684,1733,1643
1596,1429,1390,1313,1518,1453,1369
1597,1610,1479,1632,1531,1729,1635
1598,1444,1441,1414,1671,1655,1722
1599,1618,1701,1587,1735,1686
1600,1622,1705,1734
1601,1457,1355,1491,1535,1381
1602,1401,1455,1492
1603,1403,1411,1637,1735,1686
1604,1360,1511,1451
1605,1491,1521,1381,1544,1547,1407
1606,1473,1608,1752,1718,1725
1607,1461,1440,1526,1689,1615,1700,1552
1608,1424,1383,1486,1717,1606
1609,1360,1511,1451
1610,1597,1413
1611,1654,1761,1724,1714,1744
1612,1590,1715,1681,1761,1724
1613,1344,1370,1577,1468
1614,1529,1696,1623
1615,1483,1456,1524,1607,1675,1723,1649,1697,1730
1616,1531,1400,1534,1688
1617,1535,1547,1407,1412,1559
1618,1669,1599,1693,1625
1619,1413,1546,1656,1577,1523
1620,1700,1586,1714,1641
1621,1333,1399,1399,1464,1634
1622,1437,1317,1436,1685,1600,1713,1704,1736,1642
1623,1531,1400,1534,1677,1557,1614,1688
1624,1664,1592,1545
1625,1618,1687,1645,1749,1663
1626,1484,1566,1690,1754,1709
1627,1401,1455,1492
1628,1487,1364,1525,1695,1639,1779,1758,1755
1629,1555,1703,1661,1751,1769
1630,1592,1665,1545,1683,1586
1631,1424,1383,1486,1748,1674,1707,1776,1740
1632,1529,1468,1656,1597,1523
1633,1698,1736,1642,1738,1772
1634,1621,1485
1635,1577,1597,1523,1759,1746
1636,1659,1497,1571,1708,1695
1637,1506,1603,1647,1502,1638,1731,1747,1760
1638,1459,1465,1467,1648,1687,1701,1637
1639,1393,1462,1528,1715,1654,1628,1754,1709
1640,1433,1530,1672,1705,1734
1641,1620,1684,1721,1745,1676
1642,1672,1622,1734,1743,1710,1633
1643,1657,1556,1595,1552,1664
1644,1401,1455,1492
1645,1537,1409,1580,1625,1647,1768,1766,1765
1646,1567,1487,1437,1593,1751,1769
1647,1459,1465,1467,1701,1637,1645,1749,1663
1648,1652,1502,1638,1564,1680,1768,1766,1765
1649,1665,1526,1615
1650,1582,1655,1722,1679,1699
1651,1548,1419,1480,1454,1447,1578
1652,1459,1465,1467,1648,1687,1587,1735,1686
1653,1569,1716,1692
1654,1639,1497,1571,1611,1721,1753,1774,1771
1655,1470,1588,1598,1650,1691
1656,1632,1531,1519,1619,1662,1740,1762,1780
1657,1733,1643,1721,1745,1676
1658,1461,1440,1664,1665,1545
1659,1393,1462,1528,1690,1636,1681,1761,1724
1660,1399,1464,1551,1694
1661,1542,1540,1494,1741,1629,1678
1662,1413,1546,1656,1577,1523
1663,1564,1680,1625,1647,1768,1766,1765
1664,1658,1501,1624,1675,1723,1643,1727,1726
1665,1483,1456,1524,1658,1501,1630,1720,1649,1697,1730
1666,1444,1441,1414,1679,1699
1667,1472,1575,1562,1537
1668,1550,1558,1516
1669,1549,1673,1618,1701,1711
1670,1683,1556,1595,1681,1744
1671,1470,1588,1598
1672,1640,1539,1704,1736,1642
1673,1448,1585,1513,1669,1506
1674,1631,1752,1725
1675,1664,1592,1545,1526,1689,1615
1676,1641,1657,1681,1744
1677,1529,1696,1623
1678,1555,1703,1661,1751,1769
1679,1666,1650
1680,1536,1514,1648,1749,1663
1681,1659,1612,1670,1745,1676,1753,1774,1771
1682,1542,1540,1494,1764,1784
1683,1670,1684,1630,1727,1726
1684,1683,1556,1595,1714,1641
1685,1622,1705,1734
1686,1506,1603,1652,1599,1731,1747,1760
1687,1652,1502,1638,1693,1625
1688,1529,1616,1623
1689,1483,1456,1524,1607,1675,1723
1690,1659,1497,1571,1565,1626,1779,1758,1755
1691,1582,1655,1722
1692,1550,1558,1516,1653
1693,1536,1514,1618,1687
1694,1432,1568,1485,1660
1695,1590,1636,1628,1754,1709
1696,1531,1400,1534,1677,1557,1614
1697,1665,1526,1615
1698,1433,1530,1743,1710,1633
1699,1666,1650
1700,1607,1720,1620,1733
1701,1647,1502,1638,1669,1599
1702,1533,1507,1594
1703,1542,1540,1494,1741,1629,1678
1704,1672,1622,1734,1773,1782
1705,1640,1539,1685,1600,1713,1738,1772
1706,1717,1776,1729,1762,1780
1707,1631,1752,1725
1708,1484,1566,1590,1636,1777,1756,1732,1789,1778,1781
1709,1565,1626,1695,1639,1779,1758,1755
1710,1698,1736,1642,1738,1772
1711,1669,1747,1760
1712,1775,1767,1785
1713,1622,1705,1734
1714,1620,1684,1719,1611
1715,1639,1497,1571,1719,1612
1716,1550,1558,1516,1653
1717,1473,1608,1759,1706
1718,1579,1606,1776,1740
1719,1590,1715,1714,1744,1737
1720,1592,1665,1545,1700,1552
1721,1641,1657,1654,1761,1724
1722,1470,1588,1598,1650,1691
1723,1664,1592,1545,1526,1689,1615
1724,1659,1612,1611,1721,1753,1774,1771
1725,1579,1606,1748,1674,1707,1776,1740
1726,1552,1664,1683,1586
1727,1552,1664,1683,1586
1728,1740,1729,1780,1775,1788,1787
1729,1577,1597,1523,1752,1706,1783,1728,1763
1730,1665,1526,1615
1731,1637,1587,1686
1732,1708,1779,1755
1733,1657,1556,1595,1700,1586
1734,1640,1539,1685,1600,1713,1704,1736,1642
1735,1506,1603,1652,1599
1736,1672,1622,1734,1743,1710,1633
1737,1719,1774,1771
1738,1705,1710,1633,1773,1782
1739,1775,1767,1785
1740,1631,1718,1725,1746,1656,1783,1728,1763
1741,1555,1703,1661
1742,1783,1757,1786
1743,1698,1736,1642
1744,1719,1611,1670,1745,1676
1745,1641,1657,1681,1744
1746,1583,1635,1740,1762,1780
1747,1637,1587,1686,1711
1748,1631,1752,1725
1749,1564,1680,1625,1647
1750,1775,1767,1785
1751,1646,1629,1678,1764,1784
1752,1579,1606,1748,1674,1707,1729,1762,1780
1753,1654,1681,1724
1754,1565,1626,1695,1639
1755,1628,1690,1709,1777,1756,1732,1789,1778,1781
1756,1708,1779,1755
1757,1742,1767,1785,1762,1788,1787
1758,1628,1690,1709,1789,1778,1781
1759,1583,1635,1717,1776,1775,1788,1787
1760,1637,1587,1686,1711
1761,1659,1612,1611,1721
1762,1746,1656,1752,1706,1770,1757,1786
1763,1740,1729,1780,1775,1788,1787
1764,1682,1751
1765,1645,1648,1663
1766,1645,1648,1663
1767,1750,1712,1739,1783,1757,1786
1768,1645,1648,1663
1769,1646,1629,1678
1770,1762,1788,1787
1771,1654,1681,1724,1737
1772,1705,1710,1633
1773,1704,1738
1774,1654,1681,1724,1737
1775,1750,1712,1739,1759,1728,1763
1776,1631,1718,1725,1759,1706
1777,1708,1779,1755
1778,1708,1758,1755
1779,1628,1690,1709,1777,1756,1732
1780,1746,1656,1752,1706,1783,1728,1763
1781,1708,1758,1755
1782,1704,1738
1783,1740,1729,1780,1742,1767,1785
1784,1682,1751
1785,1750,1712,1739,1783,1757,1786
1786,1742,1767,1785,1762,1788,1787
1787,1759,1728,1763,1770,1757,1786
1788,1759,1728,1763,1770,1757,1786
1789,1708,1758,1755
