ID,two bonds apart neighbours IDs
0,16,6,4
1,5,18
2,25,17,12
3,33,16
4,16,6,0
5,14,30,1,18
6,16,4,0,23,31
7,21
8,43,15,22
9,18,34,25
10,40,13,19
11,23,27,45
12,25,17,2
13,40,19,10
14,47,50,29,5,30
15,43,8,22
16,6,4,0,33,3
17,25,2,12
18,34,25,9,5,1
19,40,13,10
20,53,41,52
21,54,38,51,7
22,43,8,15
23,6,31,39,37,27,11,45
24,43,47
25,18,34,9,36,17,2,12
26,46,65
27,23,11,45
28,68,44
29,47,14,50
30,5,14
31,23,6
32,40
33,38,56,3,16,60,67,42
34,18,25,9,53,35
35,53,34
36,25
37,80,40,49,23,39
38,54,21,51,33,56
39,23,37
40,37,80,49,32,13,19,10
41,53,20,52
42,33,60,67
43,61,62,24,47,8,15,22
44,68,28,87,63
45,23,27,11
46,69,89,65,26
47,14,50,29,43,24
48,79,68,77
49,37,80,40
50,47,14,29,64,57
51,54,38,21
52,53,41,20
53,34,35,90,95,41,20,52
54,38,21,51,79,58
55,100,72
56,33,38
57,50,64
58,79,54
59,70,102
60,33,67,42
61,108,69,84,43,62
62,43,61
63,44,87
64,50,57
65,46,26,89,110,75
66,101,91,82
67,33,60,42
68,79,48,77,44,28,87,112
69,108,61,84,46,89
70,151,96,102,59
71,125,78,76
72,100,55,119,155
73,124,101,92
74,83,105,104
75,65
76,125,78,71
77,79,68,48
78,125,71,76
79,142,111,58,54,68,48,77
80,37,40,49,139,85
81,129,134,137
82,101,91,66
83,93,132,107,105,74,104
84,108,61,69
85,139,80
86,115,114
87,44,63,68,112
88,127,144,124
89,65,110,69,46
90,53,95
91,101,66,82
92,124,101,73
93,116,157,120,83,132,107
94,129,127
95,173,162,141,53,90
96,151,70
97,133,106,135,103
98,159,102
99,169,136,109
100,155,189,72,55
101,124,73,92,91,66,82
102,159,98,190,151,70,59
103,97,135
104,83,105,74
105,83,74,104
106,133,97
107,93,83,132
108,61,69,84,200,143
109,169,136,99
110,65,89
111,79,142
112,87,68
113,191,125,122,116,147
114,115,86,162,133
115,135,114,86
116,113,147,130,193,93,157,120
117,174,166,167
118,169,185
119,190,180,155,72
120,116,93,157
121,184,185,174
122,191,113,125
123,125,182,128
124,127,144,88,101,73,92
125,191,113,122,182,123,128,78,71,76
126,148,210,196,145,154
127,144,124,88,129,94
128,125,182,123
129,229,202,94,127,134,81,137
130,116,193
131,199,214
132,93,83,107
133,162,114,97,106
134,129,81,137
135,139,160,211,115,97,103
136,169,99,109,171,138,186,161
137,129,134,81
138,136,171
139,80,85,152,226,135,160,211
140,218,197,163
141,95,173,162
142,237,218,188,79,111
143,200,108
144,127,124,88,219,201
145,126,154,186,178
146,154,209
147,116,113
148,210,126,196,156,228
149,221,207
150,206,184
151,102,190,70,96
152,139,226
153,156,230,158
154,171,220,126,145,209,146
155,119,72,240,159,100,189
156,176,208,228,148,230,153,158
157,116,93,120
158,156,230,153
159,240,155,102,98
160,139,135,211
161,186,136,234,215
162,95,173,141,133,114
163,218,197,140
164,221,232
165,224
166,174,117,167
167,174,166,117
168,253,175
169,185,118,242,213,136,99,109
170,206,268,203
171,136,138,154,220
172,248,217
173,95,162,141,280,244
174,184,185,121,247,166,117,167
175,253,168,273,198
176,272,205,183,156,208
177,200,284,231
178,145,186
179,212,282
180,190,119
181,257,210
182,125,123,128
183,272,176,205
184,185,174,121,206,150
185,184,174,121,169,118
186,145,178,136,161,234,243
187,249,256
188,237,142,218
189,155,100
190,257,245,283,119,180,102,151
191,113,125,122,308,222
192,291,204
193,258,254,195,116,130
194,217
195,193,258,254
196,148,210,126
197,218,140,163
198,175,273
199,302,299,214,131
200,289,235,143,108,284,177,231
201,219,144
202,129,229
203,206,268,170
204,291,192
205,272,176,183,322,264,286
206,322,295,150,184,268,170,203
207,221,149
208,156,176
209,154,146,220,263
210,148,126,196,257,181
211,139,135,160
212,325,238,282,179
213,340,240,269,169,242
214,199,131,302,312
215,161,234
216,304
217,248,172,349,294,194
218,237,142,188,334,267,327,197,140,163
219,144,201,236,338
220,209,263,171,154
221,346,317,232,164,207,149
222,308,191
223,280,342,250
224,316,227,319,233,165
225,341,299,259
226,306,270,335,139,152
227,316,224
228,156,148
229,384,339,301,129,202
230,156,153,158
231,200,284,177
232,221,164
233,224,319
234,161,215,186,243
235,200,289
236,219,338
237,142,218,188,365,290
238,325,212
239,368,304,265
240,213,340,269,159,155
241,307,373,300
242,169,213
243,234,186
244,280,173
245,257,190,283
246,406,272
247,174
248,408,349,217,172
249,358,344,256,187
250,280,342,223
251,285,389
252,360,370
253,386,273,275,381,175,168
254,193,258,195
255,395,261,274
256,249,187,358,351
257,210,181,407,350,190,245,283
258,193,254,195,421,359
259,341,299,225
260,298,385
261,395,274,255
262,376,355,354
263,209,220
264,205,322,286
265,368,304,239
266,341,390
267,218,334,327
268,206,170,203,272,382,363
269,213,340,240
270,226,306,335,416,364
271,341,357
272,176,205,183,268,382,363,406,246
273,175,198,386,253
274,395,261,255
275,321,314,422,381,253
276,415,398
277,398,390,368
278,370,387,401
279,380,411,305
280,173,244,310,356,342,250,223
281,432,366,328
282,212,179,325,423
283,257,190,245
284,200,177,231,397,371,293
285,348,394,433,389,251
286,205,322,264
287,425,412,436
288,357,315,514
289,336,392,427,200,235
290,365,237
291,459,331,318,204,192
292,365,387
293,284,397,371
294,217,349
295,413,434,454,206,322
296,308,332,418
297,443,340
298,385,260,424,372
299,341,259,225,386,446,302,199
300,307,373,241
301,384,229,339
302,381,452,299,199,214,312
303,411,438,323
304,368,239,265,216
305,380,411,279
306,226,270,335,419,361
307,373,300,241,380,456
308,447,383,222,191,332,418,296
309,329,393
310,280,356
311,345,377,439
312,214,302
313,461,342
314,321,275,422,360,404
315,357,514,288,353,442
316,450,319,224,227
317,346,221
318,459,291,331
319,224,233,450,316
320,415,373
321,314,275,422,348,477
322,205,264,286,206,295
323,411,438,303
324,366,441
325,443,378,469,212,238,282,423
326,479,385,333
327,218,334,267
328,432,366,281
329,486,343,347,393,309
330,401
331,459,291,318
332,308,418,296
333,479,385,326,362,449,466
334,218,267,327
335,226,306,270
336,289,392,427,353,460
337,415,485,430
338,517,432,405,219,236
339,384,229,301,379
340,213,240,269,443,297
341,390,266,271,357,299,259,225
342,280,250,223,510,402,461,313
343,486,329,347
344,358,249
345,421,448,499,377,439,311
346,493,498,473,221,317
347,486,329,343
348,352,465,477,321,285,394,433
349,217,294,408,248
350,503,408,482,257,407
351,256,358
352,372,414,488,348,465
353,315,442,460,336,374,369,480
354,376,355,262
355,376,354,262
356,417,403,492,280,310
357,315,514,288,341,271
358,538,437,440,249,344,256,351
359,421,258
360,314,404,252,370,518,627,506
361,419,306
362,333,449,466,484,489,400
363,268,272,382
364,524,464,270,416
365,387,292,290,237
366,432,328,281,441,324
367,485,483,426
368,398,390,277,304,239,265
369,353,374,480
370,387,401,278,360,252
371,284,397,293
372,352,414,488,298,424
373,307,300,241,415,320
374,353,369,480
375,395,520
376,525,528,505,355,354,262
377,345,439,311,431,501
378,443,325,469
379,339
380,495,526,456,307,411,305,279
381,275,253,302,452
382,268,272,363
383,308,447
384,229,339,301,507,453
385,479,333,326,298,260
386,299,446,253,273
387,370,401,278,365,292
388,441,478
389,285,251
390,398,368,277,341,266
391,502,410,494
392,336,289,427
393,329,309
394,348,285,433
395,520,375,420,413,261,274,255
396,419,467
397,284,371,293
398,390,368,277,415,276
399,406,412
400,362,484,489
401,370,387,278,330
402,342,510
403,356,417,492
404,360,314
405,338,517,432
406,412,399,246,272
407,257,350
408,350,503,482,248,349
409,537,491,428
410,502,391,494
411,380,305,279,438,323,303
412,425,287,436,406,399
413,295,434,454,395,420
414,372,352,488,445,564,511
415,373,320,276,398,485,337,430
416,270,364,524,544
417,356,403,492,507,504
418,308,332,296
419,306,361,396,467
420,395,413
421,258,359,559,540,345,448,499
422,321,314,275
423,282,325
424,298,372
425,412,287,436,532,572
426,485,483,367
427,336,289,392
428,537,491,409
429,545,476
430,415,485,337
431,377,501
432,338,517,405,366,328,281
433,348,285,394
434,413,295,454
435,586,479
436,425,412,287
437,538,358,440
438,411,323,303,527,523,444
439,345,377,311
440,538,358,437
441,366,324,388,478,522,541
442,353,315
443,340,297,534,508,325,378,469
444,438,527,523
445,414,564,511
446,299,386
447,467,548,554,308,383
448,421,345,499
449,333,362,466
450,552,618,546,316,319
451,568,536,455
452,381,302
453,507,384
454,413,295,434
455,568,451,536
456,380,307
457,597,496,472
458,514,533,562
459,589,468,462,291,331,318
460,353,336
461,510,581,342,313
462,589,459,468
463,508,587,582
464,524,364
465,348,352
466,333,362,449
467,447,548,554,419,396
468,589,459,462
469,443,325,378
470,537,503
471,602,530,475
472,597,496,457
473,493,346,498
474,553,613
475,602,530,471
476,545,429
477,348,321
478,441,388
479,385,333,326,586,435
480,353,374,369
481,486,612
482,350,503,408
483,485,367,426
484,362,489,400
485,415,337,430,483,367,426,637,550,611
486,612,481,513,592,329,343,347
487,502,590,560
488,372,352,414
489,362,484,400
490,644,520,515
491,537,428,409
492,356,417,403
493,659,640,629,346,498,473
494,502,391,410
495,678,628,599,380,526
496,597,472,457
497,646,517
498,493,346,473
499,421,345,448
500,594,649,657
501,377,431
502,654,543,631,391,410,494,487,590,560
503,350,408,482,537,470
504,507,417
505,525,528,376
506,360,518,627
507,417,504,453,384,643,509,580
508,587,463,582,443,534
509,507,643,580
510,342,402,461,581
511,414,445,564
512,652,545
513,486,592
514,357,315,288,458,533,562,673,671,655
515,644,520,490
516,658,703,570,563
517,338,432,405,646,497
518,360,627,506
519,647,621,619
520,644,490,515,395,375
521,693,583,576
522,441,541
523,438,527,444
524,416,544,364,464,615
525,528,376,505,647,695
526,380,495
527,438,523,444
528,525,376,505,677,617
529,633,709
530,602,475,471
531,538,632
532,683,713,572,425
533,514,458,562
534,443,508
535,597,702
536,568,451,455
537,503,470,663,579,491,428,409
538,632,531,664,650,358,437,440
539,714,610
540,625,690,721,421,559
541,441,522
542,646,720
543,654,502,631
544,416,524
545,652,512,429,476,699,591
546,552,618,450
547,654,587
548,467,447,554,648,665
549,647,640
550,485,637,611
551,731,557,624
552,618,450,546,682,694
553,634,734,687,474,613
554,467,447,548
555,717,645
556,736,651,565
557,731,551,624
558,747,735
559,421,540
560,502,487,590
561,756,606
562,514,458,533
563,516
564,414,445,511
565,736,651,556
566,724,658
567,729,717,710
568,579,763,715,451,536,455
569,754,652,578
570,658,703,516
571,727,702,729
572,532,425
573,747,703
574,735,746,693
575,745,727
576,693,583,521
577,679,706,772
578,754,652,569
579,763,568,715,537,663
580,507,643,509
581,510,461
582,508,587,463
583,693,576,521
584,603,612,751
585,677,767,764
586,692,730,435,479
587,508,463,582,654,547
588,738
589,722,660,704,603,459,468,462
590,502,487,560
591,545,699
592,787,714,626,486,513
593,745,746
594,649,500,657,675,794
595,755,632,766
596,736,793
597,702,535,620,723,496,472,457
598,797,755
599,678,495,628
600,724,618
601,732,605
602,641,726,799,667,530,475,471
603,612,584,751,589,704
604,811,644
605,732,601
606,756,561,716,821
607,804,786,701
608,720,778,738
609,697,765
610,714,539
611,485,637,550
612,603,584,751,486,481
613,553,474
614,693,733,770
615,524
616,830,711,769,700
617,677,528
618,552,450,546,724,600
619,647,621,519
620,597,723
621,647,619,519
622,777,678
623,646,689,774
624,731,551,557
625,540,690,721,708,783
626,592,787,714
627,360,518,506
628,678,495,599
629,659,640,493
630,672,796
631,654,502,543
632,755,766,595,538,531
633,845,775,709,529
634,745,801,802,553,734,687
635,708,757,807
636,782,685
637,485,550,611
638,781,760
639,820,709
640,659,493,629,647,549
641,650,836,742,602,726
642,786,776,705
643,507,509,580
644,520,490,515,811,604
645,717,555
646,517,497,542,720,689,774,623
647,640,549,695,525,621,619,519
648,548,665
649,594,500,657,777,748
650,641,836,742,538,664
651,736,565,556
652,754,569,578,545,512
653,676,668
654,587,547,833,768,502,543,631
655,514,673,671
656,806,723,792
657,594,649,500
658,703,516,570,724,566
659,640,493,629,788,725
660,589,722
661,666,686
662,804,778
663,537,579
664,538,650
665,548,648
666,689,670,686,661
667,669,791,809,602,799
668,676,653,696,688
669,667,791,809,679,818
670,689,666
671,514,673,655
672,675,707,816,796,630
673,514,671,655
674,691,754,824,675,800
675,674,800,794,594,672,707,816
676,690,696,668,653
677,528,617,857,805,585,767,764
678,495,628,599,777,622
679,669,818,842,691,577,706,772
680,738,771,831
681,847,684,759
682,718,839,694,552,765,850,737
683,841,856,854,532,713
684,847,759,681
685,782,636,766,843
686,666,661,689,698
687,634,553,734
688,668,696
689,646,774,623,666,670,686,698
690,540,625,721,676,696
691,674,754,824,679,842
692,723,853,829,586,730
693,735,746,574,583,576,521,733,614,770
694,682,552
695,647,525
696,668,688,690,676
697,855,808,765,609
698,686,689
699,545,591
700,616
701,804,786,607
702,727,729,571,597,535
703,658,516,570,747,573
704,589,603
705,786,776,642
706,679,577,772
707,675,672,816
708,625,783,870,743,635,757,807
709,820,639,893,845,633,529
710,729,717,567
711,830,616,769,788,878
712,871,763
713,532,683
714,592,787,626,539,610
715,579,763,568
716,893,849,821,606
717,729,710,567,555,645
718,885,876,758,682,839
719,732,835
720,778,738,608,646,542
721,540,625,690
722,793,915,762,589,660
723,692,853,829,806,656,792,597,620
724,618,600,566,658,919,815,875
725,788,659
726,602,641
727,702,729,571,745,575
728,731,814,874
729,727,702,571,717,710,567
730,586,692
731,743,851,881,728,814,874,551,557,624
732,880,761,605,601,835,719
733,693,614,770
734,634,553,687
735,746,693,574,747,558
736,826,909,596,793,651,565,556
737,682,765,850
738,720,778,608,588,771,831,680
739,747,903,812
740,897,828,899
741,936,830
742,650,641,836
743,851,731,881,708,870
744,912,798,846
745,746,593,575,727,634,801,802
746,735,693,574,745,593
747,703,573,558,735,903,739,812
748,853,752,877,777,649
749,856,895,852
750,894,787
751,603,612,584
752,853,748,877
753,917,773
754,691,674,824,652,569,578
755,632,766,595,797,598
756,821,928,606,561
757,708,635,807
758,885,718,876
759,847,684,681
760,781,638
761,880,732
762,793,722,915
763,579,568,715,871,712
764,677,585,767
765,682,850,737,855,898,697,609
766,755,632,595,843,685
767,677,585,764
768,925,940,832,654,833
769,830,711,616
770,693,733,614
771,738,831,680
772,679,577,706
773,917,753
774,646,689,623
775,845,633
776,786,705,642
777,748,649,622,678,806,863,941
778,720,738,608,804,662
779,975,885
780,894,934
781,955,929,840,638,760
782,843,922,685,636,848
783,708,625
784,883,858,927
785,886,967,887
786,804,607,701,776,705,642
787,592,714,626,894,750
788,711,878,725,659,997,960,914
789,847,841
790,804,956
791,667,669,809,913,1020
792,806,723,656
793,722,915,762,736,596
794,675,594
795,895,864,946
796,672,630
797,869,958,598,755,963,907,817
798,912,744,846
799,602,667
800,675,674
801,745,634,802
802,745,634,801
803,968,987
804,778,662,790,956,786,607,701
805,867,896,984,677,857
806,777,863,941,723,656,792
807,708,635,757
808,855,697
809,667,669,791
810,894,935,982
811,828,862,604,644,837,953,823
812,747,903,739
813,961,973,910
814,731,728,874
815,724,919,875
816,675,672,707
817,797,963,907
818,679,669
819,934,1024,888
820,1021,821,709,639
821,716,606,1021,820,756,928
822,892
823,811,837,953
824,691,674,754
825,948,905
826,942,968,1003,736,909
827,879,959
828,897,740,899,811,862
829,723,692,853
830,711,616,769,936,741
831,738,771,680
832,768,925,940
833,654,768
834,943,979,932
835,732,719
836,650,641,742,964,889,1001
837,811,953,823,883,996,866
838,943,884,977
839,682,718
840,955,781,929
841,683,856,854,847,789
842,679,691
843,766,685,782,922
844,903,1027
845,709,893,633,775
846,912,798,744
847,994,872,789,841,684,759,681
848,782
849,893,716
850,682,765,737
851,743,731,881,1000,998
852,856,895,749
853,723,692,829,748,752,877
854,841,683,856
855,765,898,697,808
856,841,683,854,895,749,852
857,677,805
858,883,784,927
859,926,1015
860,892,978
861,1014,923
862,811,828
863,777,806,941
864,895,795,946
865,936,1041
866,837,883,996
867,805,896,984,912,1006
868,997,1009,950
869,1046,1060,952,797,958
870,708,743
871,763,712,882,1005,1076,931,901
872,847,994
873,896
874,731,728,814
875,724,919,815
876,885,718,758,995
877,853,748,752
878,788,711
879,959,827,954,1063
880,1065,900,986,732,761
881,743,851,731
882,871,1005
883,837,996,866,784,858,927
884,943,838,977
885,718,876,758,975,779
886,967,785,887,961,1032
887,886,967,785
888,934,1024,819
889,836,964,1001
890,1073,908,918
891,999,969,1038
892,1019,939,978,860,822
893,1090,1047,1058,716,849,709,845
894,787,750,780,934,935,982,810
895,856,749,852,864,795,946
896,805,867,984,873,989,945,1069
897,828,740,899,1039,1030
898,765,855
899,897,828,740
900,1065,880,986
901,871,1076,931
902,1086,959,916,1100,983,933
903,747,739,812,1027,844,1105,1074
904,999,1064,993
905,948,825,1035,991
906,1018,911,1025
907,797,963,817
908,1073,918,890
909,736,826
910,961,973,813
911,1018,1025,906
912,867,1006,1106,1023,798,744,846
913,791,1020,1105,1062
914,788,997,960
915,793,722,762,1121,957,980
916,1086,959,902
917,936,944,1067,753,773
918,1073,908,890
919,724,815,875,1033
920,1082,1015,1054
921,956,1061,1077
922,843,782
923,1014,861,1008,1111
924,1120,972,992
925,768,940,832,1085,1037
926,1110,1012,1015,859
927,883,784,858
928,821,756
929,955,781,840
930,1118,1096
931,871,1076,901
932,943,834,979
933,902,1100,983
934,1024,819,888,894,780
935,894,982,810
936,1041,865,741,830,917,944,1067
937,1014
938,1096,1041,1102
939,1019,892
940,768,925,832,1101,1133
941,777,806,863
942,826,968,1003,1026,1138
943,1104,1123,1098,838,884,977,834,979,932
944,936,917,1067
945,896,989,1069
946,895,864,795
947,1109,1114
948,1035,1068,905,825
949,1109,1024
950,997,1009,868
951,1102,1094,962
952,1046,869,1060
953,811,837,823
954,879,1063
955,1142,1117,1028,781,929,840
956,1061,1077,921,804,790
957,915,1121,980
958,797,869
959,1086,902,916,879,827
960,788,997,914
961,1100,1171,1032,886,973,910,813
962,1102,1094,951
963,797,907,817
964,836,889,1001,1070,1108,970
965,1084,1078
966,1113,1046
967,886,785,887,1166,1066
968,942,826,1003,987,803
969,999,891,1038
970,964,1070,1108
971,1089,994,1143
972,1120,992,924
973,961,910,813,1086,1162,1132
974,1114,1116,1122
975,1034,1112,779,885,1107,1007,1130
976,1082,1116
977,943,838,884
978,892,860,1122,1019
979,943,834,932
980,915,1121,957
981,1169,1057,1013
982,894,935,810
983,902,1100,933
984,805,867,896
985,1082,1089
986,1065,880,900
987,968,803
988,1085,1095
989,896,945,1069
990,1118,1091,1127
991,905,1035
992,1120,972,924
993,999,904,1064
994,1089,1143,971,847,872
995,876
996,837,883,866
997,788,960,914,1157,1140,1176,1009,950,868
998,1000,851
999,1153,1125,1184,891,969,1038,904,1064,993
1000,851,998,1099,1081,1189,1087,1022
1001,836,964,889
1002,1118,1158
1003,942,826,968
1004,1143
1005,1044,1103,1170,871,882
1006,912,867
1007,975,1107,1130
1008,1050,1048,1173,1111,923
1009,997,950,868
1010,1085,1145,1159
1011,1020,1194
1012,1110,926
1013,1169,981,1057
1014,1111,1177,923,861,937
1015,1082,920,1054,1110,1178,926,859
1016,1080,1211,1071
1017,1188,1158,1073
1018,1026,1155,1167,1031,1128,1165,911,1025,906
1019,1122,978,892,939
1020,1027,1221,791,913,1194,1011
1021,1095,1216,1042,820,821
1022,1000,1189,1087
1023,1056,1115,1197,912,1106
1024,934,819,888,1109,949
1025,1018,911,906
1026,1036,1180,1138,942,1018,1155,1167
1027,903,844,1020,1221
1028,1142,955,1117
1029,1168,1053,1164,1040
1030,1039,897
1031,1018,1128,1165
1032,961,886
1033,919
1034,1186,1191,1052,975,1112
1035,1072,1206,1146,948,1068,905,991
1036,1093,1080,1210,1026,1180
1037,1085,925
1038,999,891,969
1039,1048,1126,1030,897,1097,1187,1208
1040,1029,1164
1041,1096,1102,938,936,865
1042,1095,1216,1021
1043,1237,1186
1044,1005,1103,1170,1090,1151
1045,1166,1236
1046,869,1060,952,1113,966
1047,1090,893,1058
1048,1050,1008,1173,1039,1126
1049,1261,1196,1156
1050,1048,1008,1173,1072,1209
1051,1120,1218
1052,1186,1034,1191
1053,1168,1029
1054,1082,1015,920
1055,1109,1234,1088
1056,1023,1115,1197,1072,1200
1057,1169,981,1013
1058,1090,893,1047
1059,1142,1061
1060,1046,869,952,1181
1061,956,1077,921,1142,1059
1062,913,1105
1063,1147,1192,1231,879,954
1064,999,904,993
1065,1081,1207,1214,880,900,986
1066,1166,967
1067,936,917,944
1068,1035,948
1069,896,989,945
1070,964,1108,970
1071,1080,1211,1016
1072,1056,1200,1209,1050,1035,1206,1146
1073,1188,1158,1017,908,918,890
1074,1105,903,1256,1223
1075,1252,1135,1136
1076,871,931,901
1077,956,1061,921,1220
1078,1084,965,1201,1205
1079,1219
1080,1093,1036,1210,1211,1071,1016
1081,1207,1065,1214,1000,1099
1082,1116,976,985,1089,1015,920,1054
1083,1277,1188
1084,1205,1203,1078,965
1085,925,1037,988,1095,1145,1159,1010
1086,959,902,916,973,1162,1132,1288,1150
1087,1000,1189,1022
1088,1109,1234,1055
1089,994,1143,971,1082,985
1090,1044,1151,1286,1228,893,1047,1058
1091,1118,1127,990,1289,1213
1092,1120,1240
1093,1036,1080,1210,1104,1241
1094,1102,962,951
1095,1216,1021,1042,1085,988
1096,1041,1102,938,1118,930
1097,1039,1187,1208
1098,1104,943,1123
1099,1000,1081
1100,902,983,933,961,1171
1101,940,1133
1102,1096,1041,938,1094,962,951
1103,1005,1044,1170
1104,1172,1260,1241,1093,943,1123,1098
1105,913,1062,903,1074,1256,1273
1106,912,1023
1107,975,1007,1130
1108,964,1070,970
1109,1024,949,947,1114,1234,1055,1088
1110,1015,1178,926,1012
1111,1008,923,1014,1177
1112,975,1034
1113,1152,1265,966,1046,1275,1229,1134
1114,1116,1122,974,1109,947
1115,1023,1056,1197,1347,1253,1230
1116,1114,1122,974,1082,976
1117,1142,955,1028
1118,1158,1002,930,1096,1091,1127,990
1119,1169,1259,1215
1120,1240,1092,1051,1218,972,992,924
1121,915,957,980
1122,1114,1116,974,1019,978
1123,1104,943,1098
1124,1237,1320,1199
1125,1153,999,1184,1232,1272
1126,1039,1048
1127,1118,1091,990
1128,1018,1031,1165
1129,1310,1164,1202
1130,975,1107,1007
1131,1211,1283
1132,973,1086,1162
1133,940,1101
1134,1113,1275,1229
1135,1252,1075,1136
1136,1252,1135,1075
1137,1304,1233,1174
1138,1026,942
1139,1317,1195,1226
1140,997,1157,1176
1141,1224,1148,1271
1142,1061,1059,1183,1284,955,1117,1028
1143,1089,994,971,1004
1144,1297,1198,1274
1145,1085,1159,1010
1146,1072,1035,1206
1147,1063,1192,1231,1246,1314
1148,1224,1141,1271
1149,1364,1258,1254
1150,1288,1086
1151,1090,1044
1152,1242,1219,1322,1113,1265
1153,1125,999,1184,1255,1316
1154,1218,1309,1264
1155,1026,1018,1167
1156,1261,1196,1049
1157,997,1140,1176
1158,1188,1073,1017,1118,1002
1159,1085,1145,1010
1160,1275,1323
1161,1297,1305
1162,973,1086,1132
1163,1335,1216
1164,1310,1129,1202,1168,1263,1029,1040
1165,1018,1031,1128
1166,967,1066,1045,1236
1167,1026,1018,1155
1168,1164,1263,1029,1053
1169,1370,1299,1235,1119,1259,1215,981,1057,1013
1170,1005,1044,1103
1171,1366,1334,1298,961,1100
1172,1243,1333,1332,1104,1260
1173,1050,1048,1008
1174,1304,1137,1233
1175,1236,1350,1250
1176,997,1157,1140
1177,1111,1014
1178,1015,1110
1179,1277,1299
1180,1026,1036
1181,1060
1182,1305,1240,1353
1183,1142,1284
1184,1153,1125,999
1185,1246,1357,1268
1186,1034,1191,1052,1237,1043
1187,1039,1097,1208
1188,1158,1073,1017,1277,1083
1189,1000,1087,1022
1190,1237,1321
1191,1186,1034,1052,1239,1394
1192,1063,1147,1231
1193,1252,1267,1336
1194,1020,1011,1221,1354
1195,1317,1139,1226
1196,1261,1049,1156
1197,1023,1056,1115
1198,1297,1274,1144
1199,1237,1124,1320
1200,1072,1056
1201,1411,1321,1324,1205,1078
1202,1310,1164,1129
1203,1205,1084
1204,1232,1287,1346
1205,1201,1078,1084,1203
1206,1072,1035,1146
1207,1081,1065,1214,1360,1293
1208,1039,1097,1187
1209,1072,1050
1210,1093,1036,1080
1211,1080,1071,1016,1131,1283
1212,1356,1404,1278
1213,1091,1289
1214,1081,1207,1065
1215,1169,1119,1259
1216,1095,1021,1042,1335,1163
1217,1433,1330,1294
1218,1309,1264,1154,1120,1051
1219,1242,1152,1322,1079,1300,1396,1349
1220,1077
1221,1194,1354,1027,1020
1222,1224,1361,1285
1223,1074,1256
1224,1318,1244,1384,1141,1148,1271,1222,1361,1285
1225,1347,1371,1280
1226,1317,1139,1195
1227,1353,1375,1301
1228,1345,1410,1342,1090,1286
1229,1113,1275,1134
1230,1115,1347,1253
1231,1063,1147,1192
1232,1125,1272,1380,1303,1287,1204,1346
1233,1304,1137,1174
1234,1109,1055,1088,1295
1235,1370,1299,1169
1236,1350,1250,1175,1166,1045
1237,1321,1190,1043,1186,1124,1320,1199
1238,1325
1239,1191,1394,1442,1292
1240,1305,1353,1182,1120,1092
1241,1104,1093
1242,1152,1219,1322,1310,1406
1243,1172,1333,1332,1261,1388
1244,1318,1224,1384,1255,1385
1245,1297,1427
1246,1147,1314,1430,1340,1357,1268,1185
1247,1317,1362,1395
1248,1391,1309
1249,1438,1276,1319
1250,1236,1350,1175,1428
1251,1391,1387,1270
1252,1484,1351,1359,1135,1075,1136,1193,1267,1336
1253,1115,1347,1230
1254,1364,1149,1258
1255,1244,1385,1316,1153,1367,1308,1439
1256,1074,1223,1105,1273
1257,1412,1339
1258,1364,1149,1254
1259,1169,1119,1215
1260,1104,1172
1261,1400,1421,1388,1243,1196,1049,1156
1262,1335,1444
1263,1164,1168
1264,1218,1309,1154,1290
1265,1113,1152
1266,1277,1432,1372
1267,1252,1193,1336
1268,1246,1357,1185
1269,1418,1296,1389
1270,1391,1251,1387
1271,1224,1141,1148
1272,1232,1125
1273,1256,1105
1274,1297,1198,1144
1275,1113,1229,1134,1323,1160,1478,1420
1276,1438,1249,1319
1277,1299,1179,1083,1188,1432,1266,1372
1278,1356,1212,1404
1279,1288,1460,1326
1280,1347,1371,1225
1281,1429,1350
1282,1457,1304,1378
1283,1211,1131
1284,1377,1469,1302,1142,1183
1285,1224,1222,1361
1286,1090,1228
1287,1232,1204,1346
1288,1379,1402,1150,1086,1460,1326,1279
1289,1091,1213
1290,1264
1291,1473,1398,1386
1292,1239,1442
1293,1360,1207
1294,1433,1217,1330
1295,1234
1296,1418,1389,1269
1297,1427,1245,1161,1305,1198,1274,1144
1298,1366,1171,1334
1299,1370,1169,1235,1277,1179
1300,1219,1396,1349
1301,1353,1375,1227
1302,1284,1377,1469
1303,1499,1325,1426,1232,1380
1304,1457,1282,1378,1137,1233,1174,1373,1446,1471
1305,1240,1353,1182,1297,1161
1306,1485,1432
1307,1412,1450
1308,1255,1367,1439
1309,1218,1264,1154,1391,1248
1310,1448,1449,1406,1242,1164,1129,1202
1311,1493,1520,1422
1312,1497,1416,1374
1313,1429,1490,1390
1314,1246,1147
1315,1383,1488
1316,1255,1153
1317,1539,1437,1436,1139,1195,1226,1247,1362,1395
1318,1244,1224,1384,1431,1522
1319,1438,1276,1249
1320,1237,1124,1199
1321,1411,1201,1324,1237,1190
1322,1242,1152,1219
1323,1275,1160,1478,1508
1324,1411,1321,1201
1325,1303,1499,1426,1238
1326,1288,1460,1279
1327,1429,1491
1328,1461,1366
1329,1445,1489,1358
1330,1433,1217,1294
1331,1512,1392
1332,1243,1172,1333
1333,1243,1172,1332,1551,1399
1334,1366,1171,1298,1510,1466,1532
1335,1216,1163,1262,1444
1336,1252,1193,1267
1337,1461,1527,1365
1338,1496,1427,1493
1339,1412,1257
1340,1415,1401,1517,1246,1430
1341,1533,1496
1342,1228,1345,1410
1343,1433,1542
1344,1529,1370
1345,1228,1410,1342,1470,1509
1346,1232,1287,1204
1347,1115,1253,1230,1371,1280,1225
1348,1536,1425,1376
1349,1219,1300,1396
1350,1236,1250,1175,1429,1281
1351,1484,1252,1359
1352,1510,1463
1353,1305,1240,1182,1382,1375,1301,1227
1354,1194,1221
1355,1457,1521
1356,1435,1472,1541,1212,1404,1278
1357,1246,1268,1185
1358,1445,1489,1329
1359,1484,1252,1351
1360,1207,1293,1363,1424,1560,1511,1451
1361,1224,1222,1285
1362,1317,1247,1395
1363,1360,1424
1364,1487,1565,1525,1149,1258,1254
1365,1461,1527,1337
1366,1171,1334,1298,1461,1328
1367,1255,1308,1439
1368,1533,1489
1369,1490,1518,1453
1370,1299,1169,1235,1529,1344
1371,1347,1280,1225
1372,1277,1432,1266
1373,1304,1446,1471
1374,1497,1416,1312
1375,1353,1301,1227
1376,1536,1425,1348
1377,1284,1469,1302,1473,1443
1378,1457,1304,1282
1379,1501,1418,1543,1288,1402
1380,1232,1303
1381,1491,1521,1535
1382,1353
1383,1424,1579,1486,1315,1488
1384,1318,1244,1224
1385,1255,1244
1386,1473,1398,1291
1387,1391,1251,1270
1388,1261,1243
1389,1418,1296,1269
1390,1429,1490,1313
1391,1309,1248,1573,1500,1251,1387,1270
1392,1512,1331
1393,1590,1462,1528,1452,1423
1394,1442,1561,1191,1239
1395,1317,1247,1362
1396,1219,1300,1349
1397,1441,1474,1581,1454
1398,1473,1291,1386,1554,1498
1399,1591,1464,1333,1551
1400,1531,1613,1534,1261,1421
1401,1340,1415,1517,1596,1455,1492
1402,1288,1379
1403,1549,1411
1404,1356,1212,1278
1405,1470,1445
1406,1310,1242
1407,1535,1544,1547
1408,1416,1458
1409,1537,1564,1580,1481
1410,1228,1345,1342
1411,1321,1201,1324,1549,1403
1412,1544,1559,1450,1307,1339,1257
1413,1597,1546
1414,1444,1441,1582
1415,1340,1401,1517,1476,1553
1416,1497,1374,1312,1408,1458
1417,1457,1550
1418,1501,1379,1543,1482,1570,1563,1296,1389,1269
1419,1576,1548,1480
1420,1478,1275
1421,1261,1400
1422,1493,1311,1520
1423,1393,1452
1424,1579,1383,1486,1360,1363
1425,1536,1376,1348
1426,1303,1499,1325
1427,1496,1493,1338,1297,1245
1428,1250
1429,1350,1281,1327,1491,1490,1390,1313
1430,1246,1340
1431,1447,1572,1522,1318,1438,1504,1574
1432,1277,1266,1372,1621,1568,1485,1306
1433,1622,1530,1343,1542,1217,1330,1294
1434,1460,1589
1435,1472,1356,1541,1476,1601
1436,1539,1437,1317
1437,1539,1317,1436,1555,1593
1438,1431,1504,1574,1276,1249,1319,1477,1538,1584
1439,1255,1367,1308
1440,1461,1592
1441,1444,1582,1414,1397,1474
1442,1239,1292,1394,1561
1443,1473,1377
1444,1441,1582,1414,1335,1262
1445,1489,1358,1329,1470,1405
1446,1304,1373,1471
1447,1454,1576,1578,1431,1572
1448,1603,1585,1513,1310,1449
1449,1310,1448
1450,1412,1307
1451,1360,1560,1511
1452,1393,1423
1453,1490,1518,1369
1454,1447,1576,1578,1397,1581
1455,1401,1596,1492
1456,1624,1483,1524
1457,1521,1355,1417,1550,1304,1282,1378
1458,1416,1408
1459,1618,1465,1467
1460,1288,1326,1279,1589,1434
1461,1592,1440,1328,1366,1527,1337,1365
1462,1590,1393,1528
1463,1510,1352
1464,1591,1399
1465,1618,1459,1467
1466,1334,1510,1532
1467,1618,1459,1465
1468,1529,1577
1469,1284,1377,1302,1604,1609
1470,1345,1509,1405,1445,1666,1588,1598
1471,1304,1373,1446
1472,1435,1356,1541,1569,1575
1473,1377,1443,1608,1631,1398,1291,1386
1474,1397,1441
1475,1484,1540
1476,1415,1553,1601,1435,1505,1495,1605
1477,1438,1538,1584
1478,1323,1508,1275,1420
1479,1519,1610
1480,1576,1548,1419
1481,1409
1482,1418,1570,1563
1483,1624,1456,1524
1484,1540,1475,1566,1628,1252,1351,1359
1485,1621,1660,1432,1306
1486,1424,1579,1383
1487,1565,1364,1525,1555,1567
1488,1383,1315
1489,1445,1358,1329,1533,1368
1490,1429,1390,1313,1644,1627,1602,1518,1453,1369
1491,1521,1535,1381,1429,1327
1492,1401,1596,1455
1493,1496,1427,1338,1311,1520,1422
1494,1542,1540,1646
1495,1476,1505,1605
1496,1427,1493,1338,1533,1341
1497,1639,1659,1571,1416,1374,1312
1498,1398,1554
1499,1303,1325,1426
1500,1391,1573
1501,1379,1418,1543,1607,1658
1502,1647,1652,1638
1503,1505,1512,1617
1504,1431,1438,1574
1505,1476,1495,1605,1512,1503,1617
1506,1669,1603
1507,1533,1651,1594
1508,1323,1478
1509,1470,1345
1510,1334,1466,1532,1352,1463
1511,1360,1560,1451
1512,1505,1503,1617,1392,1331
1513,1603,1448,1585
1514,1536,1645
1515,1536,1558
1516,1550,1558,1667
1517,1340,1415,1401
1518,1490,1453,1369
1519,1583,1619,1662,1610,1479
1520,1493,1311,1422
1521,1491,1535,1381,1457,1355
1522,1431,1318
1523,1656,1577,1597
1524,1624,1483,1456
1525,1487,1565,1364
1526,1665,1689,1615
1527,1461,1337,1365
1528,1590,1393,1462
1529,1577,1468,1344,1370,1696,1616,1623
1530,1433,1622
1531,1400,1613,1534,1583,1632
1532,1334,1510,1466
1533,1489,1368,1341,1496,1651,1507,1594
1534,1531,1400,1613
1535,1491,1521,1381,1544,1547,1407
1536,1558,1515,1514,1645,1425,1376,1348
1537,1564,1409,1580,1569,1562
1538,1438,1477,1584
1539,1437,1317,1436,1698,1640
1540,1542,1646,1494,1484,1475
1541,1435,1472,1356
1542,1540,1646,1494,1433,1343
1543,1501,1379,1418
1544,1535,1547,1407,1412,1559
1545,1664,1592,1665
1546,1597,1413
1547,1535,1544,1407
1548,1576,1419,1480
1549,1587,1673,1403,1411
1550,1558,1667,1516,1457,1417
1551,1333,1399,1591,1694
1552,1700,1664
1553,1476,1415
1554,1398,1498
1555,1437,1593,1567,1487,1682,1703,1661
1556,1657,1683,1595
1557,1613,1677,1614
1558,1550,1667,1516,1536,1515
1559,1544,1412
1560,1360,1511,1451
1561,1442,1394
1562,1569,1537
1563,1418,1482,1570
1564,1537,1409,1580,1693,1680
1565,1487,1364,1525,1708,1626
1566,1484,1628
1567,1555,1487
1568,1432,1621
1569,1472,1575,1562,1537,1668,1716,1692
1570,1418,1482,1563
1571,1639,1659,1497
1572,1431,1447
1573,1391,1500
1574,1431,1438,1504
1575,1569,1472
1576,1454,1447,1578,1702,1548,1419,1480
1577,1656,1597,1523,1529,1468
1578,1454,1447,1576
1579,1424,1383,1486,1717,1606
1580,1537,1564,1409
1581,1397,1454
1582,1444,1441,1414,1671,1655,1722
1583,1729,1635,1632,1531,1519,1619,1662
1584,1438,1477,1538
1585,1603,1448,1513
1586,1700,1683
1587,1637,1735,1686,1549,1673
1588,1470,1666,1598
1589,1460,1434
1590,1690,1636,1715,1654,1393,1462,1528
1591,1551,1694,1399,1464,1634
1592,1664,1665,1545,1461,1440
1593,1555,1437
1594,1533,1651,1507
1595,1657,1683,1556
1596,1401,1455,1492
1597,1656,1577,1523,1413,1546
1598,1470,1666,1588
1599,1669,1652
1600,1698,1685,1713
1601,1476,1435
1602,1490,1644,1627
1603,1448,1585,1513,1669,1506
1604,1469,1609
1605,1476,1505,1495
1606,1717,1579
1607,1630,1720,1658,1501,1624,1675,1723
1608,1473,1631
1609,1469,1604
1610,1519,1479
1611,1719,1721
1612,1719,1659
1613,1531,1400,1534,1688,1677,1557,1614
1614,1613,1677,1557
1615,1665,1526,1689
1616,1529,1696,1623
1617,1505,1512,1503
1618,1648,1687,1701,1637,1459,1465,1467
1619,1583,1519,1662
1620,1670,1684,1733,1643
1621,1432,1568,1485,1660
1622,1672,1705,1734,1433,1530
1623,1529,1696,1616
1624,1607,1675,1723,1483,1456,1524,1649,1697,1730
1625,1693,1647
1626,1708,1565
1627,1490,1644,1602
1628,1690,1754,1709,1484,1566
1629,1646,1741,1678
1630,1643,1727,1726,1607,1720
1631,1752,1718,1725,1473,1608
1632,1583,1531
1633,1705,1743,1710
1634,1591
1635,1583,1729
1636,1590,1690
1637,1587,1735,1686,1618,1701
1638,1647,1652,1502
1639,1659,1497,1571,1708,1695
1640,1698,1539
1641,1714,1657
1642,1698,1704,1736
1643,1630,1727,1726,1620,1733
1644,1490,1627,1602
1645,1648,1749,1663,1536,1514
1646,1542,1540,1494,1741,1629,1678
1647,1652,1502,1638,1693,1625
1648,1645,1749,1663,1618,1687
1649,1624,1697,1730
1650,1666,1691
1651,1533,1507,1594
1652,1647,1502,1638,1669,1599
1653,1667
1654,1681,1761,1724,1590,1715
1655,1582,1671,1722
1656,1577,1597,1523,1759,1746
1657,1683,1556,1595,1714,1641
1658,1607,1501
1659,1639,1497,1571,1719,1612
1660,1621,1485
1661,1555,1682,1703
1662,1583,1519,1619
1663,1645,1648,1749
1664,1592,1665,1545,1700,1552
1665,1664,1592,1545,1526,1689,1615
1666,1470,1588,1598,1650,1691
1667,1550,1558,1516,1653
1668,1569,1716,1692
1669,1652,1599,1506,1603,1731,1747,1760
1670,1721,1745,1676,1620,1684
1671,1582,1655,1722,1679,1699
1672,1622,1705,1734
1673,1549,1587
1674,1717,1748,1707
1675,1607,1624,1723
1676,1721,1670,1745
1677,1613,1557,1614
1678,1646,1741,1629
1679,1671,1699
1680,1693,1564
1681,1654,1761,1724,1714,1744
1682,1555,1703,1661,1751,1769
1683,1657,1556,1595,1700,1586
1684,1620,1670
1685,1698,1600,1713
1686,1637,1587,1735
1687,1618,1648
1688,1613
1689,1665,1526,1615
1690,1628,1754,1709,1590,1636
1691,1666,1650
1692,1569,1668,1716
1693,1564,1680,1625,1647,1768,1766,1765
1694,1551,1591
1695,1708,1639
1696,1529,1616,1623
1697,1624,1649,1730
1698,1685,1600,1713,1640,1539,1704,1736,1642
1699,1671,1679
1700,1683,1586,1552,1664
1701,1618,1637
1702,1576
1703,1555,1682,1661
1704,1698,1736,1642,1738,1772
1705,1672,1622,1734,1743,1710,1633
1706,1759,1752
1707,1717,1748,1674
1708,1565,1626,1695,1639,1779,1758,1755
1709,1628,1690,1754
1710,1705,1743,1633
1711,1735
1712,1770,1750,1739
1713,1698,1685,1600
1714,1681,1744,1641,1657
1715,1590,1654
1716,1569,1668,1692
1717,1579,1606,1776,1740,1748,1674,1707
1718,1631,1752,1725
1719,1659,1612,1611,1721,1753,1774,1771
1720,1607,1630
1721,1670,1745,1676,1719,1611
1722,1582,1671,1655
1723,1607,1624,1675
1724,1654,1681,1761
1725,1631,1752,1718
1726,1643,1630,1727
1727,1643,1630,1726
1728,1759,1783,1763
1729,1740,1762,1780,1583,1635
1730,1624,1649,1697
1731,1669,1747,1760
1732,1754,1777,1756
1733,1620,1643
1734,1672,1622,1705
1735,1637,1587,1686,1711
1736,1698,1704,1642
1737,1761
1738,1704,1772
1739,1770,1750,1712
1740,1729,1762,1780,1717,1776
1741,1646,1629,1678,1764,1784
1742,1775,1767,1785
1743,1705,1710,1633,1773,1782
1744,1714,1681
1745,1721,1670,1676
1746,1759,1656
1747,1669,1731,1760
1748,1717,1674,1707
1749,1645,1648,1663
1750,1770,1712,1739
1751,1682,1769
1752,1631,1718,1725,1759,1706
1753,1719,1774,1771
1754,1628,1690,1709,1789,1778,1781,1777,1756,1732
1755,1708,1779,1758
1756,1754,1777,1732
1757,1783,1770,1786
1758,1708,1779,1755
1759,1752,1706,1746,1656,1783,1728,1763
1760,1669,1731,1747
1761,1654,1681,1724,1737
1762,1740,1729,1780,1775,1788,1787
1763,1759,1783,1728
1764,1741,1784
1765,1693,1768,1766
1766,1693,1768,1765
1767,1775,1742,1785
1768,1693,1766,1765
1769,1682,1751
1770,1783,1757,1786,1750,1712,1739
1771,1719,1753,1774
1772,1704,1738
1773,1743,1782
1774,1719,1753,1771
1775,1762,1788,1787,1742,1767,1785
1776,1717,1740
1777,1754,1756,1732
1778,1754,1789,1781
1779,1708,1758,1755
1780,1740,1729,1762
1781,1754,1789,1778
1782,1743,1773
1783,1759,1728,1763,1770,1757,1786
1784,1741,1764
1785,1775,1742,1767
1786,1783,1770,1757
1787,1762,1775,1788
1788,1762,1775,1787
1789,1754,1778,1781
