ID1,ID2,ID3,Kt,theta0
4,8,1,33.0000,1.8815
7,11,3,35.0000,1.9111
9,15,6,33.0000,1.8815
10,24,8,50.0000,1.9111
11,7,0,55.0000,1.8937
12,14,2,33.0000,1.8815
13,27,11,63.0000,1.9391
14,20,13,50.0000,2.1276
17,15,6,33.0000,1.8815
17,15,9,33.0000,1.8815
18,8,1,33.0000,1.8815
18,8,4,33.0000,1.8815
20,13,5,80.0000,2.1450
20,14,2,35.0000,1.9111
20,14,12,35.0000,1.9111
21,11,3,33.0000,1.8815
21,11,7,35.0000,1.9111
24,8,1,37.5000,1.9321
24,8,4,37.5000,1.9321
24,8,18,37.5000,1.9321
24,10,19,55.0000,1.8937
25,36,22,33.0000,1.8815
26,40,23,33.0000,1.8815
27,11,3,37.5000,1.9321
27,11,7,50.0000,1.9111
27,11,21,37.5000,1.9321
27,13,5,80.0000,2.1014
27,13,20,70.0000,2.0351
28,38,27,38.0000,2.0665
29,30,14,70.0000,2.0351
29,46,24,80.0000,1.9146
30,14,2,35.0000,1.9111
30,14,12,35.0000,1.9111
30,14,20,63.0000,1.9216
30,29,16,35.0000,2.0909
33,24,8,37.5000,1.9321
33,24,10,35.0000,1.9111
34,20,13,35.0000,2.0909
34,20,14,38.0000,2.0665
35,42,32,80.0000,2.1991
36,41,15,58.3500,1.9670
38,27,11,80.0000,1.9146
38,27,13,63.0000,1.9216
40,49,31,37.5000,1.9321
41,15,6,37.5000,1.9321
41,15,9,37.5000,1.9321
41,15,17,37.5000,1.9321
41,36,22,37.5000,1.9321
41,36,25,37.5000,1.9321
41,51,39,37.5000,1.9321
44,27,11,37.5000,1.9321
44,27,13,35.0000,1.9111
44,27,38,35.0000,1.9111
46,24,8,58.3500,1.9670
46,24,10,50.0000,1.9111
46,24,33,37.5000,1.9321
46,29,16,38.0000,2.0665
46,29,30,50.0000,2.1276
47,30,14,80.0000,2.1014
47,30,29,80.0000,2.1450
49,40,23,37.5000,1.9321
49,40,26,37.5000,1.9321
49,65,45,37.5000,1.9321
51,41,15,58.3500,1.9670
51,41,36,58.3500,1.9670
53,51,39,33.0000,1.8815
53,51,41,37.5000,1.9321
54,46,24,37.5000,1.9321
54,46,29,35.0000,1.9111
56,40,23,33.0000,1.8815
56,40,26,33.0000,1.8815
56,40,49,37.5000,1.9321
58,41,15,37.5000,1.9321
58,41,36,37.5000,1.9321
58,41,51,37.5000,1.9321
59,66,36,80.0000,1.9146
60,70,42,35.0000,1.9111
61,78,49,37.5000,1.9321
62,38,27,50.0000,2.1276
62,38,28,35.0000,2.0909
62,71,48,35.0000,1.9111
63,72,57,35.0000,1.9111
65,49,31,37.5000,1.9321
65,49,40,58.3500,1.9670
65,84,59,70.0000,2.0351
66,36,22,37.5000,1.9321
66,36,25,37.5000,1.9321
66,36,41,58.3500,1.9670
66,59,37,38.0000,2.0665
67,71,48,33.0000,1.8815
67,71,62,35.0000,1.9111
68,72,57,35.0000,1.9111
68,72,63,35.0000,1.9111
68,89,64,37.5000,1.9321
70,42,32,70.0000,2.0420
70,42,35,70.0000,2.0420
71,62,38,70.0000,2.0351
72,68,43,35.0000,1.9111
74,77,46,70.0000,2.0351
74,104,70,80.0000,1.9146
76,79,52,80.0000,2.1450
77,46,24,63.0000,1.9391
77,46,29,63.0000,1.9216
77,46,54,35.0000,1.9111
77,74,50,35.0000,2.0909
78,49,31,37.5000,1.9321
78,49,40,58.3500,1.9670
78,49,65,58.3500,1.9670
79,76,55,35.0000,2.0909
81,51,39,33.0000,1.8815
81,51,41,37.5000,1.9321
81,51,53,33.0000,1.8815
82,66,36,37.5000,1.9321
82,66,59,35.0000,1.9111
83,62,38,80.0000,2.1450
83,62,71,80.0000,2.1014
84,59,37,35.0000,2.0909
84,59,66,50.0000,2.1276
84,65,45,35.0000,1.9111
84,65,49,63.0000,1.9391
88,68,43,33.0000,1.8815
88,68,72,35.0000,1.9111
89,68,43,37.5000,1.9321
89,68,72,80.0000,1.9408
89,68,88,37.5000,1.9321
89,107,73,37.5000,1.9321
91,100,66,80.0000,2.1014
94,78,49,37.5000,1.9321
94,78,61,33.0000,1.8815
95,70,42,35.0000,1.9111
95,70,60,33.0000,1.8815
98,103,69,33.0000,1.8815
99,65,45,35.0000,1.9111
99,65,49,80.0000,1.9146
99,65,84,63.0000,1.9216
99,118,97,80.0000,2.1450
100,66,36,63.0000,1.9391
100,66,59,63.0000,1.9216
100,66,82,35.0000,1.9111
102,76,55,35.0000,2.0944
102,76,79,35.0000,2.0909
103,117,93,37.5000,1.9321
104,70,42,63.0000,1.9391
104,70,60,37.5000,1.9321
104,70,95,37.5000,1.9321
104,74,50,38.0000,2.0665
104,74,77,50.0000,2.1276
107,89,64,37.5000,1.9321
107,89,68,58.3500,1.9670
107,128,92,37.5000,1.9321
109,72,57,35.0000,1.9111
109,72,63,35.0000,1.9111
109,72,68,35.0000,1.9111
110,78,49,37.5000,1.9321
110,78,61,33.0000,1.8815
110,78,94,33.0000,1.8815
111,77,46,80.0000,2.1014
111,77,74,80.0000,2.1450
113,117,93,33.0000,1.8815
113,117,103,37.5000,1.9321
114,127,85,35.0000,1.9111
115,123,79,63.0000,1.9391
116,99,65,38.0000,2.0665
117,103,69,37.5000,1.9321
117,103,98,37.5000,1.9321
118,99,65,50.0000,2.1276
118,99,116,35.0000,2.0909
119,104,70,37.5000,1.9321
119,104,74,35.0000,1.9111
120,71,48,35.0000,1.9111
120,71,62,63.0000,1.9216
120,71,67,35.0000,1.9111
121,89,64,33.0000,1.8815
121,89,68,37.5000,1.9321
121,89,107,37.5000,1.9321
122,123,79,35.0000,1.9111
122,123,115,37.5000,1.9321
123,79,52,80.0000,2.1014
123,79,76,70.0000,2.0351
123,115,75,37.5000,1.9321
125,124,105,35.0000,2.0944
126,115,75,33.0000,1.8815
126,115,123,37.5000,1.9321
127,114,101,80.0000,2.1014
128,107,73,37.5000,1.9321
128,107,89,58.3500,1.9670
130,133,87,70.0000,2.0944
131,120,71,38.0000,2.0665
133,87,80,35.0000,1.9722
133,130,90,35.0000,2.0944
134,152,127,35.0000,1.9111
135,114,101,80.0000,2.1450
135,114,127,70.0000,2.0351
135,144,106,35.0000,1.9111
137,154,115,63.0000,1.9391
139,84,59,80.0000,2.1450
139,84,65,80.0000,2.1014
140,107,73,33.0000,1.8815
140,107,89,37.5000,1.9321
140,107,128,37.5000,1.9321
141,154,115,80.0000,1.9146
141,154,137,63.0000,1.9216
142,174,127,63.0000,1.9391
143,173,128,37.5000,1.9321
144,135,114,50.0000,2.1276
144,151,103,58.3500,1.9670
145,135,114,35.0000,2.0909
145,135,144,38.0000,2.0665
146,152,127,35.0000,1.9111
146,152,134,35.0000,1.9111
148,159,104,80.0000,2.1014
149,128,92,33.0000,1.8815
149,128,107,37.5000,1.9321
150,151,103,58.3500,1.9670
150,151,144,58.3500,1.9670
151,103,69,37.5000,1.9321
151,103,98,37.5000,1.9321
151,103,117,58.3500,1.9670
151,144,106,37.5000,1.9321
151,144,135,80.0000,1.9146
151,150,108,37.5000,1.9321
152,127,85,35.0000,1.9111
152,127,114,80.0000,1.9408
153,142,138,80.0000,2.1991
154,115,75,37.5000,1.9321
154,115,123,58.3500,1.9670
154,115,126,37.5000,1.9321
154,137,86,80.0000,2.1014
154,141,96,38.0000,2.0665
155,100,66,70.0000,2.0351
155,100,91,80.0000,2.1450
159,104,70,63.0000,1.9391
159,104,74,63.0000,1.9216
159,104,119,35.0000,1.9111
161,166,129,35.0000,1.9111
162,166,129,37.5000,1.9321
162,166,161,50.0000,1.9111
162,188,141,70.0000,2.0351
163,124,105,35.0000,2.0944
163,124,125,35.0000,2.0944
163,182,156,35.0000,2.0944
165,155,100,35.0000,2.0909
166,162,112,37.5000,1.9321
168,117,93,33.0000,1.8815
168,117,103,37.5000,1.9321
168,117,113,33.0000,1.8815
169,172,120,80.0000,2.1450
170,150,108,33.0000,1.8815
170,150,151,37.5000,1.9321
171,123,79,35.0000,1.9111
171,123,115,37.5000,1.9321
171,123,122,33.0000,1.8815
172,120,71,50.0000,2.1276
172,120,131,35.0000,2.0909
173,128,92,37.5000,1.9321
173,128,107,58.3500,1.9670
173,128,149,37.5000,1.9321
174,127,85,37.5000,1.9321
174,127,114,63.0000,1.9391
174,127,152,80.0000,1.9408
174,142,138,70.0000,2.0420
174,142,153,70.0000,2.0420
177,118,97,80.0000,2.1014
177,118,99,70.0000,2.0351
177,180,132,37.5000,1.9321
177,184,137,50.0000,2.1276
178,194,163,35.0000,2.0944
180,177,118,63.0000,1.9391
180,195,158,55.0000,1.8937
181,185,130,35.0000,2.0944
182,163,124,70.0000,2.0944
183,201,162,50.0000,2.1276
184,137,86,80.0000,2.1450
184,137,154,70.0000,2.0351
184,177,118,63.0000,1.9216
184,177,180,80.0000,1.9146
185,130,90,35.0000,2.0944
185,130,133,63.0000,2.0944
186,150,108,33.0000,1.8815
186,150,151,37.5000,1.9321
186,150,170,33.0000,1.8815
187,205,157,33.0000,1.8815
188,141,96,35.0000,2.0909
188,141,154,50.0000,2.1276
188,162,112,35.0000,1.9111
188,162,166,63.0000,1.9391
189,174,127,37.5000,1.9321
189,174,142,35.0000,1.9111
190,133,87,70.0000,2.0944
190,133,130,63.0000,2.0944
191,198,173,70.0000,2.0351
191,227,183,63.0000,1.9216
193,190,133,35.0000,2.0944
194,163,124,70.0000,2.0944
194,163,182,70.0000,2.0944
195,180,132,35.0000,1.9111
195,180,177,50.0000,1.9111
196,216,155,35.0000,1.9111
197,208,144,70.0000,2.0351
198,173,128,63.0000,1.9391
198,173,143,35.0000,1.9111
198,191,160,35.0000,2.0909
199,200,164,35.0000,2.0944
201,162,112,35.0000,1.9111
201,162,166,80.0000,1.9146
201,162,188,63.0000,1.9216
201,183,136,80.0000,2.1450
202,221,176,35.0000,1.9111
203,217,167,33.0000,1.8815
204,151,103,37.5000,1.9321
204,151,144,37.5000,1.9321
204,151,150,37.5000,1.9321
206,161,166,55.0000,1.8937
207,152,127,35.0000,1.9111
207,152,134,35.0000,1.9111
207,152,146,35.0000,1.9111
208,144,106,35.0000,1.9111
208,144,135,63.0000,1.9216
208,144,151,63.0000,1.9391
208,197,147,35.0000,2.0909
212,154,115,37.5000,1.9321
212,154,137,35.0000,1.9111
212,154,141,35.0000,1.9111
214,248,205,37.5000,1.9321
215,166,129,33.0000,1.8815
215,166,161,35.0000,1.9111
215,166,162,37.5000,1.9321
216,155,100,50.0000,2.1276
216,155,165,38.0000,2.0665
217,251,197,80.0000,1.9146
218,180,132,33.0000,1.8815
218,180,177,37.5000,1.9321
218,180,195,35.0000,1.9111
219,159,104,70.0000,2.0351
219,159,148,80.0000,2.1450
220,213,175,35.0000,2.0944
221,238,172,63.0000,1.9391
222,174,127,37.5000,1.9321
222,174,142,35.0000,1.9111
222,174,189,33.0000,1.8815
223,227,183,35.0000,1.9111
223,227,191,35.0000,1.9111
224,210,179,80.0000,2.1991
225,219,159,35.0000,2.0909
226,177,118,35.0000,1.9111
226,177,180,37.5000,1.9321
226,177,184,35.0000,1.9111
227,183,136,80.0000,2.1014
227,183,201,70.0000,2.0351
227,191,160,38.0000,2.0665
227,191,198,50.0000,2.1276
228,182,156,35.0000,2.0944
228,182,163,35.0000,2.0944
229,258,216,80.0000,2.1014
232,173,128,80.0000,1.9146
232,173,143,35.0000,1.9111
232,173,198,63.0000,1.9216
233,184,137,35.0000,2.0909
233,184,177,38.0000,2.0665
234,205,157,33.0000,1.8815
234,205,187,33.0000,1.8815
235,265,216,37.5000,1.9321
238,172,120,70.0000,2.0351
238,172,169,80.0000,2.1014
238,221,176,37.5000,1.9321
238,221,202,50.0000,1.9111
241,202,221,55.0000,1.8937
242,255,194,35.0000,1.9111
243,201,162,38.0000,2.0665
243,201,183,35.0000,2.0909
244,232,173,38.0000,2.0665
245,198,173,80.0000,2.1014
245,198,191,80.0000,2.1450
247,185,130,63.0000,2.0944
247,185,181,35.0000,2.0944
247,254,190,63.0000,2.0944
248,205,157,37.5000,1.9321
248,205,187,37.5000,1.9321
248,205,234,37.5000,1.9321
249,188,141,80.0000,2.1450
249,188,162,80.0000,2.1014
250,261,213,70.0000,2.0944
251,197,147,38.0000,2.0665
251,197,208,50.0000,2.1276
251,217,167,37.5000,1.9321
251,217,203,37.5000,1.9321
251,277,230,80.0000,2.1014
252,255,194,35.0000,1.9111
252,255,242,33.0000,1.8815
254,190,133,63.0000,2.0944
254,190,193,35.0000,2.0944
254,247,185,63.0000,2.0944
255,194,163,50.0000,2.1502
255,194,178,35.0000,2.0665
257,200,164,35.0000,2.0909
257,200,199,35.0000,2.0909
257,269,217,63.0000,1.9391
258,216,155,63.0000,1.9216
258,216,196,35.0000,1.9111
260,272,210,35.0000,1.9111
261,213,175,35.0000,2.0944
261,213,220,35.0000,2.0944
261,250,209,35.0000,2.0944
262,283,219,35.0000,1.9111
263,272,210,35.0000,1.9111
263,272,260,33.0000,1.8815
264,238,172,35.0000,1.9111
264,238,221,37.5000,1.9321
265,216,155,80.0000,1.9146
265,216,196,37.5000,1.9321
265,216,258,63.0000,1.9391
265,280,236,55.0000,1.8937
266,269,217,37.5000,1.9321
266,269,257,35.0000,1.9111
267,221,176,33.0000,1.8815
267,221,202,35.0000,1.9111
267,221,238,37.5000,1.9321
269,217,167,37.5000,1.9321
269,217,203,37.5000,1.9321
269,217,251,58.3500,1.9670
269,257,200,70.0000,2.0351
270,208,144,80.0000,2.1014
270,208,197,80.0000,2.1450
271,284,237,70.0000,2.0944
272,210,179,70.0000,2.0420
272,210,224,70.0000,2.0420
274,248,205,50.0000,1.9111
274,248,214,35.0000,1.9111
275,285,238,38.0000,2.0665
276,278,232,80.0000,2.1450
277,251,197,63.0000,1.9216
277,251,217,63.0000,1.9391
278,232,173,50.0000,2.1276
278,232,244,35.0000,2.0909
279,289,253,33.0000,1.8815
280,265,216,50.0000,1.9111
280,265,235,35.0000,1.9111
283,219,159,50.0000,2.1276
283,219,225,38.0000,2.0665
284,237,192,35.0000,1.9722
284,271,211,35.0000,2.0944
285,238,172,63.0000,1.9216
285,238,221,80.0000,1.9146
285,238,264,35.0000,1.9111
286,317,248,80.0000,1.9146
286,325,283,70.0000,2.0351
287,315,282,33.0000,1.8815
288,250,209,35.0000,2.0944
288,250,261,35.0000,2.0944
289,297,231,50.0000,1.9111
290,313,247,35.0000,1.9111
291,305,268,35.0000,2.0944
292,257,200,80.0000,2.1450
292,257,269,80.0000,2.1014
293,308,259,33.0000,1.8815
294,251,197,35.0000,1.9111
294,251,217,37.5000,1.9321
294,251,277,35.0000,1.9111
296,335,283,37.5000,1.9321
297,231,239,55.0000,1.8937
297,289,253,37.5000,1.9321
297,289,279,37.5000,1.9321
298,274,248,55.0000,1.8937
299,318,273,35.0000,1.9111
300,254,190,35.0000,2.0944
300,254,247,35.0000,2.0944
302,321,271,35.0000,2.0944
304,318,273,35.0000,1.9111
304,318,299,33.0000,1.8815
305,291,246,35.0000,2.0944
306,297,231,35.0000,1.9111
306,297,289,37.5000,1.9321
307,227,183,63.0000,1.9391
307,227,191,80.0000,1.9146
307,227,223,37.5000,1.9321
307,320,301,55.0000,1.8937
309,258,216,70.0000,2.0351
309,258,229,80.0000,2.1450
311,353,309,80.0000,1.9146
312,315,282,33.0000,1.8815
312,315,287,33.0000,1.8815
313,247,185,70.0000,2.0944
313,247,254,70.0000,2.0944
314,265,216,37.5000,1.9321
314,265,235,33.0000,1.8815
314,265,280,35.0000,1.9111
316,261,213,70.0000,2.0944
316,261,250,70.0000,2.0944
316,344,310,35.0000,1.9111
317,248,205,58.3500,1.9670
317,248,214,37.5000,1.9321
317,248,274,50.0000,1.9111
317,286,240,38.0000,2.0665
318,273,281,55.0000,1.8937
319,311,256,33.0000,1.8815
320,307,227,50.0000,1.9111
321,271,211,35.0000,2.0944
321,271,284,63.0000,2.0944
324,269,217,37.5000,1.9321
324,269,257,35.0000,1.9111
324,269,266,33.0000,1.8815
325,283,219,63.0000,1.9216
325,283,262,35.0000,1.9111
325,286,240,35.0000,2.0909
325,286,317,50.0000,2.1276
326,313,247,35.0000,1.9111
326,313,290,33.0000,1.8815
327,329,255,37.5000,1.9321
329,255,194,80.0000,1.9408
329,255,242,37.5000,1.9321
329,255,252,37.5000,1.9321
330,344,310,33.0000,1.8815
330,344,316,35.0000,1.9111
331,308,259,33.0000,1.8815
331,308,293,33.0000,1.8815
334,329,255,37.5000,1.9321
334,329,327,33.0000,1.8815
335,283,219,80.0000,1.9146
335,283,262,37.5000,1.9321
335,283,325,63.0000,1.9391
336,307,227,37.5000,1.9321
336,307,320,35.0000,1.9111
338,353,309,35.0000,1.9111
338,353,311,37.5000,1.9321
339,309,258,35.0000,2.0909
340,349,278,35.0000,1.9111
341,311,256,33.0000,1.8815
341,311,319,33.0000,1.8815
342,307,227,37.5000,1.9321
342,307,320,35.0000,1.9111
342,307,336,33.0000,1.8815
343,316,261,35.0000,2.0944
344,316,261,50.0000,2.1502
344,316,343,35.0000,2.0665
345,317,248,37.5000,1.9321
345,317,286,35.0000,1.9111
347,358,291,70.0000,2.0944
349,278,232,70.0000,2.0351
349,278,276,80.0000,2.1014
349,350,303,38.0000,2.0665
350,349,278,63.0000,1.9216
350,349,340,35.0000,1.9111
351,369,346,33.0000,1.8815
352,370,308,37.5000,1.9321
353,309,258,50.0000,2.1276
353,309,339,38.0000,2.0665
353,311,256,37.5000,1.9321
353,311,319,37.5000,1.9321
353,311,341,37.5000,1.9321
354,289,253,33.0000,1.8815
354,289,279,33.0000,1.8815
354,289,297,37.5000,1.9321
355,369,346,33.0000,1.8815
355,369,351,33.0000,1.8815
356,272,210,63.0000,1.9391
356,272,260,37.5000,1.9321
356,272,263,37.5000,1.9321
356,373,350,70.0000,2.0351
357,277,230,80.0000,2.1450
357,277,251,70.0000,2.0351
358,291,246,35.0000,2.0944
358,291,305,63.0000,2.0944
358,347,295,35.0000,1.9722
360,335,283,37.5000,1.9321
360,335,296,33.0000,1.8815
361,348,322,35.0000,2.0944
362,394,357,35.0000,1.9111
363,368,297,80.0000,1.9146
364,285,238,50.0000,2.1276
364,285,275,35.0000,2.0909
366,356,272,37.5000,1.9321
367,284,237,70.0000,2.0944
367,284,271,63.0000,2.0944
368,297,231,50.0000,1.9111
368,297,289,58.3500,1.9670
368,297,306,37.5000,1.9321
368,363,337,38.0000,2.0665
368,388,333,80.0000,2.1014
370,308,259,37.5000,1.9321
370,308,293,37.5000,1.9321
370,308,331,37.5000,1.9321
372,412,364,35.0000,1.9111
373,350,303,35.0000,2.0909
373,350,349,50.0000,2.1276
373,356,272,63.0000,1.9391
373,356,366,35.0000,1.9111
374,382,317,80.0000,2.1014
375,348,322,35.0000,2.0909
375,348,361,35.0000,2.0909
376,370,308,50.0000,1.9111
376,370,352,35.0000,1.9111
377,375,348,80.0000,2.1450
378,305,268,35.0000,2.0944
378,305,291,63.0000,2.0944
378,387,328,35.0000,1.9111
379,415,375,35.0000,1.9111
382,317,248,63.0000,1.9391
382,317,286,63.0000,1.9216
382,317,345,35.0000,1.9111
383,367,284,35.0000,2.0944
385,397,313,63.0000,1.9391
386,364,285,80.0000,2.1450
387,378,305,70.0000,2.0944
388,368,297,63.0000,1.9391
388,368,363,63.0000,1.9216
389,363,337,35.0000,2.0909
389,363,368,50.0000,2.1276
389,394,357,63.0000,1.9216
389,394,362,35.0000,1.9111
390,325,283,80.0000,2.1014
390,325,286,80.0000,2.1450
392,357,277,35.0000,2.0909
393,423,387,63.0000,1.9391
394,357,277,50.0000,2.1276
394,357,392,38.0000,2.0665
394,389,363,70.0000,2.0351
395,401,329,37.5000,1.9321
396,402,335,70.0000,2.0944
397,313,247,63.0000,1.9897
397,313,290,37.5000,1.9321
397,313,326,37.5000,1.9321
397,385,323,80.0000,2.1014
398,418,365,35.0000,1.9111
399,376,370,55.0000,1.8937
401,329,255,58.3500,1.9670
401,329,327,37.5000,1.9321
401,329,334,37.5000,1.9321
401,444,400,37.5000,1.9321
402,335,283,63.0000,1.9897
402,335,296,35.0000,1.9111
402,335,360,35.0000,1.9111
402,396,332,35.0000,2.0944
403,315,282,37.5000,1.9321
403,315,287,37.5000,1.9321
403,315,312,37.5000,1.9321
403,411,393,50.0000,2.1276
404,321,271,63.0000,2.0944
404,321,302,35.0000,2.0944
404,425,367,63.0000,2.0944
407,318,273,50.0000,1.9111
407,318,299,37.5000,1.9321
407,318,304,37.5000,1.9321
408,356,272,80.0000,1.9146
408,356,366,35.0000,1.9111
408,356,373,63.0000,1.9216
409,423,387,37.5000,1.9321
409,423,393,35.0000,1.9111
410,397,313,37.5000,1.9321
410,397,385,35.0000,1.9111
411,393,359,80.0000,2.1450
411,403,315,80.0000,1.9146
412,364,285,70.0000,2.0351
412,364,386,80.0000,2.1014
413,373,350,80.0000,2.1450
413,373,356,80.0000,2.1014
414,436,408,80.0000,2.1450
415,375,348,70.0000,2.0351
415,375,377,80.0000,2.1014
415,449,406,37.5000,1.9321
416,387,328,33.0000,1.8815
416,387,378,35.0000,1.9111
417,368,297,37.5000,1.9321
417,368,363,35.0000,1.9111
417,368,388,35.0000,1.9111
418,365,391,55.0000,1.8937
419,358,291,63.0000,2.0944
419,358,347,70.0000,2.0944
419,435,378,63.0000,2.0944
420,389,363,80.0000,2.1450
420,389,394,80.0000,2.1014
421,424,407,38.0000,2.0665
422,408,356,38.0000,2.0665
423,387,328,37.5000,1.9321
423,387,378,63.0000,1.9897
423,387,416,37.5000,1.9321
423,393,359,80.0000,2.1014
423,393,411,70.0000,2.0351
424,407,318,80.0000,1.9146
425,367,284,63.0000,2.0944
425,367,383,35.0000,2.0944
425,404,321,63.0000,2.0944
426,349,278,63.0000,1.9391
426,349,340,37.5000,1.9321
426,349,350,80.0000,1.9146
426,432,371,44.0000,1.6755
427,403,315,37.5000,1.9321
427,403,411,35.0000,1.9111
430,449,406,33.0000,1.8815
430,449,415,37.5000,1.9321
431,447,380,35.0000,1.9111
432,426,349,50.0000,1.8954
433,344,310,37.5000,1.9321
433,344,316,80.0000,1.9408
433,344,330,37.5000,1.9321
433,478,428,37.5000,1.9321
434,441,407,80.0000,2.1014
435,378,305,63.0000,2.0944
435,378,387,70.0000,2.0944
435,419,358,63.0000,2.0944
436,408,356,50.0000,2.1276
436,408,422,35.0000,2.0909
439,426,349,37.5000,1.9321
439,426,432,35.0000,1.9111
441,407,318,63.0000,1.9391
441,407,424,63.0000,1.9216
442,353,309,63.0000,1.9216
442,353,311,63.0000,1.9391
442,353,338,35.0000,1.9111
443,476,404,35.0000,1.9111
444,401,329,58.3500,1.9670
444,401,395,37.5000,1.9321
444,450,385,50.0000,2.1276
445,407,318,37.5000,1.9321
445,407,424,35.0000,1.9111
445,407,441,35.0000,1.9111
446,418,365,35.0000,1.9111
446,418,398,33.0000,1.8815
447,380,381,55.0000,1.8937
447,448,384,37.5000,1.9321
448,447,380,50.0000,1.9111
448,447,431,37.5000,1.9321
449,415,375,63.0000,1.9391
449,415,379,37.5000,1.9321
450,385,323,80.0000,2.1450
450,385,397,70.0000,2.0351
450,444,400,35.0000,1.9111
450,444,401,80.0000,1.9146
451,412,364,35.0000,1.9111
451,412,372,33.0000,1.8815
452,401,329,37.5000,1.9321
452,401,395,33.0000,1.8815
452,401,444,37.5000,1.9321
453,468,396,35.0000,2.0944
454,424,407,50.0000,2.1276
454,424,421,35.0000,2.0909
455,433,344,37.5000,1.9321
456,502,442,35.0000,2.0909
457,474,412,38.0000,2.0665
458,460,382,35.0000,2.0909
459,411,393,35.0000,2.0909
459,411,403,38.0000,2.0665
460,382,317,70.0000,2.0351
460,382,374,80.0000,2.1450
461,403,315,63.0000,1.9391
461,403,411,63.0000,1.9216
461,403,427,35.0000,1.9111
461,481,440,35.0000,2.0909
462,476,404,35.0000,1.9111
462,476,443,33.0000,1.8815
464,478,428,33.0000,1.8815
464,478,433,37.5000,1.9321
465,370,308,58.3500,1.9670
465,370,352,37.5000,1.9321
465,370,376,50.0000,1.9111
466,454,424,80.0000,2.1450
467,505,454,35.0000,1.9111
468,396,332,35.0000,2.0944
468,396,402,63.0000,2.0944
469,448,384,33.0000,1.8815
469,448,447,37.5000,1.9321
471,397,313,80.0000,1.9146
471,397,385,63.0000,1.9216
471,397,410,35.0000,1.9111
472,388,333,80.0000,2.1450
472,388,368,70.0000,2.0351
472,505,454,63.0000,1.9216
472,505,467,35.0000,1.9111
473,369,346,37.5000,1.9321
473,369,351,37.5000,1.9321
473,369,355,37.5000,1.9321
473,507,470,37.5000,1.9321
473,520,463,37.5000,1.9321
474,412,364,63.0000,1.9216
474,412,372,35.0000,1.9111
474,412,451,35.0000,1.9111
475,477,465,80.0000,2.1014
476,404,321,70.0000,2.0944
476,404,425,70.0000,2.0944
477,465,370,63.0000,1.9391
478,433,344,58.3500,1.9670
478,433,455,37.5000,1.9321
479,433,344,37.5000,1.9321
479,433,455,33.0000,1.8815
479,433,478,37.5000,1.9321
480,507,470,33.0000,1.8815
480,507,473,37.5000,1.9321
481,461,403,70.0000,2.0351
481,519,418,80.0000,1.9146
482,419,358,35.0000,2.0944
482,419,435,35.0000,2.0944
483,512,436,35.0000,1.9111
484,441,407,70.0000,2.0351
484,441,434,80.0000,2.1450
484,506,438,35.0000,1.9111
484,511,437,35.0000,1.9111
485,415,375,35.0000,1.9111
485,415,379,33.0000,1.8815
485,415,449,37.5000,1.9321
488,471,397,38.0000,2.0665
489,513,471,80.0000,2.1450
490,442,353,80.0000,2.1014
491,521,487,37.5000,1.9321
493,426,349,37.5000,1.9321
493,426,432,35.0000,1.9111
493,426,439,33.0000,1.8815
494,487,405,33.0000,1.8815
495,461,403,80.0000,2.1014
495,461,481,80.0000,2.1450
496,504,477,35.0000,2.0909
499,394,357,80.0000,1.9146
499,394,362,37.5000,1.9321
499,394,389,63.0000,1.9391
499,521,487,58.3500,1.9670
499,521,491,37.5000,1.9321
500,473,369,37.5000,1.9321
501,402,335,70.0000,2.0944
501,402,396,63.0000,2.0944
502,442,353,70.0000,2.0351
502,442,490,80.0000,2.1450
503,465,370,37.5000,1.9321
503,465,477,35.0000,1.9111
504,477,465,70.0000,2.0351
504,477,475,80.0000,2.1450
504,512,436,63.0000,1.9216
504,512,483,35.0000,1.9111
505,454,424,70.0000,2.0351
505,454,466,80.0000,2.1014
505,472,388,50.0000,2.1276
506,484,441,50.0000,2.1276
506,514,429,37.5000,1.9321
507,473,369,58.3500,1.9670
507,473,500,37.5000,1.9321
508,448,384,33.0000,1.8815
508,448,447,37.5000,1.9321
508,448,469,33.0000,1.8815
509,425,367,35.0000,2.0944
509,425,404,35.0000,2.0944
510,435,378,35.0000,2.0944
510,435,419,35.0000,2.0944
511,484,441,50.0000,2.1276
511,484,506,50.0000,2.0595
512,436,408,70.0000,2.0351
512,436,414,80.0000,2.1014
512,504,477,50.0000,2.1276
512,504,496,38.0000,2.0665
513,471,397,50.0000,2.1276
513,471,488,35.0000,2.0909
514,506,438,37.5000,1.9321
514,506,484,80.0000,1.9146
514,544,511,58.3500,1.9670
515,450,385,35.0000,2.0909
515,450,444,38.0000,2.0665
516,501,402,35.0000,2.0944
519,418,365,50.0000,1.9111
519,418,398,37.5000,1.9321
519,418,446,37.5000,1.9321
519,481,440,38.0000,2.0665
519,481,461,50.0000,2.1276
520,473,369,58.3500,1.9670
520,473,500,37.5000,1.9321
520,473,507,58.3500,1.9670
521,487,405,37.5000,1.9321
521,487,494,37.5000,1.9321
521,499,394,58.3500,1.9670
522,487,405,33.0000,1.8815
522,487,494,33.0000,1.8815
522,487,521,37.5000,1.9321
523,472,388,35.0000,2.0909
523,472,505,38.0000,2.0665
524,534,460,63.0000,1.9216
525,465,370,80.0000,1.9146
525,465,477,63.0000,1.9216
525,465,503,35.0000,1.9111
526,525,465,38.0000,2.0665
527,499,394,37.5000,1.9321
527,499,521,37.5000,1.9321
528,499,394,37.5000,1.9321
528,499,521,37.5000,1.9321
528,499,527,33.0000,1.8815
530,520,463,33.0000,1.8815
530,520,473,37.5000,1.9321
531,544,511,37.5000,1.9321
531,544,514,37.5000,1.9321
532,423,387,80.0000,1.9146
532,423,393,63.0000,1.9216
532,423,409,35.0000,1.9111
534,460,382,50.0000,2.1276
534,460,458,38.0000,2.0665
534,524,498,80.0000,2.1014
535,565,519,80.0000,2.1014
536,534,460,35.0000,1.9111
536,534,524,35.0000,1.9111
537,447,380,50.0000,1.9111
537,447,431,37.5000,1.9321
537,447,448,58.3500,1.9670
537,538,524,50.0000,2.1276
538,524,498,80.0000,2.1450
538,524,534,70.0000,2.0351
538,537,447,80.0000,1.9146
539,537,447,37.5000,1.9321
539,537,538,35.0000,1.9111
540,444,400,35.0000,1.9111
540,444,401,63.0000,1.9391
540,444,450,63.0000,1.9216
542,474,412,50.0000,2.1276
542,474,457,35.0000,2.0909
542,580,533,35.0000,1.9111
543,514,429,33.0000,1.8815
543,514,506,37.5000,1.9321
544,511,437,37.5000,1.9321
544,511,484,80.0000,1.9146
544,514,429,37.5000,1.9321
544,514,506,58.3500,1.9670
544,514,543,37.5000,1.9321
545,575,540,35.0000,2.0909
547,582,513,63.0000,1.9216
549,511,437,33.0000,1.8815
549,511,484,35.0000,1.9111
549,511,544,37.5000,1.9321
551,519,418,37.5000,1.9321
551,519,481,35.0000,1.9111
553,449,406,37.5000,1.9321
553,449,415,58.3500,1.9670
553,449,430,37.5000,1.9321
553,596,547,70.0000,2.0351
555,468,396,63.0000,2.0944
555,468,453,35.0000,2.0944
555,564,501,63.0000,2.0944
556,550,517,35.0000,2.0944
558,532,423,38.0000,2.0665
559,553,449,37.5000,1.9321
560,579,529,33.0000,1.8815
562,538,524,35.0000,2.0909
562,538,537,38.0000,2.0665
563,542,474,80.0000,2.1450
564,501,402,63.0000,2.0944
564,501,516,35.0000,2.0944
564,555,468,63.0000,2.0944
565,519,418,63.0000,1.9391
565,519,481,63.0000,1.9216
565,519,551,35.0000,1.9111
566,507,470,33.0000,1.8815
566,507,473,37.5000,1.9321
566,507,480,33.0000,1.8815
567,594,532,80.0000,2.1450
568,476,404,63.0000,1.9897
568,476,443,37.5000,1.9321
568,476,462,37.5000,1.9321
570,602,520,80.0000,1.9146
570,641,568,70.0000,2.0351
571,525,465,50.0000,2.1276
571,525,526,35.0000,2.0909
573,478,428,37.5000,1.9321
573,478,433,58.3500,1.9670
573,478,464,37.5000,1.9321
573,591,554,80.0000,2.1014
573,600,548,38.0000,2.0665
575,540,444,70.0000,2.0351
576,492,497,55.0000,1.8937
576,580,533,37.5000,1.9321
576,580,542,63.0000,1.9391
577,593,546,33.0000,1.8815
578,540,444,80.0000,2.1014
578,540,575,80.0000,2.1450
579,593,546,37.5000,1.9321
579,593,577,37.5000,1.9321
580,542,474,70.0000,2.0351
580,542,563,80.0000,2.1014
580,576,492,50.0000,1.9111
581,568,476,37.5000,1.9321
582,513,471,70.0000,2.0351
582,513,489,80.0000,2.1014
582,547,486,38.0000,2.0665
584,571,525,80.0000,2.1450
588,506,438,35.0000,1.9111
588,506,484,63.0000,1.9216
588,506,514,63.0000,1.9391
588,618,569,35.0000,2.0909
589,628,574,33.0000,1.8815
590,502,442,50.0000,2.1276
590,502,456,38.0000,2.0665
591,573,478,63.0000,1.9391
593,579,529,37.5000,1.9321
593,579,560,37.5000,1.9321
594,532,423,50.0000,2.1276
594,532,558,35.0000,2.0909
595,590,502,35.0000,1.9111
596,547,486,35.0000,2.0909
596,547,582,50.0000,2.1276
596,553,449,63.0000,1.9391
596,553,559,35.0000,1.9111
598,505,454,63.0000,1.9391
598,505,467,37.5000,1.9321
598,505,472,80.0000,1.9146
599,603,550,80.0000,2.1450
600,573,478,80.0000,1.9146
600,573,591,63.0000,1.9216
601,627,583,33.0000,1.8815
602,520,463,37.5000,1.9321
602,520,473,58.3500,1.9670
602,520,530,37.5000,1.9321
602,570,518,38.0000,2.0665
603,550,517,35.0000,2.0909
603,550,556,35.0000,2.0909
604,660,590,37.5000,1.9321
605,512,436,63.0000,1.9391
605,512,483,37.5000,1.9321
605,512,504,80.0000,1.9146
605,627,583,37.5000,1.9321
605,627,601,37.5000,1.9321
607,576,492,35.0000,1.9111
607,576,580,37.5000,1.9321
608,665,598,37.5000,1.9321
609,598,505,37.5000,1.9321
610,555,468,35.0000,2.0944
610,555,564,35.0000,2.0944
611,655,571,35.0000,1.9111
613,582,513,35.0000,1.9111
613,582,547,35.0000,1.9111
615,553,449,80.0000,1.9146
615,553,559,35.0000,1.9111
615,553,596,63.0000,1.9216
615,652,585,80.0000,2.1450
616,673,606,33.0000,1.8815
617,521,487,58.3500,1.9670
617,521,491,37.5000,1.9321
617,521,499,58.3500,1.9670
618,588,506,70.0000,2.0351
619,625,568,50.0000,2.1276
619,647,561,35.0000,1.9111
620,602,520,37.5000,1.9321
620,602,570,35.0000,1.9111
621,544,511,37.5000,1.9321
621,544,514,37.5000,1.9321
621,544,531,33.0000,1.8815
622,634,534,37.5000,1.9321
624,576,492,35.0000,1.9111
624,576,580,37.5000,1.9321
624,576,607,33.0000,1.8815
625,568,476,80.0000,1.9146
625,568,581,35.0000,1.9111
625,619,587,80.0000,2.1450
626,656,590,80.0000,2.1014
627,605,512,58.3500,1.9670
628,630,552,37.5000,1.9321
629,573,478,37.5000,1.9321
629,573,591,35.0000,1.9111
629,573,600,35.0000,1.9111
630,628,574,37.5000,1.9321
630,628,589,37.5000,1.9321
630,666,592,80.0000,2.1014
632,674,614,33.0000,1.8815
634,534,460,80.0000,1.9146
634,534,524,63.0000,1.9391
634,534,536,37.5000,1.9321
635,675,612,70.0000,2.3178
636,537,447,63.0000,1.9391
636,537,538,63.0000,1.9216
636,537,539,35.0000,1.9111
639,605,512,37.5000,1.9321
639,605,627,37.5000,1.9321
640,598,505,37.5000,1.9321
640,598,609,33.0000,1.8815
641,568,476,63.0000,1.9391
641,568,581,35.0000,1.9111
641,568,625,63.0000,1.9216
641,570,518,35.0000,2.0909
641,570,602,50.0000,2.1276
644,634,534,37.5000,1.9321
644,634,622,33.0000,1.8815
646,677,582,37.5000,1.9321
647,619,587,80.0000,2.1014
647,619,625,70.0000,2.0351
647,690,633,38.0000,2.0665
647,694,643,37.5000,1.9321
648,697,603,35.0000,1.9111
649,588,506,80.0000,2.1014
649,588,618,80.0000,2.1450
650,564,501,35.0000,2.0944
650,564,555,35.0000,2.0944
651,591,554,80.0000,2.1450
651,591,573,70.0000,2.0351
651,655,571,63.0000,1.9216
651,655,611,35.0000,1.9111
652,615,553,50.0000,2.1276
655,571,525,70.0000,2.0351
655,571,584,80.0000,2.1014
655,651,591,50.0000,2.1276
656,590,502,63.0000,1.9216
656,590,595,35.0000,1.9111
657,617,521,37.5000,1.9321
659,617,521,37.5000,1.9321
659,617,657,33.0000,1.8815
660,590,502,80.0000,1.9146
660,590,595,37.5000,1.9321
660,590,656,63.0000,1.9391
660,671,597,55.0000,1.8937
661,625,568,38.0000,2.0665
661,625,619,35.0000,2.0909
662,636,537,80.0000,2.1014
664,700,636,35.0000,2.0909
665,598,505,58.3500,1.9670
665,598,609,37.5000,1.9321
665,598,640,37.5000,1.9321
666,630,552,35.0000,1.9111
666,630,628,63.0000,1.9391
667,692,605,37.5000,1.9321
668,651,591,35.0000,2.0909
668,651,655,38.0000,2.0665
669,698,612,35.0000,2.1223
670,617,521,37.5000,1.9321
670,617,657,33.0000,1.8815
670,617,659,33.0000,1.8815
671,660,590,50.0000,1.9111
671,660,604,35.0000,1.9111
672,692,605,37.5000,1.9321
672,692,667,33.0000,1.8815
674,687,575,80.0000,1.9146
675,612,541,35.0000,2.1485
675,635,557,35.0000,2.0944
676,665,598,37.5000,1.9321
676,665,608,33.0000,1.8815
677,582,513,63.0000,1.9391
677,582,547,80.0000,1.9146
677,582,613,37.5000,1.9321
678,694,643,37.5000,1.9321
678,694,647,58.3500,1.9670
679,565,519,70.0000,2.0351
679,565,535,80.0000,2.1450
681,689,580,38.0000,2.0665
682,615,553,38.0000,2.0665
682,615,652,35.0000,2.0909
683,753,673,37.5000,1.9321
684,711,638,35.0000,1.9111
685,707,637,35.0000,1.9111
686,707,637,33.0000,1.8815
686,707,685,35.0000,1.9111
687,575,540,50.0000,2.1276
687,575,545,38.0000,2.0665
687,674,614,37.5000,1.9321
687,674,632,37.5000,1.9321
688,717,635,35.0000,2.0944
689,580,533,35.0000,1.9111
689,580,542,63.0000,1.9216
689,580,576,80.0000,1.9146
690,647,561,35.0000,1.9111
690,647,619,63.0000,1.9216
691,751,679,35.0000,1.9111
692,605,512,58.3500,1.9670
692,605,627,58.3500,1.9670
692,605,639,37.5000,1.9321
693,708,658,35.0000,1.9111
694,647,561,37.5000,1.9321
694,647,619,63.0000,1.9391
694,647,690,80.0000,1.9146
694,678,586,37.5000,1.9321
695,708,658,35.0000,1.9111
695,708,693,35.0000,1.9111
697,603,550,70.0000,2.0351
697,603,599,80.0000,2.1014
698,612,541,35.0000,2.0944
698,612,675,70.0000,1.9478
699,579,529,37.5000,1.9321
699,579,560,37.5000,1.9321
699,579,593,58.3500,1.9670
700,636,537,70.0000,2.0351
700,636,662,80.0000,2.1450
701,596,547,80.0000,2.1450
701,596,553,80.0000,2.1014
702,679,565,35.0000,2.0909
705,630,552,35.0000,1.9111
705,630,628,80.0000,1.9146
705,630,666,63.0000,1.9216
705,720,663,80.0000,2.1450
706,678,586,33.0000,1.8815
706,678,694,37.5000,1.9321
707,685,572,44.0000,1.6755
709,699,579,37.5000,1.9321
711,684,653,70.0000,2.0420
711,716,642,37.5000,1.9321
712,715,602,80.0000,2.1014
713,699,579,37.5000,1.9321
713,699,709,33.0000,1.8815
714,600,548,35.0000,2.0909
714,600,573,50.0000,2.1276
714,728,654,35.0000,1.9111
715,602,520,63.0000,1.9391
715,602,570,63.0000,1.9216
715,602,620,35.0000,1.9111
716,711,638,37.5000,1.9321
716,711,684,63.0000,1.9391
716,728,654,37.5000,1.9321
716,728,714,63.0000,1.9391
717,635,557,35.0000,2.0944
717,635,675,85.0000,2.0944
718,725,594,35.0000,1.9111
719,593,546,35.0000,1.9111
719,593,577,35.0000,1.9111
719,593,579,80.0000,1.9146
719,766,687,70.0000,2.0351
719,774,699,80.0000,1.9146
720,705,630,50.0000,2.1276
720,788,700,63.0000,1.9216
721,733,631,35.0000,1.9111
723,627,583,33.0000,1.8815
723,627,601,33.0000,1.8815
723,627,605,37.5000,1.9321
725,594,532,70.0000,2.0351
725,594,567,80.0000,2.1014
727,777,722,33.0000,1.8815
728,714,600,70.0000,2.0351
728,716,642,37.5000,1.9321
728,716,711,58.3500,1.9670
729,780,725,37.5000,1.9321
730,678,586,33.0000,1.8815
730,678,694,37.5000,1.9321
730,678,706,33.0000,1.8815
731,673,606,33.0000,1.8815
731,673,616,33.0000,1.8815
732,677,582,37.5000,1.9321
732,677,646,33.0000,1.8815
733,631,645,55.0000,1.8937
733,741,618,80.0000,1.9146
734,697,603,35.0000,1.9111
734,697,648,33.0000,1.8815
736,787,725,38.0000,2.0665
737,656,590,70.0000,2.0351
737,656,626,80.0000,2.1450
739,677,582,37.5000,1.9321
739,677,646,33.0000,1.8815
739,677,732,33.0000,1.8815
740,746,628,55.0000,1.8937
741,618,569,38.0000,2.0665
741,618,588,50.0000,2.1276
741,733,631,50.0000,1.9111
741,733,721,37.5000,1.9321
743,660,590,37.5000,1.9321
743,660,604,33.0000,1.8815
743,660,671,35.0000,1.9111
746,628,574,35.0000,1.9111
746,628,589,35.0000,1.9111
746,628,630,50.0000,1.9111
747,641,568,80.0000,2.1014
747,641,570,80.0000,2.1450
748,687,575,35.0000,1.9111
748,687,674,37.5000,1.9321
749,756,634,37.5000,1.9321
750,737,656,35.0000,2.0909
751,679,565,50.0000,2.1276
751,679,702,38.0000,2.0665
751,790,696,50.0000,1.9111
753,673,606,37.5000,1.9321
753,673,616,37.5000,1.9321
753,673,731,37.5000,1.9321
753,810,742,37.5000,1.9321
754,684,653,80.0000,2.1991
754,684,711,70.0000,2.0420
755,774,699,37.5000,1.9321
755,774,719,35.0000,1.9111
756,634,534,58.3500,1.9670
756,634,622,37.5000,1.9321
756,634,644,37.5000,1.9321
756,775,710,37.5000,1.9321
757,783,738,35.0000,2.0944
758,795,697,37.5000,1.9321
759,705,630,38.0000,2.0665
759,705,720,35.0000,2.0909
760,786,735,33.0000,1.8815
761,771,652,35.0000,1.9111
762,674,614,33.0000,1.8815
762,674,632,33.0000,1.8815
762,674,687,37.5000,1.9321
764,741,618,35.0000,1.9111
764,741,733,37.5000,1.9321
766,687,575,63.0000,1.9216
766,687,674,63.0000,1.9391
766,687,748,35.0000,1.9111
766,719,593,50.0000,2.1276
770,821,763,33.0000,1.8815
771,652,585,80.0000,2.1014
771,652,615,70.0000,2.0351
771,803,767,38.0000,2.0665
772,785,703,33.0000,1.8815
774,699,579,58.3500,1.9670
774,699,709,37.5000,1.9321
774,699,713,37.5000,1.9321
774,719,593,50.0000,2.0595
774,719,766,50.0000,2.1276
775,756,634,58.3500,1.9670
775,756,749,37.5000,1.9321
777,845,776,37.5000,1.9321
778,655,571,63.0000,1.9391
778,655,611,37.5000,1.9321
778,655,651,80.0000,1.9146
778,786,735,37.5000,1.9321
778,786,760,37.5000,1.9321
779,775,710,33.0000,1.8815
779,775,756,37.5000,1.9321
780,725,594,63.0000,1.9391
780,725,718,37.5000,1.9321
780,811,757,70.0000,2.0944
781,828,753,37.5000,1.9321
782,666,592,80.0000,2.1450
782,666,630,70.0000,2.0351
783,757,680,35.0000,2.0944
784,797,715,35.0000,2.0909
786,778,655,58.3500,1.9670
787,725,594,63.0000,1.9216
787,725,718,35.0000,1.9111
787,725,780,80.0000,1.9146
788,700,636,50.0000,2.1276
788,700,664,38.0000,2.0665
788,720,663,80.0000,2.1014
788,720,705,70.0000,2.0351
789,665,598,63.0000,1.9391
789,665,608,35.0000,1.9111
789,665,676,35.0000,1.9111
789,818,769,35.0000,2.0909
790,696,623,55.0000,1.8937
790,751,679,80.0000,1.9146
790,751,691,37.5000,1.9321
791,849,790,37.5000,1.9321
792,711,638,33.0000,1.8815
792,711,684,35.0000,1.9111
792,711,716,37.5000,1.9321
793,842,782,35.0000,1.9111
794,716,642,33.0000,1.8815
794,716,711,37.5000,1.9321
794,716,728,37.5000,1.9321
795,697,603,63.0000,1.9391
795,697,648,37.5000,1.9321
795,697,734,37.5000,1.9321
796,785,703,33.0000,1.8815
796,785,772,33.0000,1.8815
797,715,602,70.0000,2.0351
797,715,712,80.0000,2.1450
798,675,612,70.0000,1.8221
798,675,635,85.0000,2.1415
798,805,698,85.0000,1.8570
800,689,580,50.0000,2.1276
800,689,681,35.0000,2.0909
801,714,600,80.0000,2.1450
801,714,728,80.0000,2.1014
802,838,751,80.0000,2.1014
803,771,652,63.0000,1.9216
803,771,761,35.0000,1.9111
804,778,655,37.5000,1.9321
804,778,786,37.5000,1.9321
805,698,612,70.0000,1.8972
805,698,669,35.0000,2.0944
805,798,675,85.0000,1.8989
806,690,633,35.0000,2.0909
806,690,647,50.0000,2.1276
806,833,737,63.0000,1.9216
807,840,741,70.0000,2.0351
808,733,631,35.0000,1.9111
808,733,721,33.0000,1.8815
808,733,741,37.5000,1.9321
809,890,807,63.0000,1.9216
810,753,673,58.3500,1.9670
810,753,683,37.5000,1.9321
810,866,809,50.0000,2.1276
811,757,680,35.0000,2.0944
811,757,783,63.0000,2.0944
811,780,725,63.0000,1.9897
811,780,729,35.0000,1.9111
812,694,643,35.0000,1.9111
812,694,647,50.0000,1.9111
812,694,678,50.0000,1.9111
813,825,752,33.0000,1.8815
817,800,689,80.0000,2.1450
818,789,665,70.0000,2.0351
819,824,707,37.5000,1.9321
820,692,605,58.3500,1.9670
820,692,667,37.5000,1.9321
820,692,672,37.5000,1.9321
823,788,700,35.0000,1.9111
823,788,720,35.0000,1.9111
824,707,637,37.5000,1.9321
824,707,685,50.0000,1.8954
824,707,686,37.5000,1.9321
824,860,803,70.0000,2.0351
825,869,768,50.0000,1.9111
826,829,744,33.0000,1.8815
827,795,697,37.5000,1.9321
827,795,758,33.0000,1.8815
828,753,673,58.3500,1.9670
828,753,683,37.5000,1.9321
828,753,810,58.3500,1.9670
829,877,815,37.5000,1.9321
831,708,658,35.0000,1.9111
831,708,693,35.0000,1.9111
831,708,695,35.0000,1.9111
831,882,830,37.5000,1.9321
832,842,782,80.0000,1.9146
832,842,793,37.5000,1.9321
832,881,822,55.0000,1.8937
833,737,656,50.0000,2.1276
833,737,750,38.0000,2.0665
833,806,690,70.0000,2.0351
834,728,654,35.0000,1.9111
834,728,714,63.0000,1.9216
834,728,716,80.0000,1.9146
834,855,773,80.0000,2.1450
835,717,635,63.0000,2.0944
835,717,688,35.0000,2.0944
835,878,798,63.0000,2.0944
836,777,722,33.0000,1.8815
836,777,727,33.0000,1.8815
837,856,756,37.5000,1.9321
838,751,679,63.0000,1.9216
838,751,691,35.0000,1.9111
838,751,790,63.0000,1.9391
839,871,778,37.5000,1.9321
840,741,618,63.0000,1.9216
840,741,733,63.0000,1.9391
840,741,764,35.0000,1.9111
840,807,724,35.0000,2.0909
841,782,666,35.0000,2.0909
842,782,666,50.0000,2.1276
842,782,841,38.0000,2.0665
842,832,745,37.5000,1.9321
843,872,771,37.5000,1.9321
845,777,722,37.5000,1.9321
845,777,727,37.5000,1.9321
845,777,836,37.5000,1.9321
847,882,830,33.0000,1.8815
847,882,831,37.5000,1.9321
848,820,692,37.5000,1.9321
849,790,696,50.0000,1.9111
849,790,751,58.3500,1.9670
850,905,795,80.0000,1.9146
850,914,821,70.0000,2.0351
851,924,845,37.5000,1.9321
852,831,708,35.0000,1.9111
853,790,696,35.0000,1.9111
853,790,751,37.5000,1.9321
853,790,849,37.5000,1.9321
854,897,788,37.5000,1.9321
855,834,728,50.0000,2.1276
856,756,634,58.3500,1.9670
856,756,749,37.5000,1.9321
856,756,775,58.3500,1.9670
857,820,692,37.5000,1.9321
857,820,848,33.0000,1.8815
859,812,694,55.0000,1.8937
860,803,767,35.0000,2.0909
860,803,771,50.0000,2.1276
860,824,707,63.0000,1.9391
860,824,819,35.0000,1.9111
862,775,710,33.0000,1.8815
862,775,756,37.5000,1.9321
862,775,779,33.0000,1.8815
864,780,725,37.5000,1.9321
864,780,729,33.0000,1.8815
864,780,811,35.0000,1.9111
865,789,665,80.0000,2.1014
865,789,818,80.0000,2.1450
866,809,704,80.0000,2.1450
866,810,742,35.0000,1.9111
866,810,753,80.0000,1.9146
867,856,756,37.5000,1.9321
867,856,837,33.0000,1.8815
868,766,687,80.0000,2.1014
868,766,719,80.0000,2.1450
869,768,726,55.0000,1.8937
869,825,752,37.5000,1.9321
869,825,813,37.5000,1.9321
870,911,800,35.0000,1.9111
871,778,655,58.3500,1.9670
871,778,786,58.3500,1.9670
871,778,804,37.5000,1.9321
872,771,652,63.0000,1.9391
872,771,761,37.5000,1.9321
872,771,803,80.0000,1.9146
873,872,771,37.5000,1.9321
873,872,843,33.0000,1.8815
874,849,790,37.5000,1.9321
874,849,791,33.0000,1.8815
875,929,845,37.5000,1.9321
876,833,737,35.0000,1.9111
876,833,806,35.0000,1.9111
877,829,744,37.5000,1.9321
877,829,826,37.5000,1.9321
877,906,785,58.3500,1.9670
878,798,675,85.0000,2.0281
878,798,805,85.0000,2.3544
878,835,717,63.0000,2.0944
879,783,738,35.0000,2.0944
879,783,757,63.0000,2.0944
880,820,692,37.5000,1.9321
880,820,848,33.0000,1.8815
880,820,857,33.0000,1.8815
881,832,745,35.0000,1.9111
881,832,842,50.0000,1.9111
882,831,708,80.0000,1.9408
882,831,852,37.5000,1.9321
883,786,735,33.0000,1.8815
883,786,760,33.0000,1.8815
883,786,778,37.5000,1.9321
887,831,708,35.0000,1.9111
887,831,852,33.0000,1.8815
887,831,882,37.5000,1.9321
888,926,846,33.0000,1.8815
889,922,805,35.0000,1.9111
890,807,724,38.0000,2.0665
890,807,840,50.0000,2.1276
890,809,704,80.0000,2.1014
890,809,866,70.0000,2.0351
891,806,690,80.0000,2.1450
891,806,833,80.0000,2.1014
892,828,753,37.5000,1.9321
892,828,781,33.0000,1.8815
893,917,810,70.0000,2.0351
894,871,778,37.5000,1.9321
894,871,839,33.0000,1.8815
895,832,745,33.0000,1.8815
895,832,842,37.5000,1.9321
895,832,881,35.0000,1.9111
896,787,725,50.0000,2.1276
896,787,736,35.0000,2.0909
897,788,700,80.0000,1.9146
897,788,720,63.0000,1.9391
897,788,823,37.5000,1.9321
897,940,863,37.5000,1.9321
898,956,890,37.5000,1.9321
899,829,744,33.0000,1.8815
899,829,826,33.0000,1.8815
899,829,877,37.5000,1.9321
901,821,763,35.0000,1.9111
901,821,770,35.0000,1.9111
901,927,886,80.0000,2.1450
902,828,753,37.5000,1.9321
902,828,781,33.0000,1.8815
902,828,892,33.0000,1.8815
904,921,797,63.0000,1.9216
905,795,697,58.3500,1.9670
905,795,758,37.5000,1.9321
905,795,827,37.5000,1.9321
905,850,765,38.0000,2.0665
906,785,703,37.5000,1.9321
906,785,772,37.5000,1.9321
906,785,796,37.5000,1.9321
906,877,815,37.5000,1.9321
906,877,829,58.3500,1.9670
906,976,896,63.0000,1.9391
907,825,752,33.0000,1.8815
907,825,813,33.0000,1.8815
907,825,869,37.5000,1.9321
908,933,833,37.5000,1.9321
909,869,768,35.0000,1.9111
909,869,825,37.5000,1.9321
910,835,717,35.0000,2.0944
910,835,878,35.0000,2.0944
911,800,689,70.0000,2.0351
911,800,817,80.0000,2.1014
912,928,824,38.0000,2.0665
913,860,803,80.0000,2.1450
913,860,824,80.0000,2.1014
914,821,763,35.0000,1.9111
914,821,770,35.0000,1.9111
914,821,901,63.0000,1.9216
914,850,765,35.0000,2.0909
914,850,905,50.0000,2.1276
915,879,783,70.0000,2.0944
916,811,757,63.0000,2.0944
916,811,780,70.0000,2.0944
916,941,879,63.0000,2.0944
917,810,742,35.0000,1.9111
917,810,753,63.0000,1.9391
917,810,866,63.0000,1.9216
917,893,814,35.0000,2.0909
919,818,769,35.0000,2.0944
919,818,789,35.0000,2.0909
920,834,728,38.0000,2.0665
920,834,855,35.0000,2.0909
921,797,715,50.0000,2.1276
921,797,784,38.0000,2.0665
921,904,844,80.0000,2.1014
922,805,698,70.0000,2.1817
922,805,798,70.0000,2.2445
923,774,699,63.0000,1.9391
923,774,719,63.0000,1.9216
923,774,755,35.0000,1.9111
924,845,776,37.5000,1.9321
924,845,777,58.3500,1.9670
925,972,893,63.0000,1.9216
925,978,924,50.0000,2.1276
927,901,821,50.0000,2.1276
928,824,707,80.0000,1.9146
928,824,819,35.0000,1.9111
928,824,860,63.0000,1.9216
929,845,776,37.5000,1.9321
929,845,777,58.3500,1.9670
929,845,924,58.3500,1.9670
932,968,861,35.0000,1.9111
933,833,737,80.0000,1.9146
933,833,806,63.0000,1.9391
933,833,876,37.5000,1.9321
934,901,821,38.0000,2.0665
934,901,927,35.0000,2.0909
935,849,790,37.5000,1.9321
935,849,791,33.0000,1.8815
935,849,874,33.0000,1.8815
936,971,869,37.5000,1.9321
937,905,795,37.5000,1.9321
937,905,850,35.0000,1.9111
939,915,879,35.0000,1.9722
940,897,788,58.3500,1.9670
940,897,854,37.5000,1.9321
941,879,783,63.0000,2.0944
941,879,915,70.0000,2.0944
941,916,811,63.0000,2.0944
942,856,756,37.5000,1.9321
942,856,837,33.0000,1.8815
942,856,867,33.0000,1.8815
943,933,833,37.5000,1.9321
943,933,908,33.0000,1.8815
944,921,797,35.0000,1.9111
944,921,904,35.0000,1.9111
945,969,911,50.0000,2.1276
946,896,787,80.0000,2.1450
947,840,741,80.0000,2.1014
947,840,807,80.0000,2.1450
948,904,844,80.0000,2.1450
948,904,921,70.0000,2.0351
948,981,922,80.0000,1.9146
949,926,846,33.0000,1.8815
949,926,888,33.0000,1.8815
950,991,911,37.5000,1.9321
951,998,921,37.5000,1.9321
952,923,774,80.0000,2.1014
953,890,807,35.0000,1.9111
953,890,809,35.0000,1.9111
954,962,884,35.0000,1.9111
955,981,922,37.5000,1.9321
955,981,948,35.0000,1.9111
956,890,807,80.0000,1.9146
956,890,809,63.0000,1.9391
956,890,953,37.5000,1.9321
957,916,811,35.0000,2.0944
957,916,941,35.0000,2.0944
958,866,809,35.0000,2.0909
958,866,810,38.0000,2.0665
959,906,785,37.5000,1.9321
959,906,877,37.5000,1.9321
960,871,778,37.5000,1.9321
960,871,839,33.0000,1.8815
960,871,894,33.0000,1.8815
961,838,751,70.0000,2.0351
961,838,802,80.0000,2.1450
962,972,893,80.0000,1.9146
962,972,925,63.0000,1.9391
963,1023,945,35.0000,1.9111
964,877,815,33.0000,1.8815
964,877,829,37.5000,1.9321
964,877,906,37.5000,1.9321
965,940,863,33.0000,1.8815
965,940,897,37.5000,1.9321
966,929,845,37.5000,1.9321
966,929,875,33.0000,1.8815
967,996,897,37.5000,1.9321
968,861,799,55.0000,1.8937
969,911,800,63.0000,1.9216
969,911,870,35.0000,1.9111
969,945,858,80.0000,2.1450
971,869,768,50.0000,1.9111
971,869,825,58.3500,1.9670
971,869,909,37.5000,1.9321
972,893,814,38.0000,2.0665
972,893,917,50.0000,2.1276
972,925,816,80.0000,2.1014
972,962,884,37.5000,1.9321
972,962,954,50.0000,1.9111
973,842,782,63.0000,1.9216
973,842,793,35.0000,1.9111
973,842,832,63.0000,1.9391
973,994,930,35.0000,2.0909
974,976,896,35.0000,1.9111
974,976,906,37.5000,1.9321
975,878,798,35.0000,2.0944
975,878,835,35.0000,2.0944
976,896,787,70.0000,2.0351
976,896,946,80.0000,2.1014
976,906,785,58.3500,1.9670
976,906,877,58.3500,1.9670
976,906,959,37.5000,1.9321
978,924,845,80.0000,1.9146
978,924,851,35.0000,1.9111
978,925,816,80.0000,2.1450
978,925,972,70.0000,2.0351
979,999,905,70.0000,2.0351
980,922,805,35.0000,1.9111
980,922,889,33.0000,1.8815
981,922,805,63.0000,2.0176
981,922,889,37.5000,1.9321
981,922,980,37.5000,1.9321
981,948,904,50.0000,2.1276
982,987,923,50.0000,2.1276
982,1019,926,58.3500,1.9670
983,956,890,37.5000,1.9321
983,956,898,33.0000,1.8815
984,855,773,80.0000,2.1014
984,855,834,70.0000,2.0351
985,984,855,35.0000,1.9111
986,1011,924,70.0000,2.0351
987,923,774,70.0000,2.0351
987,923,952,80.0000,2.1450
987,982,885,35.0000,1.9111
988,1017,968,80.0000,1.9146
988,1027,982,70.0000,2.0351
989,961,838,35.0000,2.0909
990,1005,971,50.0000,2.1276
990,1044,979,63.0000,1.9216
991,911,800,63.0000,1.9391
991,911,870,37.5000,1.9321
991,911,969,80.0000,1.9146
992,948,904,35.0000,2.0909
992,948,981,38.0000,2.0665
994,973,842,70.0000,2.0351
995,1018,927,35.0000,1.9111
996,897,788,58.3500,1.9670
996,897,854,37.5000,1.9321
996,897,940,58.3500,1.9670
997,984,855,35.0000,1.9111
997,984,985,33.0000,1.8815
998,921,797,80.0000,1.9146
998,921,904,63.0000,1.9391
998,921,944,37.5000,1.9321
998,1045,970,80.0000,2.1014
999,905,795,63.0000,1.9391
999,905,850,63.0000,1.9216
999,905,937,35.0000,1.9111
999,979,903,35.0000,2.0909
1000,872,771,58.3500,1.9670
1000,872,843,37.5000,1.9321
1000,872,873,37.5000,1.9321
1002,929,845,37.5000,1.9321
1002,929,875,33.0000,1.8815
1002,929,966,33.0000,1.8815
1003,917,810,80.0000,2.1014
1003,917,893,80.0000,2.1450
1005,971,869,80.0000,1.9146
1005,971,936,35.0000,1.9111
1005,990,938,80.0000,2.1450
1007,914,821,80.0000,2.1014
1007,914,850,80.0000,2.1450
1009,941,879,35.0000,2.0944
1009,941,916,35.0000,2.0944
1010,1017,968,63.0000,1.9391
1010,1017,988,63.0000,1.9216
1011,924,845,63.0000,1.9391
1011,924,851,35.0000,1.9111
1011,924,978,63.0000,1.9216
1011,986,900,35.0000,2.0909
1012,1000,872,37.5000,1.9321
1013,1000,872,37.5000,1.9321
1013,1000,1012,33.0000,1.8815
1015,882,830,37.5000,1.9321
1015,882,831,58.3500,1.9670
1015,882,847,37.5000,1.9321
1016,991,911,37.5000,1.9321
1016,991,950,33.0000,1.8815
1017,968,861,50.0000,1.9111
1017,968,932,37.5000,1.9321
1017,988,918,38.0000,2.0665
1017,1010,1006,80.0000,2.1014
1018,927,886,80.0000,2.1014
1018,927,901,70.0000,2.0351
1018,1032,1010,50.0000,2.1276
1019,926,846,37.5000,1.9321
1019,926,888,37.5000,1.9321
1019,926,949,37.5000,1.9321
1019,982,885,37.5000,1.9321
1019,982,987,80.0000,1.9146
1020,1069,986,80.0000,1.9146
1021,1050,968,37.5000,1.9321
1023,945,858,80.0000,2.1014
1023,945,969,70.0000,2.0351
1024,1039,940,37.5000,1.9321
1025,954,962,55.0000,1.8937
1026,928,824,50.0000,2.1276
1026,928,912,35.0000,2.0909
1027,982,885,35.0000,1.9111
1027,982,987,63.0000,1.9216
1027,982,1019,63.0000,1.9391
1027,988,918,35.0000,2.0909
1027,988,1017,50.0000,2.1276
1028,1081,1022,33.0000,1.8815
1029,973,842,80.0000,2.1014
1029,973,994,80.0000,2.1450
1030,1057,956,55.0000,1.8937
1031,1049,961,35.0000,1.9111
1032,1010,1006,80.0000,2.1450
1032,1010,1017,70.0000,2.0351
1032,1018,927,63.0000,1.9216
1032,1018,995,35.0000,1.9111
1033,969,911,38.0000,2.0665
1033,969,945,35.0000,2.0909
1034,996,897,37.5000,1.9321
1034,996,967,33.0000,1.8815
1035,962,884,33.0000,1.8815
1035,962,954,35.0000,1.9111
1035,962,972,37.5000,1.9321
1036,1015,882,37.5000,1.9321
1037,1032,1010,35.0000,2.0909
1037,1032,1018,38.0000,2.0665
1038,1019,926,37.5000,1.9321
1038,1019,982,37.5000,1.9321
1039,940,863,37.5000,1.9321
1039,940,897,58.3500,1.9670
1039,940,965,37.5000,1.9321
1040,1020,931,35.0000,1.9111
1042,1015,882,37.5000,1.9321
1042,1015,1036,33.0000,1.8815
1043,1079,1015,37.5000,1.9321
1044,979,903,38.0000,2.0665
1044,979,999,50.0000,2.1276
1044,990,938,80.0000,2.1014
1044,990,1005,70.0000,2.0351
1045,998,921,63.0000,1.9391
1045,998,951,35.0000,1.9111
1046,978,924,38.0000,2.0665
1046,978,925,35.0000,2.0909
1047,1005,971,38.0000,2.0665
1047,1005,990,35.0000,2.0909
1048,1052,977,33.0000,1.8815
1049,961,838,50.0000,2.1276
1049,961,989,38.0000,2.0665
1049,1052,977,37.5000,1.9321
1049,1052,1048,37.5000,1.9321
1050,968,861,50.0000,1.9111
1050,968,932,37.5000,1.9321
1050,968,1017,58.3500,1.9670
1051,933,833,63.0000,1.9391
1051,933,908,35.0000,1.9111
1051,933,943,35.0000,1.9111
1052,1049,961,80.0000,1.9146
1052,1049,1031,37.5000,1.9321
1053,1095,1051,35.0000,2.0909
1055,1103,1023,37.5000,1.9321
1056,1026,928,80.0000,2.1450
1057,956,890,50.0000,1.9111
1057,956,898,35.0000,1.9111
1057,956,983,35.0000,1.9111
1059,1039,940,37.5000,1.9321
1059,1039,1024,33.0000,1.8815
1060,972,893,35.0000,1.9111
1060,972,925,35.0000,1.9111
1060,972,962,37.5000,1.9321
1061,1079,1015,37.5000,1.9321
1061,1079,1043,33.0000,1.8815
1062,996,897,37.5000,1.9321
1062,996,967,33.0000,1.8815
1062,996,1034,33.0000,1.8815
1063,998,921,37.5000,1.9321
1063,998,951,33.0000,1.8815
1063,998,1045,35.0000,1.9111
1064,1020,931,33.0000,1.8815
1064,1020,1040,35.0000,1.9111
1065,987,923,35.0000,2.0909
1065,987,982,38.0000,2.0665
1066,1107,1026,35.0000,1.9111
1067,1044,979,35.0000,1.9111
1067,1044,990,35.0000,1.9111
1068,1077,993,33.0000,1.8815
1069,986,900,38.0000,2.0665
1069,986,1011,50.0000,2.1276
1069,1020,931,37.5000,1.9321
1069,1020,1040,50.0000,1.9111
1069,1020,1064,37.5000,1.9321
1069,1083,1008,80.0000,2.1014
1072,1050,968,37.5000,1.9321
1072,1050,1021,33.0000,1.8815
1073,1117,1071,33.0000,1.8815
1075,984,855,63.0000,1.9216
1075,984,985,35.0000,1.9111
1075,984,997,35.0000,1.9111
1076,971,869,63.0000,1.9391
1076,971,936,35.0000,1.9111
1076,971,1005,63.0000,1.9216
1076,1100,1054,35.0000,2.0909
1077,1092,994,80.0000,1.9146
1079,1015,882,58.3500,1.9670
1079,1015,1036,37.5000,1.9321
1079,1015,1042,37.5000,1.9321
1082,1027,982,80.0000,2.1014
1082,1027,988,80.0000,2.1450
1083,1069,986,63.0000,1.9216
1083,1069,1020,63.0000,1.9391
1085,1023,945,63.0000,1.9216
1085,1023,963,35.0000,1.9111
1085,1106,1078,80.0000,2.1450
1086,1133,1074,35.0000,1.9111
1086,1137,1080,70.0000,2.0944
1087,999,905,80.0000,2.1014
1087,999,979,80.0000,2.1450
1089,1094,1000,80.0000,2.1014
1090,1096,991,70.0000,2.0944
1092,994,930,38.0000,2.0665
1092,994,973,50.0000,2.1276
1092,1077,993,37.5000,1.9321
1092,1077,1068,37.5000,1.9321
1093,976,896,63.0000,1.9216
1093,976,906,80.0000,1.9146
1093,976,974,35.0000,1.9111
1094,1000,872,63.0000,1.9391
1094,1000,1012,35.0000,1.9111
1094,1000,1013,35.0000,1.9111
1095,1051,933,70.0000,2.0351
1096,991,911,63.0000,1.9897
1096,991,950,35.0000,1.9111
1096,991,1016,35.0000,1.9111
1096,1090,1014,35.0000,2.0944
1097,1126,1075,80.0000,2.1450
1099,1092,994,35.0000,1.9111
1099,1092,1077,37.5000,1.9321
1100,1076,971,70.0000,2.0351
1103,1023,945,63.0000,1.9391
1103,1023,963,37.5000,1.9321
1103,1023,1085,80.0000,1.9146
1104,1075,984,38.0000,2.0665
1105,981,922,63.0000,1.9391
1105,981,948,63.0000,1.9216
1105,981,955,35.0000,1.9111
1106,1085,1023,50.0000,2.1276
1107,1026,928,70.0000,2.0351
1107,1026,1056,80.0000,2.1014
1108,1051,933,80.0000,2.1014
1108,1051,1095,80.0000,2.1450
1109,1017,968,37.5000,1.9321
1109,1017,988,35.0000,1.9111
1109,1017,1010,35.0000,1.9111
1110,1127,1018,37.5000,1.9321
1111,1011,924,80.0000,2.1014
1111,1011,986,80.0000,2.1450
1112,1125,1019,37.5000,1.9321
1113,1147,1084,33.0000,1.8815
1114,1080,1001,35.0000,2.0944
1116,1093,976,38.0000,2.0665
1117,1130,1041,37.5000,1.9321
1118,1039,940,37.5000,1.9321
1118,1039,1024,33.0000,1.8815
1118,1039,1059,33.0000,1.8815
1119,1152,1105,35.0000,2.0909
1120,1165,1115,33.0000,1.8815
1121,1135,1107,50.0000,2.1276
1121,1166,1081,63.0000,1.9391
1122,1040,1020,55.0000,1.8937
1123,1076,971,80.0000,2.1014
1123,1076,1100,80.0000,2.1450
1124,1044,979,35.0000,1.9111
1124,1044,990,35.0000,1.9111
1124,1044,1067,33.0000,1.8815
1125,1019,926,58.3500,1.9670
1125,1019,982,58.3500,1.9670
1125,1019,1038,37.5000,1.9321
1126,1075,984,50.0000,2.1276
1126,1075,1104,35.0000,2.0909
1127,1018,927,63.0000,1.9391
1127,1018,995,37.5000,1.9321
1127,1018,1032,80.0000,1.9146
1128,1050,968,37.5000,1.9321
1128,1050,1021,33.0000,1.8815
1128,1050,1072,33.0000,1.8815
1129,1081,1022,35.0000,1.9111
1129,1081,1028,35.0000,1.9111
1129,1132,1102,35.0000,2.0944
1130,1117,1071,37.5000,1.9321
1130,1117,1073,37.5000,1.9321
1131,1085,1023,38.0000,2.0665
1131,1085,1106,35.0000,2.0909
1132,1129,1081,70.0000,2.0944
1133,1086,1004,35.0000,2.0665
1133,1146,1052,58.3500,1.9670
1134,1170,1106,35.0000,1.9111
1135,1107,1026,63.0000,1.9216
1135,1107,1066,35.0000,1.9111
1135,1121,1070,80.0000,2.1450
1136,1103,1023,37.5000,1.9321
1136,1103,1055,33.0000,1.8815
1137,1080,1001,35.0000,2.0944
1137,1080,1114,35.0000,2.0944
1137,1086,1004,35.0000,2.0944
1137,1086,1133,50.0000,2.1502
1139,1158,1077,58.3500,1.9670
1141,1175,1130,37.5000,1.9321
1142,1105,981,80.0000,2.1014
1143,1069,986,35.0000,1.9111
1143,1069,1020,37.5000,1.9321
1143,1069,1083,35.0000,1.9111
1145,1125,1019,37.5000,1.9321
1145,1125,1112,33.0000,1.8815
1146,1052,977,37.5000,1.9321
1146,1052,1048,37.5000,1.9321
1146,1052,1049,58.3500,1.9670
1146,1133,1074,37.5000,1.9321
1146,1133,1086,80.0000,1.9408
1148,1157,1093,80.0000,2.1450
1150,1190,1100,63.0000,1.9216
1151,1139,1058,33.0000,1.8815
1152,1105,981,70.0000,2.0351
1152,1105,1142,80.0000,2.1450
1153,1188,1130,37.5000,1.9321
1154,1146,1052,37.5000,1.9321
1154,1146,1133,37.5000,1.9321
1155,1175,1130,37.5000,1.9321
1155,1175,1141,33.0000,1.8815
1156,1049,961,63.0000,1.9216
1156,1049,1031,35.0000,1.9111
1156,1049,1052,63.0000,1.9391
1157,1093,976,50.0000,2.1276
1157,1093,1116,35.0000,2.0909
1158,1077,993,37.5000,1.9321
1158,1077,1068,37.5000,1.9321
1158,1077,1092,58.3500,1.9670
1158,1139,1058,37.5000,1.9321
1158,1139,1151,37.5000,1.9321
1158,1164,1088,37.5000,1.9321
1159,1196,1103,37.5000,1.9321
1161,1095,1051,35.0000,2.0909
1161,1095,1053,35.0000,2.0944
1164,1158,1077,58.3500,1.9670
1164,1158,1139,58.3500,1.9670
1165,1227,1147,58.3500,1.9670
1165,1233,1157,63.0000,1.9391
1166,1081,1022,37.5000,1.9321
1166,1081,1028,37.5000,1.9321
1166,1081,1129,63.0000,1.9897
1166,1121,1070,80.0000,2.1014
1166,1121,1135,70.0000,2.0351
1167,1168,1129,35.0000,2.0944
1168,1129,1081,70.0000,2.0944
1168,1129,1132,63.0000,2.0944
1169,1127,1018,37.5000,1.9321
1169,1127,1110,33.0000,1.8815
1170,1106,1078,80.0000,2.1014
1170,1106,1085,70.0000,2.0351
1170,1173,1091,37.5000,1.9321
1171,1156,1049,80.0000,2.1014
1172,1135,1107,38.0000,2.0665
1172,1135,1121,35.0000,2.0909
1173,1170,1106,63.0000,1.9391
1173,1170,1134,37.5000,1.9321
1173,1212,1138,70.0000,2.0420
1174,1132,1102,35.0000,2.0944
1174,1132,1129,63.0000,2.0944
1175,1130,1041,37.5000,1.9321
1175,1130,1117,58.3500,1.9670
1176,1174,1132,35.0000,2.0944
1177,1222,1166,38.0000,2.0665
1178,1083,1008,80.0000,2.1450
1178,1083,1069,70.0000,2.0351
1178,1203,1126,63.0000,1.9216
1179,1182,1090,35.0000,2.0944
1180,1188,1130,58.3500,1.9670
1180,1188,1153,37.5000,1.9321
1180,1194,1150,50.0000,2.1276
1181,1094,1000,70.0000,2.0351
1181,1094,1089,80.0000,2.1450
1182,1090,1014,35.0000,2.0944
1182,1090,1096,63.0000,2.0944
1183,1181,1094,35.0000,2.0909
1184,1209,1107,37.5000,1.9321
1186,1147,1084,33.0000,1.8815
1186,1147,1113,33.0000,1.8815
1188,1130,1041,37.5000,1.9321
1188,1130,1117,58.3500,1.9670
1188,1130,1175,58.3500,1.9670
1188,1180,1101,37.5000,1.9321
1189,1203,1126,35.0000,1.9111
1189,1203,1178,35.0000,1.9111
1190,1100,1054,38.0000,2.0665
1190,1100,1076,50.0000,2.1276
1190,1150,1098,80.0000,2.1014
1190,1230,1162,37.5000,1.9321
1191,1117,1071,33.0000,1.8815
1191,1117,1073,33.0000,1.8815
1191,1117,1130,37.5000,1.9321
1192,1139,1058,33.0000,1.8815
1192,1139,1151,33.0000,1.8815
1192,1139,1158,37.5000,1.9321
1193,1125,1019,37.5000,1.9321
1193,1125,1112,33.0000,1.8815
1193,1125,1145,33.0000,1.8815
1194,1150,1098,80.0000,2.1450
1194,1150,1190,70.0000,2.0351
1194,1180,1101,35.0000,1.9111
1194,1180,1188,80.0000,1.9146
1195,1096,991,70.0000,2.0944
1195,1096,1090,63.0000,2.0944
1196,1103,1023,58.3500,1.9670
1196,1103,1055,37.5000,1.9321
1196,1103,1136,37.5000,1.9321
1197,1092,994,63.0000,1.9216
1197,1092,1077,63.0000,1.9391
1197,1092,1099,35.0000,1.9111
1198,1197,1092,80.0000,2.1014
1199,1195,1096,35.0000,2.0944
1200,1127,1018,63.0000,1.9897
1200,1127,1110,35.0000,1.9111
1200,1127,1169,35.0000,1.9111
1200,1201,1144,35.0000,2.0944
1201,1200,1127,70.0000,2.0944
1202,1079,1015,58.3500,1.9670
1202,1079,1043,37.5000,1.9321
1202,1079,1061,37.5000,1.9321
1202,1235,1187,38.0000,2.0665
1203,1126,1075,70.0000,2.0351
1203,1126,1097,80.0000,2.1014
1203,1178,1083,50.0000,2.1276
1204,1164,1088,33.0000,1.8815
1204,1164,1158,37.5000,1.9321
1205,1219,1160,35.0000,1.9111
1206,1133,1074,33.0000,1.8815
1206,1133,1086,35.0000,1.9111
1206,1133,1146,37.5000,1.9321
1207,1229,1156,35.0000,2.0909
1209,1107,1026,63.0000,1.9391
1209,1107,1066,37.5000,1.9321
1209,1107,1135,80.0000,1.9146
1211,1045,970,80.0000,2.1450
1211,1045,998,70.0000,2.0351
1212,1173,1091,35.0000,1.9111
1212,1173,1170,63.0000,1.9391
1213,1174,1132,63.0000,2.0944
1213,1174,1176,35.0000,2.0944
1213,1215,1168,63.0000,2.0944
1214,1219,1160,35.0000,1.9111
1214,1219,1205,35.0000,1.9111
1215,1168,1129,63.0000,2.0944
1215,1168,1167,35.0000,2.0944
1215,1213,1174,63.0000,2.0944
1216,1211,1045,35.0000,2.0909
1217,1164,1088,33.0000,1.8815
1217,1164,1158,37.5000,1.9321
1217,1164,1204,33.0000,1.8815
1220,1173,1091,33.0000,1.8815
1220,1173,1170,37.5000,1.9321
1220,1173,1212,35.0000,1.9111
1221,1146,1052,37.5000,1.9321
1221,1146,1133,37.5000,1.9321
1221,1146,1154,33.0000,1.8815
1222,1166,1081,80.0000,1.9146
1222,1166,1121,63.0000,1.9216
1223,1256,1209,70.0000,2.0944
1224,1202,1079,37.5000,1.9321
1225,1166,1081,37.5000,1.9321
1225,1166,1121,35.0000,1.9111
1225,1166,1222,35.0000,1.9111
1226,1196,1103,37.5000,1.9321
1226,1196,1159,33.0000,1.8815
1227,1147,1084,37.5000,1.9321
1227,1147,1113,37.5000,1.9321
1227,1147,1186,37.5000,1.9321
1227,1165,1115,37.5000,1.9321
1227,1165,1120,37.5000,1.9321
1228,1178,1083,35.0000,2.0909
1228,1178,1203,38.0000,2.0665
1229,1156,1049,70.0000,2.0351
1229,1156,1171,80.0000,2.1450
1230,1190,1100,80.0000,1.9146
1230,1190,1150,63.0000,1.9391
1231,1262,1218,35.0000,1.9111
1232,1278,1227,37.5000,1.9321
1233,1157,1093,70.0000,2.0351
1233,1157,1148,80.0000,2.1014
1233,1165,1115,37.5000,1.9321
1233,1165,1120,37.5000,1.9321
1233,1165,1227,58.3500,1.9670
1234,1181,1094,35.0000,2.0909
1234,1181,1183,35.0000,2.0944
1235,1202,1079,80.0000,1.9146
1235,1202,1224,35.0000,1.9111
1236,1158,1077,37.5000,1.9321
1236,1158,1139,37.5000,1.9321
1236,1158,1164,37.5000,1.9321
1237,1245,1202,70.0000,2.0420
1238,1137,1080,70.0000,2.0944
1238,1137,1086,70.0000,2.0944
1239,1257,1180,70.0000,2.0351
1240,1268,1223,35.0000,2.0944
1241,1230,1162,33.0000,1.8815
1241,1230,1190,37.5000,1.9321
1242,1194,1150,35.0000,2.0909
1242,1194,1180,38.0000,2.0665
1243,1215,1168,35.0000,2.0944
1243,1215,1213,35.0000,2.0944
1245,1202,1079,63.0000,1.9391
1245,1202,1224,35.0000,1.9111
1245,1202,1235,63.0000,1.9216
1246,1213,1174,70.0000,2.0944
1246,1213,1215,70.0000,2.0944
1247,1277,1196,37.5000,1.9321
1248,1190,1100,35.0000,1.9111
1248,1190,1150,35.0000,1.9111
1248,1190,1230,37.5000,1.9321
1249,1211,1045,35.0000,2.0909
1249,1211,1216,35.0000,2.0944
1250,1246,1213,35.0000,1.9722
1252,1209,1107,37.5000,1.9321
1252,1209,1184,33.0000,1.8815
1253,1175,1130,37.5000,1.9321
1253,1175,1141,33.0000,1.8815
1253,1175,1155,33.0000,1.8815
1255,1152,1105,50.0000,2.1276
1255,1152,1119,38.0000,2.0665
1255,1258,1210,80.0000,2.1014
1256,1209,1107,63.0000,1.9897
1256,1209,1184,35.0000,1.9111
1256,1209,1252,35.0000,1.9111
1256,1223,1149,35.0000,2.0944
1257,1180,1101,35.0000,1.9111
1257,1180,1188,63.0000,1.9391
1257,1180,1194,63.0000,1.9216
1257,1239,1163,35.0000,2.0909
1258,1255,1152,63.0000,1.9216
1259,1238,1137,35.0000,2.0944
1260,1263,1200,35.0000,2.0944
1261,1188,1130,37.5000,1.9321
1261,1188,1153,33.0000,1.8815
1261,1188,1180,37.5000,1.9321
1262,1231,1140,70.0000,2.0420
1262,1271,1208,37.5000,1.9321
1263,1200,1127,70.0000,2.0944
1263,1200,1201,63.0000,2.0944
1264,1182,1090,63.0000,2.0944
1264,1182,1179,35.0000,2.0944
1264,1274,1195,63.0000,2.0944
1265,1273,1197,35.0000,2.0909
1266,1291,1233,38.0000,2.0665
1267,1290,1239,63.0000,1.9216
1268,1223,1149,35.0000,2.0944
1268,1223,1256,63.0000,2.0944
1269,1201,1144,35.0000,2.0944
1269,1201,1200,63.0000,2.0944
1270,1233,1157,35.0000,1.9111
1270,1233,1165,37.5000,1.9321
1271,1262,1218,37.5000,1.9321
1271,1262,1231,63.0000,1.9391
1271,1290,1239,80.0000,1.9146
1271,1290,1267,63.0000,1.9391
1272,1170,1106,63.0000,1.9216
1272,1170,1134,35.0000,1.9111
1272,1170,1173,80.0000,1.9146
1272,1299,1251,80.0000,2.1450
1273,1197,1092,70.0000,2.0351
1273,1197,1198,80.0000,2.1450
1274,1195,1096,63.0000,2.0944
1274,1195,1199,35.0000,2.0944
1274,1264,1182,63.0000,2.0944
1275,1269,1201,35.0000,2.0944
1277,1196,1103,58.3500,1.9670
1277,1196,1159,37.5000,1.9321
1277,1196,1226,37.5000,1.9321
1278,1227,1147,58.3500,1.9670
1278,1227,1165,58.3500,1.9670
1279,1227,1147,37.5000,1.9321
1279,1227,1165,37.5000,1.9321
1279,1227,1278,37.5000,1.9321
1283,1319,1281,33.0000,1.8815
1284,1309,1255,37.5000,1.9321
1285,1238,1137,35.0000,2.0944
1285,1238,1259,35.0000,2.0944
1286,1212,1138,80.0000,2.1991
1286,1212,1173,70.0000,2.0420
1288,1231,1140,80.0000,2.1991
1288,1231,1262,70.0000,2.0420
1289,1255,1152,35.0000,1.9111
1289,1255,1258,35.0000,1.9111
1290,1239,1163,38.0000,2.0665
1290,1239,1257,50.0000,2.1276
1290,1267,1185,80.0000,2.1014
1290,1271,1208,37.5000,1.9321
1290,1271,1262,58.3500,1.9670
1291,1233,1157,63.0000,1.9216
1291,1233,1165,80.0000,1.9146
1291,1233,1270,35.0000,1.9111
1295,1245,1202,70.0000,2.0420
1295,1245,1237,80.0000,2.1991
1298,1327,1297,35.0000,2.0944
1299,1272,1170,50.0000,2.1276
1300,1334,1277,35.0000,2.0665
1301,1203,1126,63.0000,1.9391
1301,1203,1178,80.0000,1.9146
1301,1203,1189,37.5000,1.9321
1301,1331,1293,37.5000,1.9321
1302,1278,1227,37.5000,1.9321
1302,1278,1232,33.0000,1.8815
1303,1296,1244,35.0000,2.0944
1304,1222,1166,50.0000,2.1276
1304,1222,1177,35.0000,2.0909
1304,1347,1294,35.0000,1.9111
1305,1308,1230,37.5000,1.9321
1306,1219,1160,35.0000,1.9111
1306,1219,1205,35.0000,1.9111
1306,1219,1214,35.0000,1.9111
1306,1324,1287,37.5000,1.9321
1307,1235,1187,35.0000,2.0909
1307,1235,1202,50.0000,2.1276
1307,1332,1280,35.0000,1.9111
1308,1230,1162,37.5000,1.9321
1308,1230,1190,58.3500,1.9670
1308,1230,1241,37.5000,1.9321
1308,1324,1287,37.5000,1.9321
1308,1324,1306,58.3500,1.9670
1309,1255,1152,80.0000,1.9146
1309,1255,1258,63.0000,1.9391
1309,1255,1289,37.5000,1.9321
1309,1337,1297,70.0000,2.0944
1310,1277,1196,37.5000,1.9321
1310,1277,1247,33.0000,1.8815
1311,1317,1229,35.0000,1.9111
1312,1331,1293,33.0000,1.8815
1312,1331,1301,37.5000,1.9321
1313,1301,1203,37.5000,1.9321
1314,1272,1170,38.0000,2.0665
1314,1272,1299,35.0000,2.0909
1317,1229,1156,50.0000,2.1276
1317,1229,1207,38.0000,2.0665
1318,1345,1292,35.0000,1.9111
1320,1271,1208,33.0000,1.8815
1320,1271,1262,37.5000,1.9321
1320,1271,1290,37.5000,1.9321
1322,1365,1317,37.5000,1.9321
1323,1306,1219,35.0000,1.9111
1324,1306,1219,80.0000,1.9408
1324,1306,1323,37.5000,1.9321
1324,1308,1230,58.3500,1.9670
1324,1308,1305,37.5000,1.9321
1325,1264,1182,35.0000,2.0944
1325,1264,1274,35.0000,2.0944
1326,1278,1227,37.5000,1.9321
1326,1278,1232,33.0000,1.8815
1326,1278,1302,33.0000,1.8815
1327,1297,1254,35.0000,2.0944
1329,1262,1218,33.0000,1.8815
1329,1262,1231,35.0000,1.9111
1329,1262,1271,37.5000,1.9321
1330,1263,1200,63.0000,2.0944
1330,1263,1260,35.0000,2.0944
1330,1335,1269,63.0000,2.0944
1331,1301,1203,58.3500,1.9670
1331,1301,1313,37.5000,1.9321
1332,1307,1235,70.0000,2.0351
1332,1344,1267,50.0000,2.1276
1333,1257,1180,80.0000,2.1014
1333,1257,1239,80.0000,2.1450
1334,1277,1196,80.0000,1.9408
1334,1277,1247,35.0000,1.9111
1334,1277,1310,35.0000,1.9111
1335,1269,1201,63.0000,2.0944
1335,1269,1275,35.0000,2.0944
1335,1330,1263,63.0000,2.0944
1337,1297,1254,35.0000,2.0944
1337,1297,1327,63.0000,2.0944
1337,1309,1255,63.0000,1.9897
1337,1309,1284,35.0000,1.9111
1338,1345,1292,33.0000,1.8815
1338,1345,1318,35.0000,1.9111
1339,1367,1316,33.0000,1.8815
1340,1274,1195,35.0000,2.0944
1340,1274,1264,35.0000,2.0944
1341,1258,1210,80.0000,2.1450
1341,1258,1255,70.0000,2.0351
1341,1373,1328,35.0000,1.9111
1343,1256,1209,70.0000,2.0944
1343,1256,1223,63.0000,2.0944
1344,1267,1185,80.0000,2.1450
1344,1267,1290,70.0000,2.0351
1344,1332,1280,35.0000,1.9111
1344,1332,1307,63.0000,1.9216
1345,1318,1282,70.0000,2.0420
1346,1364,1296,70.0000,2.0351
1347,1304,1222,70.0000,2.0351
1347,1392,1319,58.3500,1.9670
1348,1370,1301,37.5000,1.9321
1349,1268,1223,63.0000,2.0944
1349,1268,1240,35.0000,2.0944
1349,1384,1343,63.0000,2.0944
1350,1319,1281,33.0000,1.8815
1350,1319,1283,33.0000,1.8815
1351,1306,1219,35.0000,1.9111
1351,1306,1323,33.0000,1.8815
1351,1306,1324,37.5000,1.9321
1352,1377,1317,80.0000,2.1014
1353,1304,1222,80.0000,2.1450
1353,1304,1347,80.0000,2.1014
1354,1365,1317,37.5000,1.9321
1354,1365,1322,33.0000,1.8815
1355,1290,1239,35.0000,1.9111
1355,1290,1267,35.0000,1.9111
1355,1290,1271,37.5000,1.9321
1356,1370,1301,37.5000,1.9321
1356,1370,1348,33.0000,1.8815
1357,1318,1282,80.0000,2.1991
1357,1318,1345,70.0000,2.0420
1358,1396,1349,35.0000,1.9722
1359,1346,1276,33.0000,1.8815
1360,1273,1197,50.0000,2.1276
1360,1273,1265,38.0000,2.0665
1360,1397,1346,58.3500,1.9670
1361,1360,1273,35.0000,1.9111
1363,1388,1336,33.0000,1.8815
1364,1296,1244,35.0000,2.0909
1364,1296,1303,35.0000,2.0909
1364,1346,1276,35.0000,1.9111
1364,1346,1359,35.0000,1.9111
1365,1317,1229,80.0000,1.9146
1365,1317,1311,37.5000,1.9321
1367,1385,1321,37.5000,1.9321
1368,1343,1256,35.0000,2.0944
1369,1307,1235,80.0000,2.1450
1369,1307,1332,80.0000,2.1014
1370,1301,1203,58.3500,1.9670
1370,1301,1313,37.5000,1.9321
1370,1301,1331,58.3500,1.9670
1371,1308,1230,37.5000,1.9321
1371,1308,1305,33.0000,1.8815
1371,1308,1324,37.5000,1.9321
1373,1341,1258,50.0000,2.1276
1373,1383,1315,37.5000,1.9321
1376,1330,1263,35.0000,2.0944
1376,1330,1335,35.0000,2.0944
1377,1317,1229,63.0000,1.9216
1377,1317,1311,35.0000,1.9111
1377,1317,1365,63.0000,1.9391
1378,1291,1233,50.0000,2.1276
1378,1291,1266,35.0000,2.0909
1379,1309,1255,37.5000,1.9321
1379,1309,1284,33.0000,1.8815
1379,1309,1337,35.0000,1.9111
1380,1341,1258,35.0000,2.0909
1380,1341,1373,38.0000,2.0665
1381,1420,1378,35.0000,1.9111
1382,1335,1269,35.0000,2.0944
1382,1335,1330,35.0000,2.0944
1383,1373,1328,37.5000,1.9321
1383,1373,1341,80.0000,1.9146
1384,1343,1256,63.0000,2.0944
1384,1343,1368,35.0000,2.0944
1384,1349,1268,63.0000,2.0944
1385,1367,1316,37.5000,1.9321
1385,1367,1339,37.5000,1.9321
1386,1327,1297,63.0000,2.0944
1386,1327,1298,35.0000,2.0944
1387,1425,1385,37.5000,1.9321
1389,1424,1383,37.5000,1.9321
1390,1397,1346,37.5000,1.9321
1390,1397,1360,37.5000,1.9321
1391,1337,1297,63.0000,2.0944
1391,1337,1309,70.0000,2.0944
1391,1414,1386,63.0000,2.0944
1392,1319,1281,37.5000,1.9321
1392,1319,1283,37.5000,1.9321
1392,1319,1350,37.5000,1.9321
1392,1347,1294,37.5000,1.9321
1392,1347,1304,63.0000,1.9391
1393,1443,1388,37.5000,1.9321
1394,1324,1287,33.0000,1.8815
1394,1324,1306,37.5000,1.9321
1394,1324,1308,37.5000,1.9321
1396,1349,1268,70.0000,2.0944
1396,1349,1384,70.0000,2.0944
1397,1346,1276,37.5000,1.9321
1397,1346,1359,37.5000,1.9321
1397,1346,1364,63.0000,1.9391
1397,1360,1273,80.0000,1.9146
1397,1360,1361,37.5000,1.9321
1399,1344,1267,35.0000,2.0909
1399,1344,1332,38.0000,2.0665
1400,1416,1360,80.0000,2.1014
1402,1331,1293,33.0000,1.8815
1402,1331,1301,37.5000,1.9321
1402,1331,1312,33.0000,1.8815
1403,1406,1347,50.0000,2.1276
1404,1299,1251,80.0000,2.1014
1404,1299,1272,70.0000,2.0351
1404,1437,1398,37.5000,1.9321
1405,1409,1395,35.0000,2.0944
1406,1347,1294,35.0000,1.9111
1406,1347,1304,63.0000,1.9216
1406,1347,1392,80.0000,1.9146
1406,1403,1342,80.0000,2.1450
1407,1386,1327,70.0000,2.0944
1408,1378,1291,80.0000,2.1450
1410,1450,1392,37.5000,1.9321
1411,1391,1337,35.0000,2.0944
1414,1386,1327,63.0000,2.0944
1414,1386,1407,70.0000,2.0944
1414,1391,1337,63.0000,2.0944
1414,1391,1411,35.0000,2.0944
1415,1332,1280,37.5000,1.9321
1415,1332,1307,63.0000,1.9391
1415,1332,1344,80.0000,1.9146
1415,1427,1374,37.5000,1.9321
1415,1430,1372,37.5000,1.9321
1416,1360,1273,63.0000,1.9216
1416,1360,1361,35.0000,1.9111
1416,1360,1397,63.0000,1.9391
1417,1334,1277,50.0000,2.1502
1417,1334,1300,35.0000,2.0944
1417,1453,1413,35.0000,2.0944
1419,1383,1315,33.0000,1.8815
1419,1383,1373,37.5000,1.9321
1420,1378,1291,70.0000,2.0351
1420,1378,1408,80.0000,2.1014
1420,1449,1385,58.3500,1.9670
1421,1364,1296,80.0000,2.1450
1421,1364,1346,80.0000,2.1014
1422,1448,1404,50.0000,2.1276
1423,1367,1316,33.0000,1.8815
1423,1367,1339,33.0000,1.8815
1423,1367,1385,37.5000,1.9321
1424,1383,1315,37.5000,1.9321
1424,1383,1373,58.3500,1.9670
1424,1383,1419,37.5000,1.9321
1424,1426,1409,70.0000,2.0351
1425,1385,1321,37.5000,1.9321
1425,1385,1367,58.3500,1.9670
1426,1409,1395,35.0000,2.0909
1426,1409,1405,35.0000,2.0909
1426,1424,1383,63.0000,1.9391
1426,1424,1389,35.0000,1.9111
1427,1415,1332,58.3500,1.9670
1427,1428,1366,37.5000,1.9321
1428,1427,1374,37.5000,1.9321
1428,1427,1415,58.3500,1.9670
1429,1425,1385,37.5000,1.9321
1429,1425,1387,33.0000,1.8815
1430,1415,1332,58.3500,1.9670
1430,1415,1427,58.3500,1.9670
1432,1388,1336,33.0000,1.8815
1432,1388,1363,33.0000,1.8815
1433,1404,1299,35.0000,1.9111
1434,1392,1319,37.5000,1.9321
1434,1392,1347,37.5000,1.9321
1435,1370,1301,37.5000,1.9321
1435,1370,1348,33.0000,1.8815
1435,1370,1356,33.0000,1.8815
1436,1437,1398,33.0000,1.8815
1436,1437,1404,37.5000,1.9321
1437,1404,1299,63.0000,1.9391
1437,1404,1433,37.5000,1.9321
1438,1430,1372,33.0000,1.8815
1438,1430,1415,37.5000,1.9321
1439,1377,1317,70.0000,2.0351
1439,1377,1352,80.0000,2.1450
1440,1407,1386,35.0000,1.9722
1441,1345,1292,37.5000,1.9321
1441,1345,1318,63.0000,1.9391
1441,1345,1338,37.5000,1.9321
1441,1444,1375,80.0000,2.1014
1442,1426,1409,80.0000,2.1450
1442,1426,1424,80.0000,2.1014
1443,1388,1336,37.5000,1.9321
1443,1388,1363,37.5000,1.9321
1443,1388,1432,37.5000,1.9321
1443,1479,1422,63.0000,1.9391
1444,1441,1345,63.0000,1.9391
1446,1384,1343,35.0000,2.0944
1446,1384,1349,35.0000,2.0944
1447,1428,1366,33.0000,1.8815
1447,1428,1427,37.5000,1.9321
1448,1404,1299,63.0000,1.9216
1448,1404,1433,35.0000,1.9111
1448,1404,1437,80.0000,1.9146
1448,1422,1362,80.0000,2.1450
1449,1385,1321,37.5000,1.9321
1449,1385,1367,58.3500,1.9670
1449,1385,1425,58.3500,1.9670
1449,1420,1378,63.0000,1.9391
1449,1420,1381,37.5000,1.9321
1450,1392,1319,58.3500,1.9670
1450,1392,1347,58.3500,1.9670
1450,1392,1434,37.5000,1.9321
1451,1465,1417,35.0000,2.0944
1452,1486,1439,35.0000,1.9111
1453,1417,1334,70.0000,2.0944
1454,1439,1377,35.0000,2.0909
1455,1441,1345,37.5000,1.9321
1455,1441,1444,35.0000,1.9111
1456,1449,1385,37.5000,1.9321
1456,1449,1420,37.5000,1.9321
1457,1365,1317,58.3500,1.9670
1457,1365,1322,37.5000,1.9321
1457,1365,1354,37.5000,1.9321
1457,1472,1431,70.0000,2.0420
1458,1459,1401,33.0000,1.8815
1459,1469,1403,63.0000,1.9391
1460,1373,1328,35.0000,1.9111
1460,1373,1341,63.0000,1.9216
1460,1373,1383,63.0000,1.9391
1460,1467,1418,35.0000,2.0909
1462,1414,1386,35.0000,2.0944
1462,1414,1391,35.0000,2.0944
1463,1406,1347,38.0000,2.0665
1463,1406,1403,35.0000,2.0909
1464,1397,1346,37.5000,1.9321
1464,1397,1360,37.5000,1.9321
1464,1397,1390,33.0000,1.8815
1465,1417,1334,70.0000,2.0944
1465,1417,1453,70.0000,2.0944
1467,1460,1373,70.0000,2.0351
1468,1489,1441,38.0000,2.0665
1469,1403,1342,80.0000,2.1014
1469,1403,1406,70.0000,2.0351
1469,1459,1401,37.5000,1.9321
1469,1459,1458,37.5000,1.9321
1469,1471,1412,38.0000,2.0665
1470,1415,1332,37.5000,1.9321
1470,1415,1427,37.5000,1.9321
1470,1415,1430,37.5000,1.9321
1471,1469,1403,63.0000,1.9216
1471,1469,1459,80.0000,1.9146
1472,1457,1365,63.0000,1.9391
1473,1428,1366,33.0000,1.8815
1473,1428,1427,37.5000,1.9321
1473,1428,1447,33.0000,1.8815
1475,1450,1392,37.5000,1.9321
1475,1450,1410,33.0000,1.8815
1476,1496,1443,37.5000,1.9321
1477,1497,1466,35.0000,2.0944
1478,1457,1365,37.5000,1.9321
1478,1457,1472,35.0000,1.9111
1479,1422,1362,80.0000,2.1014
1479,1422,1448,70.0000,2.0351
1479,1443,1388,58.3500,1.9670
1479,1443,1393,37.5000,1.9321
1480,1430,1372,33.0000,1.8815
1480,1430,1415,37.5000,1.9321
1480,1430,1438,33.0000,1.8815
1481,1427,1374,33.0000,1.8815
1481,1427,1415,37.5000,1.9321
1481,1427,1428,37.5000,1.9321
1482,1416,1360,70.0000,2.0351
1482,1416,1400,80.0000,2.1450
1483,1502,1479,38.0000,2.0665
1484,1425,1385,37.5000,1.9321
1484,1425,1387,33.0000,1.8815
1484,1425,1429,33.0000,1.8815
1485,1424,1383,37.5000,1.9321
1485,1424,1389,33.0000,1.8815
1485,1424,1426,35.0000,1.9111
1486,1439,1377,50.0000,2.1276
1486,1439,1454,38.0000,2.0665
1487,1472,1431,80.0000,2.1991
1487,1472,1457,70.0000,2.0420
1488,1518,1486,37.5000,1.9321
1489,1441,1345,80.0000,1.9146
1489,1441,1444,63.0000,1.9216
1489,1441,1455,35.0000,1.9111
1490,1516,1482,35.0000,1.9111
1491,1482,1416,35.0000,2.0909
1492,1420,1378,63.0000,1.9216
1492,1420,1381,35.0000,1.9111
1492,1420,1449,80.0000,1.9146
1492,1499,1445,80.0000,2.1450
1494,1457,1365,37.5000,1.9321
1494,1457,1472,35.0000,1.9111
1494,1457,1478,33.0000,1.8815
1495,1450,1392,37.5000,1.9321
1495,1450,1410,33.0000,1.8815
1495,1450,1475,33.0000,1.8815
1496,1443,1388,58.3500,1.9670
1496,1443,1393,37.5000,1.9321
1496,1443,1479,58.3500,1.9670
1498,1505,1448,35.0000,1.9111
1499,1492,1420,50.0000,2.1276
1500,1449,1385,37.5000,1.9321
1500,1449,1420,37.5000,1.9321
1500,1449,1456,33.0000,1.8815
1501,1459,1401,33.0000,1.8815
1501,1459,1458,33.0000,1.8815
1501,1459,1469,37.5000,1.9321
1502,1479,1422,63.0000,1.9216
1502,1479,1443,80.0000,1.9146
1504,1444,1375,80.0000,2.1450
1504,1444,1441,70.0000,2.0351
1504,1512,1474,35.0000,1.9111
1505,1448,1404,50.0000,2.0595
1505,1448,1422,50.0000,2.1276
1505,1509,1437,58.3500,1.9670
1506,1453,1413,35.0000,2.0944
1506,1453,1417,35.0000,2.0944
1507,1460,1373,80.0000,2.1014
1507,1460,1467,80.0000,2.1450
1508,1510,1461,33.0000,1.8815
1509,1437,1398,37.5000,1.9321
1509,1437,1404,58.3500,1.9670
1509,1437,1436,37.5000,1.9321
1509,1505,1448,80.0000,1.9146
1509,1505,1498,37.5000,1.9321
1511,1522,1493,33.0000,1.8815
1512,1504,1444,50.0000,2.1276
1512,1520,1471,70.0000,2.0351
1513,1469,1403,35.0000,1.9111
1513,1469,1459,37.5000,1.9321
1513,1469,1471,35.0000,1.9111
1514,1465,1417,35.0000,2.0944
1514,1465,1451,35.0000,2.0944
1515,1496,1443,37.5000,1.9321
1515,1496,1476,33.0000,1.8815
1516,1482,1416,50.0000,2.1276
1516,1482,1491,38.0000,2.0665
1517,1479,1422,35.0000,1.9111
1517,1479,1443,37.5000,1.9321
1517,1479,1502,35.0000,1.9111
1518,1486,1439,80.0000,1.9146
1518,1486,1452,37.5000,1.9321
1519,1534,1510,37.5000,1.9321
1520,1471,1412,35.0000,2.0909
1520,1471,1469,50.0000,2.1276
1520,1512,1474,35.0000,1.9111
1520,1512,1504,63.0000,1.9216
1522,1527,1467,80.0000,1.9146
1524,1509,1437,37.5000,1.9321
1524,1509,1505,37.5000,1.9321
1525,1526,1486,70.0000,2.0351
1526,1486,1439,63.0000,1.9216
1526,1486,1452,35.0000,1.9111
1526,1486,1518,63.0000,1.9391
1526,1525,1503,35.0000,2.0909
1527,1467,1418,38.0000,2.0665
1527,1467,1460,50.0000,2.1276
1527,1522,1493,37.5000,1.9321
1527,1522,1511,37.5000,1.9321
1527,1544,1523,80.0000,2.1014
1528,1496,1443,37.5000,1.9321
1528,1496,1476,33.0000,1.8815
1528,1496,1515,33.0000,1.8815
1529,1492,1420,38.0000,2.0665
1529,1492,1499,35.0000,2.0909
1530,1543,1510,37.5000,1.9321
1531,1534,1510,37.5000,1.9321
1531,1534,1519,33.0000,1.8815
1532,1553,1518,55.0000,1.8937
1533,1504,1444,35.0000,2.0909
1533,1504,1512,38.0000,2.0665
1534,1510,1461,37.5000,1.9321
1534,1510,1508,37.5000,1.9321
1535,1509,1437,37.5000,1.9321
1535,1509,1505,37.5000,1.9321
1535,1509,1524,33.0000,1.8815
1537,1559,1516,37.5000,1.9321
1538,1502,1479,50.0000,2.1276
1538,1502,1483,35.0000,2.0909
1538,1560,1525,63.0000,1.9216
1540,1505,1448,35.0000,1.9111
1540,1505,1498,33.0000,1.8815
1540,1505,1509,37.5000,1.9321
1541,1489,1441,50.0000,2.1276
1541,1489,1468,35.0000,2.0909
1542,1518,1486,37.5000,1.9321
1542,1518,1488,33.0000,1.8815
1543,1510,1461,37.5000,1.9321
1543,1510,1508,37.5000,1.9321
1543,1510,1534,58.3500,1.9670
1544,1527,1467,63.0000,1.9216
1544,1527,1522,63.0000,1.9391
1546,1497,1466,35.0000,2.0909
1546,1497,1477,35.0000,2.0909
1547,1549,1516,70.0000,2.0351
1547,1575,1541,63.0000,1.9216
1549,1516,1482,63.0000,1.9216
1549,1516,1490,35.0000,1.9111
1549,1547,1521,35.0000,2.0909
1550,1526,1486,80.0000,2.1014
1550,1526,1525,80.0000,2.1450
1551,1543,1510,63.0000,1.9391
1551,1543,1530,35.0000,1.9111
1551,1552,1539,35.0000,2.0909
1552,1551,1543,70.0000,2.0351
1552,1554,1499,63.0000,1.9216
1553,1518,1486,50.0000,1.9111
1553,1518,1488,35.0000,1.9111
1553,1518,1542,35.0000,1.9111
1554,1499,1445,80.0000,2.1014
1554,1499,1492,70.0000,2.0351
1554,1552,1539,38.0000,2.0665
1554,1552,1551,50.0000,2.1276
1555,1561,1512,37.5000,1.9321
1556,1527,1467,35.0000,1.9111
1556,1527,1522,37.5000,1.9321
1556,1527,1544,35.0000,1.9111
1557,1560,1525,35.0000,1.9111
1557,1560,1538,35.0000,1.9111
1558,1551,1543,80.0000,2.1014
1558,1551,1552,80.0000,2.1450
1559,1516,1482,80.0000,1.9146
1559,1516,1490,37.5000,1.9321
1559,1516,1549,63.0000,1.9391
1560,1525,1503,38.0000,2.0665
1560,1525,1526,50.0000,2.1276
1560,1538,1502,70.0000,2.0351
1561,1512,1474,37.5000,1.9321
1561,1512,1504,80.0000,1.9146
1561,1512,1520,63.0000,1.9391
1562,1538,1502,80.0000,2.1450
1562,1538,1560,80.0000,2.1014
1563,1520,1471,80.0000,2.1450
1563,1520,1512,80.0000,2.1014
1564,1576,1546,35.0000,1.9111
1565,1546,1497,80.0000,2.1450
1568,1541,1489,80.0000,2.1450
1569,1581,1554,37.5000,1.9321
1570,1561,1512,37.5000,1.9321
1570,1561,1555,33.0000,1.8815
1571,1590,1567,80.0000,2.1991
1573,1588,1572,35.0000,1.9111
1574,1549,1516,80.0000,2.1014
1574,1549,1547,80.0000,2.1450
1575,1541,1489,70.0000,2.0351
1575,1541,1568,80.0000,2.1014
1575,1547,1521,38.0000,2.0665
1575,1547,1549,50.0000,2.1276
1575,1577,1536,37.5000,1.9321
1576,1546,1497,70.0000,2.0351
1576,1546,1565,80.0000,2.1014
1576,1581,1554,58.3500,1.9670
1576,1581,1569,37.5000,1.9321
1577,1575,1541,63.0000,1.9391
1577,1575,1547,80.0000,1.9146
1578,1554,1499,35.0000,1.9111
1578,1554,1552,35.0000,1.9111
1579,1522,1493,37.5000,1.9321
1579,1522,1511,37.5000,1.9321
1579,1522,1527,58.3500,1.9670
1579,1583,1548,80.0000,2.1014
1580,1559,1516,37.5000,1.9321
1580,1559,1537,33.0000,1.8815
1581,1554,1499,63.0000,1.9391
1581,1554,1552,80.0000,1.9146
1581,1554,1578,37.5000,1.9321
1581,1576,1546,63.0000,1.9391
1581,1576,1564,37.5000,1.9321
1582,1559,1516,37.5000,1.9321
1582,1559,1537,33.0000,1.8815
1582,1559,1580,33.0000,1.8815
1583,1579,1522,63.0000,1.9391
1584,1544,1523,80.0000,2.1450
1584,1544,1527,70.0000,2.0351
1585,1602,1584,35.0000,1.9111
1586,1579,1522,37.5000,1.9321
1586,1579,1583,35.0000,1.9111
1587,1588,1572,35.0000,1.9111
1587,1588,1573,35.0000,1.9111
1588,1587,1545,35.0000,1.9111
1589,1577,1536,33.0000,1.8815
1589,1577,1575,37.5000,1.9321
1590,1605,1577,63.0000,1.9391
1591,1598,1566,33.0000,1.8815
1592,1534,1510,58.3500,1.9670
1592,1534,1519,37.5000,1.9321
1592,1534,1531,37.5000,1.9321
1592,1594,1543,50.0000,2.0595
1593,1561,1512,37.5000,1.9321
1593,1561,1555,33.0000,1.8815
1593,1561,1570,33.0000,1.8815
1594,1543,1510,80.0000,1.9146
1594,1543,1530,35.0000,1.9111
1594,1543,1551,63.0000,1.9216
1594,1592,1534,80.0000,1.9146
1595,1560,1525,35.0000,1.9111
1595,1560,1538,35.0000,1.9111
1595,1560,1557,33.0000,1.8815
1596,1587,1545,33.0000,1.8815
1596,1587,1588,35.0000,1.9111
1597,1584,1544,35.0000,2.0909
1598,1607,1587,58.3500,1.9670
1600,1579,1522,37.5000,1.9321
1600,1579,1583,35.0000,1.9111
1600,1579,1586,33.0000,1.8815
1601,1592,1534,37.5000,1.9321
1601,1592,1594,35.0000,1.9111
1602,1584,1544,50.0000,2.1276
1602,1584,1597,38.0000,2.0665
1602,1616,1598,58.3500,1.9670
1603,1575,1541,35.0000,1.9111
1603,1575,1547,35.0000,1.9111
1603,1575,1577,37.5000,1.9321
1604,1592,1534,37.5000,1.9321
1604,1592,1594,35.0000,1.9111
1604,1592,1601,33.0000,1.8815
1605,1577,1536,37.5000,1.9321
1605,1577,1575,58.3500,1.9670
1605,1577,1589,37.5000,1.9321
1605,1590,1567,70.0000,2.0420
1605,1590,1571,70.0000,2.0420
1606,1576,1546,35.0000,1.9111
1606,1576,1564,33.0000,1.8815
1606,1576,1581,37.5000,1.9321
1607,1587,1545,37.5000,1.9321
1607,1587,1588,80.0000,1.9408
1607,1587,1596,37.5000,1.9321
1607,1598,1566,37.5000,1.9321
1607,1598,1591,37.5000,1.9321
1608,1607,1587,37.5000,1.9321
1608,1607,1598,37.5000,1.9321
1609,1581,1554,37.5000,1.9321
1609,1581,1569,33.0000,1.8815
1609,1581,1576,37.5000,1.9321
1610,1588,1572,35.0000,1.9111
1610,1588,1573,35.0000,1.9111
1610,1588,1587,35.0000,1.9111
1611,1605,1577,37.5000,1.9321
1611,1605,1590,35.0000,1.9111
1612,1583,1548,80.0000,2.1450
1612,1583,1579,70.0000,2.0351
1613,1614,1594,80.0000,2.1450
1614,1594,1543,50.0000,2.1276
1614,1594,1592,50.0000,2.1276
1615,1612,1583,35.0000,2.0909
1616,1598,1566,37.5000,1.9321
1616,1598,1591,37.5000,1.9321
1616,1598,1607,58.3500,1.9670
1616,1602,1584,80.0000,1.9146
1616,1602,1585,37.5000,1.9321
1618,1626,1617,37.5000,1.9321
1619,1605,1577,37.5000,1.9321
1619,1605,1590,35.0000,1.9111
1619,1605,1611,33.0000,1.8815
1620,1602,1584,63.0000,1.9216
1620,1602,1585,35.0000,1.9111
1620,1602,1616,63.0000,1.9391
1620,1625,1618,50.0000,2.1276
1621,1618,1599,33.0000,1.8815
1622,1616,1598,37.5000,1.9321
1622,1616,1602,37.5000,1.9321
1623,1607,1587,37.5000,1.9321
1623,1607,1598,37.5000,1.9321
1623,1607,1608,33.0000,1.8815
1624,1612,1583,35.0000,2.0909
1624,1612,1615,35.0000,2.0944
1625,1618,1599,35.0000,1.9111
1625,1618,1621,35.0000,1.9111
1625,1620,1602,70.0000,2.0351
1626,1618,1599,37.5000,1.9321
1626,1618,1621,37.5000,1.9321
1626,1618,1625,80.0000,1.9146
1627,1620,1602,80.0000,2.1014
1627,1620,1625,80.0000,2.1450
1628,1616,1598,37.5000,1.9321
1628,1616,1602,37.5000,1.9321
1628,1616,1622,33.0000,1.8815
1629,1626,1617,33.0000,1.8815
1629,1626,1618,37.5000,1.9321
1631,1633,1614,35.0000,1.9111
1632,1636,1625,35.0000,1.9111
1633,1614,1594,70.0000,2.0351
1633,1614,1613,80.0000,2.1014
1633,1637,1630,37.5000,1.9321
1636,1625,1618,50.0000,2.0595
1636,1625,1620,50.0000,2.1276
1636,1640,1626,58.3500,1.9670
1637,1633,1614,63.0000,1.9391
1637,1633,1631,37.5000,1.9321
1638,1637,1630,33.0000,1.8815
1638,1637,1633,37.5000,1.9321
1640,1626,1617,37.5000,1.9321
1640,1626,1618,58.3500,1.9670
1640,1626,1629,37.5000,1.9321
1640,1636,1625,80.0000,1.9146
1640,1636,1632,37.5000,1.9321
1641,1633,1614,63.0000,1.9216
1641,1633,1631,35.0000,1.9111
1641,1633,1637,80.0000,1.9146
1641,1643,1635,80.0000,2.1450
1642,1640,1626,37.5000,1.9321
1642,1640,1636,37.5000,1.9321
1643,1641,1633,50.0000,2.1276
1644,1645,1639,80.0000,2.1014
1645,1644,1634,35.0000,1.9111
1646,1656,1644,37.5000,1.9321
1647,1637,1630,33.0000,1.8815
1647,1637,1633,37.5000,1.9321
1647,1637,1638,33.0000,1.8815
1648,1640,1626,37.5000,1.9321
1648,1640,1636,37.5000,1.9321
1648,1640,1642,33.0000,1.8815
1650,1641,1633,38.0000,2.0665
1650,1641,1643,35.0000,2.0909
1652,1636,1625,63.0000,1.9216
1652,1636,1632,35.0000,1.9111
1652,1636,1640,63.0000,1.9391
1652,1658,1651,35.0000,2.0909
1653,1644,1634,33.0000,1.8815
1653,1644,1645,35.0000,1.9111
1654,1655,1645,35.0000,2.0909
1655,1645,1639,80.0000,2.1450
1655,1645,1644,70.0000,2.0351
1656,1644,1634,37.5000,1.9321
1656,1644,1645,63.0000,1.9391
1656,1644,1653,37.5000,1.9321
1656,1657,1643,63.0000,1.9391
1657,1643,1635,80.0000,2.1014
1657,1643,1641,70.0000,2.0351
1657,1656,1644,58.3500,1.9670
1657,1656,1646,37.5000,1.9321
1657,1660,1649,38.0000,2.0665
1658,1652,1636,70.0000,2.0351
1659,1652,1636,80.0000,2.1014
1659,1652,1658,80.0000,2.1450
1660,1657,1643,63.0000,1.9216
1660,1657,1656,80.0000,1.9146
1661,1655,1645,35.0000,2.0909
1661,1655,1654,35.0000,2.0944
1662,1656,1644,37.5000,1.9321
1662,1656,1646,33.0000,1.8815
1662,1656,1657,37.5000,1.9321
1663,1657,1643,35.0000,1.9111
1663,1657,1656,37.5000,1.9321
1663,1657,1660,35.0000,1.9111
1664,1658,1651,38.0000,2.0665
1664,1658,1652,50.0000,2.1276
1664,1665,1660,70.0000,2.0351
1665,1660,1649,35.0000,2.0909
1665,1660,1657,50.0000,2.1276
1665,1664,1658,63.0000,1.9216
1666,1664,1658,35.0000,1.9111
1666,1664,1665,35.0000,1.9111
1667,1664,1658,35.0000,1.9111
1667,1664,1665,35.0000,1.9111
1667,1664,1666,33.0000,1.8815
1668,1665,1660,80.0000,2.1450
1668,1665,1664,80.0000,2.1014
