ID1,ID2,Kr,r0
7,0,553.0000,0.9450
8,1,340.0000,1.0900
8,4,340.0000,1.0900
11,3,340.0000,1.0900
11,7,320.0000,1.4100
13,5,570.0000,1.2290
14,2,340.0000,1.0900
14,12,340.0000,1.0900
15,6,340.0000,1.0900
15,9,340.0000,1.0900
17,15,340.0000,1.0900
18,8,340.0000,1.0900
19,10,553.0000,0.9450
20,13,490.0000,1.3350
20,14,337.0000,1.4490
21,11,340.0000,1.0900
24,8,268.0000,1.5290
24,10,320.0000,1.4100
27,11,268.0000,1.5290
27,13,317.0000,1.5220
29,16,434.0000,1.0100
30,14,317.0000,1.5220
30,29,490.0000,1.3350
33,24,340.0000,1.0900
34,20,434.0000,1.0100
36,22,340.0000,1.0900
36,25,340.0000,1.0900
38,27,337.0000,1.4490
38,28,434.0000,1.0100
40,23,340.0000,1.0900
40,26,340.0000,1.0900
41,15,268.0000,1.5290
41,36,268.0000,1.5290
42,32,656.0000,1.2500
42,35,656.0000,1.2500
44,27,340.0000,1.0900
46,24,268.0000,1.5290
46,29,337.0000,1.4490
47,30,570.0000,1.2290
49,31,340.0000,1.0900
49,40,268.0000,1.5290
51,39,340.0000,1.0900
51,41,268.0000,1.5290
53,51,340.0000,1.0900
54,46,340.0000,1.0900
56,40,340.0000,1.0900
58,41,340.0000,1.0900
59,37,434.0000,1.0100
62,38,490.0000,1.3350
65,45,340.0000,1.0900
65,49,268.0000,1.5290
66,36,268.0000,1.5290
66,59,337.0000,1.4490
68,43,340.0000,1.0900
70,42,317.0000,1.5220
70,60,340.0000,1.0900
71,48,340.0000,1.0900
71,62,317.0000,1.5220
71,67,340.0000,1.0900
72,57,434.0000,1.0100
72,63,434.0000,1.0100
72,68,367.0000,1.4710
74,50,434.0000,1.0100
76,55,434.0000,1.0100
77,46,317.0000,1.5220
77,74,490.0000,1.3350
78,49,268.0000,1.5290
78,61,340.0000,1.0900
79,52,570.0000,1.2290
79,76,490.0000,1.3350
81,51,340.0000,1.0900
82,66,340.0000,1.0900
83,62,570.0000,1.2290
84,59,490.0000,1.3350
84,65,317.0000,1.5220
87,80,553.0000,0.9450
88,68,340.0000,1.0900
89,64,340.0000,1.0900
89,68,268.0000,1.5290
94,78,340.0000,1.0900
95,70,340.0000,1.0900
99,65,337.0000,1.4490
100,66,317.0000,1.5220
100,91,570.0000,1.2290
102,76,434.0000,1.0100
103,69,340.0000,1.0900
103,98,340.0000,1.0900
104,70,268.0000,1.5290
104,74,337.0000,1.4490
107,73,340.0000,1.0900
107,89,268.0000,1.5290
109,72,434.0000,1.0100
110,78,340.0000,1.0900
111,77,570.0000,1.2290
114,101,570.0000,1.2290
115,75,340.0000,1.0900
116,99,434.0000,1.0100
117,93,340.0000,1.0900
117,103,268.0000,1.5290
117,113,340.0000,1.0900
118,97,570.0000,1.2290
118,99,490.0000,1.3350
119,104,340.0000,1.0900
120,71,337.0000,1.4490
121,89,340.0000,1.0900
123,79,317.0000,1.5220
123,115,268.0000,1.5290
123,122,340.0000,1.0900
124,105,434.0000,1.0100
125,124,434.0000,1.0100
126,115,340.0000,1.0900
127,85,340.0000,1.0900
127,114,317.0000,1.5220
128,92,340.0000,1.0900
128,107,268.0000,1.5290
130,90,367.0000,1.0800
131,120,434.0000,1.0100
133,87,450.0000,1.3640
133,130,469.0000,1.4000
135,114,490.0000,1.3350
137,86,570.0000,1.2290
139,84,570.0000,1.2290
140,107,340.0000,1.0900
141,96,434.0000,1.0100
142,138,656.0000,1.2500
144,106,340.0000,1.0900
144,135,337.0000,1.4490
145,135,434.0000,1.0100
149,128,340.0000,1.0900
150,108,340.0000,1.0900
151,103,268.0000,1.5290
151,144,268.0000,1.5290
151,150,268.0000,1.5290
152,127,367.0000,1.4710
152,134,434.0000,1.0100
152,146,434.0000,1.0100
153,142,656.0000,1.2500
154,115,268.0000,1.5290
154,137,317.0000,1.5220
154,141,337.0000,1.4490
155,100,490.0000,1.3350
159,104,317.0000,1.5220
159,148,570.0000,1.2290
162,112,340.0000,1.0900
163,124,481.0000,1.3400
165,155,434.0000,1.0100
166,129,340.0000,1.0900
166,161,320.0000,1.4100
166,162,268.0000,1.5290
168,117,340.0000,1.0900
170,150,340.0000,1.0900
171,123,340.0000,1.0900
172,120,490.0000,1.3350
172,169,570.0000,1.2290
173,128,268.0000,1.5290
173,143,340.0000,1.0900
174,127,268.0000,1.5290
174,142,317.0000,1.5220
177,118,317.0000,1.5220
180,132,340.0000,1.0900
180,177,268.0000,1.5290
182,156,434.0000,1.0100
182,163,481.0000,1.3400
183,136,570.0000,1.2290
184,137,490.0000,1.3350
184,177,337.0000,1.4490
185,130,469.0000,1.4000
185,181,367.0000,1.0800
186,150,340.0000,1.0900
188,141,490.0000,1.3350
188,162,317.0000,1.5220
189,174,340.0000,1.0900
190,133,469.0000,1.4000
191,160,434.0000,1.0100
193,190,367.0000,1.0800
194,163,481.0000,1.3400
194,178,434.0000,1.0100
195,158,553.0000,0.9450
195,180,320.0000,1.4100
197,147,434.0000,1.0100
198,173,317.0000,1.5220
198,191,490.0000,1.3350
200,164,434.0000,1.0100
200,199,434.0000,1.0100
201,162,337.0000,1.4490
201,183,490.0000,1.3350
204,151,340.0000,1.0900
205,157,340.0000,1.0900
205,187,340.0000,1.0900
206,161,553.0000,0.9450
207,152,434.0000,1.0100
208,144,317.0000,1.5220
208,197,490.0000,1.3350
210,179,656.0000,1.2500
212,154,340.0000,1.0900
213,175,434.0000,1.0100
215,166,340.0000,1.0900
216,155,337.0000,1.4490
216,196,340.0000,1.0900
217,167,340.0000,1.0900
217,203,340.0000,1.0900
218,180,340.0000,1.0900
219,159,490.0000,1.3350
220,213,434.0000,1.0100
221,176,340.0000,1.0900
221,202,320.0000,1.4100
222,174,340.0000,1.0900
224,210,656.0000,1.2500
225,219,434.0000,1.0100
226,177,340.0000,1.0900
227,183,317.0000,1.5220
227,191,337.0000,1.4490
227,223,340.0000,1.0900
228,182,434.0000,1.0100
232,173,337.0000,1.4490
233,184,434.0000,1.0100
234,205,340.0000,1.0900
237,192,553.0000,0.9450
238,172,317.0000,1.5220
238,221,268.0000,1.5290
239,231,553.0000,0.9450
241,202,553.0000,0.9450
243,201,434.0000,1.0100
244,232,434.0000,1.0100
245,198,570.0000,1.2290
247,185,469.0000,1.4000
248,205,268.0000,1.5290
248,214,340.0000,1.0900
249,188,570.0000,1.2290
250,209,434.0000,1.0100
251,197,337.0000,1.4490
251,217,268.0000,1.5290
254,190,469.0000,1.4000
254,247,469.0000,1.4000
255,194,337.0000,1.4630
255,242,340.0000,1.0900
255,252,340.0000,1.0900
257,200,490.0000,1.3350
258,216,317.0000,1.5220
258,229,570.0000,1.2290
261,213,481.0000,1.3400
261,250,481.0000,1.3400
264,238,340.0000,1.0900
265,216,268.0000,1.5290
265,235,340.0000,1.0900
267,221,340.0000,1.0900
269,217,268.0000,1.5290
269,257,317.0000,1.5220
269,266,340.0000,1.0900
270,208,570.0000,1.2290
271,211,367.0000,1.0800
272,210,317.0000,1.5220
272,260,340.0000,1.0900
272,263,340.0000,1.0900
274,248,320.0000,1.4100
277,230,570.0000,1.2290
277,251,317.0000,1.5220
278,232,490.0000,1.3350
278,276,570.0000,1.2290
280,236,553.0000,0.9450
280,265,320.0000,1.4100
281,273,553.0000,0.9450
283,219,337.0000,1.4490
283,262,340.0000,1.0900
284,237,450.0000,1.3640
284,271,469.0000,1.4000
285,238,337.0000,1.4490
285,275,434.0000,1.0100
286,240,434.0000,1.0100
288,250,434.0000,1.0100
289,253,340.0000,1.0900
289,279,340.0000,1.0900
291,246,367.0000,1.0800
292,257,570.0000,1.2290
294,251,340.0000,1.0900
297,231,320.0000,1.4100
297,289,268.0000,1.5290
298,274,553.0000,0.9450
300,254,367.0000,1.0800
305,268,367.0000,1.0800
305,291,469.0000,1.4000
306,297,340.0000,1.0900
307,227,268.0000,1.5290
308,259,340.0000,1.0900
308,293,340.0000,1.0900
309,258,490.0000,1.3350
311,256,340.0000,1.0900
313,247,317.0000,1.5100
313,290,340.0000,1.0900
314,265,340.0000,1.0900
315,282,340.0000,1.0900
315,287,340.0000,1.0900
315,312,340.0000,1.0900
316,261,481.0000,1.3400
317,248,268.0000,1.5290
317,286,337.0000,1.4490
318,273,320.0000,1.4100
318,299,340.0000,1.0900
318,304,340.0000,1.0900
319,311,340.0000,1.0900
320,301,553.0000,0.9450
320,307,320.0000,1.4100
321,271,469.0000,1.4000
321,302,367.0000,1.0800
324,269,340.0000,1.0900
325,283,317.0000,1.5220
325,286,490.0000,1.3350
326,313,340.0000,1.0900
329,255,268.0000,1.5290
329,327,340.0000,1.0900
331,308,340.0000,1.0900
334,329,340.0000,1.0900
335,283,268.0000,1.5290
335,296,340.0000,1.0900
336,307,340.0000,1.0900
339,309,434.0000,1.0100
341,311,340.0000,1.0900
342,307,340.0000,1.0900
343,316,434.0000,1.0100
344,310,340.0000,1.0900
344,316,337.0000,1.4630
344,330,340.0000,1.0900
345,317,340.0000,1.0900
347,295,553.0000,0.9450
348,322,434.0000,1.0100
349,278,317.0000,1.5220
349,340,340.0000,1.0900
350,303,434.0000,1.0100
350,349,337.0000,1.4490
353,309,337.0000,1.4490
353,311,268.0000,1.5290
353,338,340.0000,1.0900
354,289,340.0000,1.0900
356,272,268.0000,1.5290
357,277,490.0000,1.3350
358,291,469.0000,1.4000
358,347,450.0000,1.3640
360,335,340.0000,1.0900
361,348,434.0000,1.0100
363,337,434.0000,1.0100
364,285,490.0000,1.3350
366,356,340.0000,1.0900
367,284,469.0000,1.4000
368,297,268.0000,1.5290
368,363,337.0000,1.4490
369,346,340.0000,1.0900
369,351,340.0000,1.0900
369,355,340.0000,1.0900
370,308,268.0000,1.5290
370,352,340.0000,1.0900
373,350,490.0000,1.3350
373,356,317.0000,1.5220
375,348,490.0000,1.3350
376,370,320.0000,1.4100
377,375,570.0000,1.2290
378,305,469.0000,1.4000
381,380,553.0000,0.9450
382,317,317.0000,1.5220
382,374,570.0000,1.2290
383,367,367.0000,1.0800
385,323,570.0000,1.2290
386,364,570.0000,1.2290
387,328,340.0000,1.0900
387,378,317.0000,1.5100
388,333,570.0000,1.2290
388,368,317.0000,1.5220
389,363,490.0000,1.3350
390,325,570.0000,1.2290
391,365,553.0000,0.9450
392,357,434.0000,1.0100
393,359,570.0000,1.2290
394,357,337.0000,1.4490
394,362,340.0000,1.0900
394,389,317.0000,1.5220
396,332,367.0000,1.0800
397,313,268.0000,1.5290
397,385,317.0000,1.5220
399,376,553.0000,0.9450
401,329,268.0000,1.5290
401,395,340.0000,1.0900
402,335,317.0000,1.5100
402,396,469.0000,1.4000
403,315,268.0000,1.5290
404,321,469.0000,1.4000
407,318,268.0000,1.5290
408,356,337.0000,1.4490
410,397,340.0000,1.0900
411,393,490.0000,1.3350
411,403,337.0000,1.4490
412,364,317.0000,1.5220
412,372,340.0000,1.0900
413,373,570.0000,1.2290
415,375,317.0000,1.5220
415,379,340.0000,1.0900
416,387,340.0000,1.0900
417,368,340.0000,1.0900
418,365,320.0000,1.4100
418,398,340.0000,1.0900
419,358,469.0000,1.4000
420,389,570.0000,1.2290
422,408,434.0000,1.0100
423,387,268.0000,1.5290
423,393,317.0000,1.5220
423,409,340.0000,1.0900
424,407,337.0000,1.4490
424,421,434.0000,1.0100
425,367,469.0000,1.4000
425,404,469.0000,1.4000
426,349,268.0000,1.5290
427,403,340.0000,1.0900
432,371,274.0000,1.3360
432,426,222.0000,1.8100
433,344,268.0000,1.5290
435,378,469.0000,1.4000
435,419,469.0000,1.4000
436,408,490.0000,1.3350
436,414,570.0000,1.2290
439,426,340.0000,1.0900
441,407,317.0000,1.5220
441,434,570.0000,1.2290
442,353,317.0000,1.5220
444,400,340.0000,1.0900
444,401,268.0000,1.5290
445,407,340.0000,1.0900
446,418,340.0000,1.0900
447,380,320.0000,1.4100
447,431,340.0000,1.0900
448,384,340.0000,1.0900
448,447,268.0000,1.5290
449,406,340.0000,1.0900
449,415,268.0000,1.5290
449,430,340.0000,1.0900
450,385,490.0000,1.3350
450,444,337.0000,1.4490
451,412,340.0000,1.0900
452,401,340.0000,1.0900
454,424,490.0000,1.3350
455,433,340.0000,1.0900
459,411,434.0000,1.0100
460,382,490.0000,1.3350
460,458,434.0000,1.0100
461,403,317.0000,1.5220
465,370,268.0000,1.5290
466,454,570.0000,1.2290
468,396,469.0000,1.4000
468,453,367.0000,1.0800
469,448,340.0000,1.0900
471,397,337.0000,1.4490
472,388,490.0000,1.3350
473,369,268.0000,1.5290
474,412,337.0000,1.4490
474,457,434.0000,1.0100
476,404,317.0000,1.5100
476,443,340.0000,1.0900
476,462,340.0000,1.0900
477,465,317.0000,1.5220
477,475,570.0000,1.2290
478,428,340.0000,1.0900
478,433,268.0000,1.5290
478,464,340.0000,1.0900
479,433,340.0000,1.0900
481,440,434.0000,1.0100
481,461,490.0000,1.3350
482,419,367.0000,1.0800
484,441,490.0000,1.3350
485,415,340.0000,1.0900
487,405,340.0000,1.0900
488,471,434.0000,1.0100
490,442,570.0000,1.2290
493,426,340.0000,1.0900
494,487,340.0000,1.0900
495,461,570.0000,1.2290
497,492,553.0000,0.9450
499,394,268.0000,1.5290
500,473,340.0000,1.0900
501,402,469.0000,1.4000
502,442,490.0000,1.3350
502,456,434.0000,1.0100
503,465,340.0000,1.0900
504,477,490.0000,1.3350
504,496,434.0000,1.0100
505,454,317.0000,1.5220
505,467,340.0000,1.0900
505,472,337.0000,1.4490
506,438,340.0000,1.0900
506,484,337.0000,1.4490
507,470,340.0000,1.0900
507,473,268.0000,1.5290
507,480,340.0000,1.0900
508,448,340.0000,1.0900
509,425,367.0000,1.0800
510,435,367.0000,1.0800
511,437,340.0000,1.0900
511,484,337.0000,1.4490
512,436,317.0000,1.5220
512,483,340.0000,1.0900
512,504,337.0000,1.4490
513,471,490.0000,1.3350
513,489,570.0000,1.2290
514,429,340.0000,1.0900
514,506,268.0000,1.5290
515,450,434.0000,1.0100
516,501,367.0000,1.0800
519,418,268.0000,1.5290
519,481,337.0000,1.4490
520,463,340.0000,1.0900
520,473,268.0000,1.5290
521,487,268.0000,1.5290
521,491,340.0000,1.0900
521,499,268.0000,1.5290
522,487,340.0000,1.0900
523,472,434.0000,1.0100
524,498,570.0000,1.2290
525,465,337.0000,1.4490
526,525,434.0000,1.0100
527,499,340.0000,1.0900
528,499,340.0000,1.0900
530,520,340.0000,1.0900
532,423,337.0000,1.4490
534,460,337.0000,1.4490
534,524,317.0000,1.5220
536,534,340.0000,1.0900
537,447,268.0000,1.5290
538,524,490.0000,1.3350
538,537,337.0000,1.4490
539,537,340.0000,1.0900
540,444,317.0000,1.5220
542,474,490.0000,1.3350
543,514,340.0000,1.0900
544,511,268.0000,1.5290
544,514,268.0000,1.5290
544,531,340.0000,1.0900
547,486,434.0000,1.0100
549,511,340.0000,1.0900
550,517,434.0000,1.0100
551,519,340.0000,1.0900
553,449,268.0000,1.5290
555,468,469.0000,1.4000
556,550,434.0000,1.0100
558,532,434.0000,1.0100
559,553,340.0000,1.0900
562,538,434.0000,1.0100
563,542,570.0000,1.2290
564,501,469.0000,1.4000
564,555,469.0000,1.4000
565,519,317.0000,1.5220
565,535,570.0000,1.2290
566,507,340.0000,1.0900
568,476,268.0000,1.5290
570,518,434.0000,1.0100
571,525,490.0000,1.3350
573,478,268.0000,1.5290
575,540,490.0000,1.3350
575,545,434.0000,1.0100
576,492,320.0000,1.4100
578,540,570.0000,1.2290
579,529,340.0000,1.0900
579,560,340.0000,1.0900
580,533,340.0000,1.0900
580,542,317.0000,1.5220
580,576,268.0000,1.5290
581,568,340.0000,1.0900
582,513,317.0000,1.5220
582,547,337.0000,1.4490
584,571,570.0000,1.2290
588,506,317.0000,1.5220
590,502,337.0000,1.4490
591,554,570.0000,1.2290
591,573,317.0000,1.5220
593,546,340.0000,1.0900
593,577,340.0000,1.0900
593,579,268.0000,1.5290
594,532,490.0000,1.3350
594,567,570.0000,1.2290
595,590,340.0000,1.0900
596,547,490.0000,1.3350
596,553,317.0000,1.5220
598,505,268.0000,1.5290
600,548,434.0000,1.0100
600,573,337.0000,1.4490
602,520,268.0000,1.5290
602,570,337.0000,1.4490
603,550,490.0000,1.3350
603,599,570.0000,1.2290
605,512,268.0000,1.5290
607,576,340.0000,1.0900
609,598,340.0000,1.0900
610,555,367.0000,1.0800
612,541,434.0000,1.0100
613,582,340.0000,1.0900
615,553,337.0000,1.4490
617,521,268.0000,1.5290
618,569,434.0000,1.0100
618,588,490.0000,1.3350
619,587,570.0000,1.2290
620,602,340.0000,1.0900
621,544,340.0000,1.0900
624,576,340.0000,1.0900
625,568,337.0000,1.4490
625,619,490.0000,1.3350
627,583,340.0000,1.0900
627,601,340.0000,1.0900
627,605,268.0000,1.5290
628,574,340.0000,1.0900
628,589,340.0000,1.0900
629,573,340.0000,1.0900
630,552,340.0000,1.0900
630,628,268.0000,1.5290
634,534,268.0000,1.5290
634,622,340.0000,1.0900
635,557,367.0000,1.0800
636,537,317.0000,1.5220
639,605,340.0000,1.0900
640,598,340.0000,1.0900
641,568,317.0000,1.5220
641,570,490.0000,1.3350
644,634,340.0000,1.0900
645,631,553.0000,0.9450
647,561,340.0000,1.0900
647,619,317.0000,1.5220
649,588,570.0000,1.2290
650,564,367.0000,1.0800
651,591,490.0000,1.3350
652,585,570.0000,1.2290
652,615,490.0000,1.3350
655,571,317.0000,1.5220
655,611,340.0000,1.0900
655,651,337.0000,1.4490
656,590,317.0000,1.5220
656,626,570.0000,1.2290
657,617,340.0000,1.0900
659,617,340.0000,1.0900
660,590,268.0000,1.5290
660,604,340.0000,1.0900
661,625,434.0000,1.0100
662,636,570.0000,1.2290
665,598,268.0000,1.5290
665,608,340.0000,1.0900
666,592,570.0000,1.2290
666,630,317.0000,1.5220
668,651,434.0000,1.0100
670,617,340.0000,1.0900
671,597,553.0000,0.9450
671,660,320.0000,1.4100
673,606,340.0000,1.0900
673,616,340.0000,1.0900
674,614,340.0000,1.0900
674,632,340.0000,1.0900
675,612,428.0000,1.3800
675,635,469.0000,1.4000
676,665,340.0000,1.0900
677,582,268.0000,1.5290
677,646,340.0000,1.0900
678,586,340.0000,1.0900
679,565,490.0000,1.3350
682,615,434.0000,1.0100
684,653,656.0000,1.2500
685,572,274.0000,1.3360
687,575,337.0000,1.4490
687,674,268.0000,1.5290
689,580,337.0000,1.4490
689,681,434.0000,1.0100
690,633,434.0000,1.0100
690,647,337.0000,1.4490
692,605,268.0000,1.5290
692,667,340.0000,1.0900
692,672,340.0000,1.0900
694,643,340.0000,1.0900
694,647,268.0000,1.5290
694,678,268.0000,1.5290
696,623,553.0000,0.9450
697,603,317.0000,1.5220
697,648,340.0000,1.0900
698,612,427.0000,1.3810
698,669,367.0000,1.0800
699,579,268.0000,1.5290
700,636,490.0000,1.3350
700,664,434.0000,1.0100
701,596,570.0000,1.2290
702,679,434.0000,1.0100
705,630,337.0000,1.4490
706,678,340.0000,1.0900
707,637,340.0000,1.0900
707,685,222.0000,1.8100
707,686,340.0000,1.0900
708,658,434.0000,1.0100
708,693,434.0000,1.0100
708,695,434.0000,1.0100
709,699,340.0000,1.0900
711,638,340.0000,1.0900
711,684,317.0000,1.5220
713,699,340.0000,1.0900
714,600,490.0000,1.3350
715,602,317.0000,1.5220
715,712,570.0000,1.2290
716,642,340.0000,1.0900
716,711,268.0000,1.5290
717,635,469.0000,1.4000
717,688,367.0000,1.0800
719,593,337.0000,1.4490
720,663,570.0000,1.2290
720,705,490.0000,1.3350
723,627,340.0000,1.0900
725,594,317.0000,1.5220
725,718,340.0000,1.0900
728,654,340.0000,1.0900
728,714,317.0000,1.5220
728,716,268.0000,1.5290
730,678,340.0000,1.0900
731,673,340.0000,1.0900
732,677,340.0000,1.0900
733,631,320.0000,1.4100
733,721,340.0000,1.0900
734,697,340.0000,1.0900
737,656,490.0000,1.3350
739,677,340.0000,1.0900
741,618,337.0000,1.4490
741,733,268.0000,1.5290
743,660,340.0000,1.0900
746,628,320.0000,1.4100
746,740,553.0000,0.9450
747,641,570.0000,1.2290
748,687,340.0000,1.0900
750,737,434.0000,1.0100
751,679,337.0000,1.4490
751,691,340.0000,1.0900
753,673,268.0000,1.5290
753,683,340.0000,1.0900
754,684,656.0000,1.2500
756,634,268.0000,1.5290
756,749,340.0000,1.0900
757,680,367.0000,1.0800
759,705,434.0000,1.0100
762,674,340.0000,1.0900
764,741,340.0000,1.0900
766,687,317.0000,1.5220
766,719,490.0000,1.3350
768,726,553.0000,0.9450
771,652,317.0000,1.5220
771,761,340.0000,1.0900
774,699,268.0000,1.5290
774,719,337.0000,1.4490
774,755,340.0000,1.0900
775,710,340.0000,1.0900
775,756,268.0000,1.5290
777,722,340.0000,1.0900
777,727,340.0000,1.0900
778,655,268.0000,1.5290
779,775,340.0000,1.0900
780,725,268.0000,1.5290
780,729,340.0000,1.0900
782,666,490.0000,1.3350
783,738,367.0000,1.0800
783,757,469.0000,1.4000
785,703,340.0000,1.0900
785,772,340.0000,1.0900
786,735,340.0000,1.0900
786,760,340.0000,1.0900
786,778,268.0000,1.5290
787,725,337.0000,1.4490
787,736,434.0000,1.0100
788,700,337.0000,1.4490
788,720,317.0000,1.5220
789,665,317.0000,1.5220
790,696,320.0000,1.4100
790,751,268.0000,1.5290
792,711,340.0000,1.0900
794,716,340.0000,1.0900
795,697,268.0000,1.5290
795,758,340.0000,1.0900
796,785,340.0000,1.0900
797,715,490.0000,1.3350
797,784,434.0000,1.0100
798,675,447.0000,1.4190
800,689,490.0000,1.3350
801,714,570.0000,1.2290
803,767,434.0000,1.0100
803,771,337.0000,1.4490
804,778,340.0000,1.0900
805,698,546.0000,1.3520
805,798,388.0000,1.4590
806,690,490.0000,1.3350
807,724,434.0000,1.0100
808,733,340.0000,1.0900
809,704,570.0000,1.2290
810,742,340.0000,1.0900
810,753,268.0000,1.5290
811,757,469.0000,1.4000
811,780,317.0000,1.5100
812,694,320.0000,1.4100
817,800,570.0000,1.2290
818,769,434.0000,1.0100
818,789,490.0000,1.3350
820,692,268.0000,1.5290
821,763,340.0000,1.0900
821,770,340.0000,1.0900
823,788,340.0000,1.0900
824,707,268.0000,1.5290
824,819,340.0000,1.0900
825,752,340.0000,1.0900
825,813,340.0000,1.0900
827,795,340.0000,1.0900
828,753,268.0000,1.5290
828,781,340.0000,1.0900
829,744,340.0000,1.0900
829,826,340.0000,1.0900
831,708,367.0000,1.4710
832,745,340.0000,1.0900
833,737,337.0000,1.4490
833,806,317.0000,1.5220
834,728,337.0000,1.4490
835,717,469.0000,1.4000
836,777,340.0000,1.0900
838,751,317.0000,1.5220
838,802,570.0000,1.2290
840,741,317.0000,1.5220
840,807,490.0000,1.3350
841,782,434.0000,1.0100
842,782,337.0000,1.4490
842,793,340.0000,1.0900
842,832,268.0000,1.5290
845,776,340.0000,1.0900
845,777,268.0000,1.5290
848,820,340.0000,1.0900
849,790,268.0000,1.5290
849,791,340.0000,1.0900
850,765,434.0000,1.0100
852,831,340.0000,1.0900
853,790,340.0000,1.0900
855,773,570.0000,1.2290
855,834,490.0000,1.3350
856,756,268.0000,1.5290
856,837,340.0000,1.0900
857,820,340.0000,1.0900
859,812,553.0000,0.9450
860,803,490.0000,1.3350
860,824,317.0000,1.5220
861,799,553.0000,0.9450
862,775,340.0000,1.0900
864,780,340.0000,1.0900
865,789,570.0000,1.2290
866,809,490.0000,1.3350
866,810,337.0000,1.4490
867,856,340.0000,1.0900
868,766,570.0000,1.2290
869,768,320.0000,1.4100
869,825,268.0000,1.5290
871,778,268.0000,1.5290
871,839,340.0000,1.0900
872,771,268.0000,1.5290
872,843,340.0000,1.0900
873,872,340.0000,1.0900
874,849,340.0000,1.0900
876,833,340.0000,1.0900
877,815,340.0000,1.0900
877,829,268.0000,1.5290
878,798,469.0000,1.4040
878,835,469.0000,1.4000
879,783,469.0000,1.4000
880,820,340.0000,1.0900
881,822,553.0000,0.9450
881,832,320.0000,1.4100
882,830,340.0000,1.0900
882,831,268.0000,1.5290
882,847,340.0000,1.0900
883,786,340.0000,1.0900
887,831,340.0000,1.0900
890,807,337.0000,1.4490
890,809,317.0000,1.5220
891,806,570.0000,1.2290
892,828,340.0000,1.0900
893,814,434.0000,1.0100
894,871,340.0000,1.0900
895,832,340.0000,1.0900
896,787,490.0000,1.3350
897,788,268.0000,1.5290
897,854,340.0000,1.0900
899,829,340.0000,1.0900
901,821,337.0000,1.4490
902,828,340.0000,1.0900
904,844,570.0000,1.2290
905,795,268.0000,1.5290
905,850,337.0000,1.4490
906,785,268.0000,1.5290
906,877,268.0000,1.5290
907,825,340.0000,1.0900
909,869,340.0000,1.0900
910,835,367.0000,1.0800
911,800,317.0000,1.5220
911,870,340.0000,1.0900
913,860,570.0000,1.2290
914,821,317.0000,1.5220
914,850,490.0000,1.3350
915,879,450.0000,1.3640
916,811,469.0000,1.4000
917,810,317.0000,1.5220
917,893,490.0000,1.3350
919,818,434.0000,1.0100
920,834,434.0000,1.0100
921,797,337.0000,1.4490
921,904,317.0000,1.5220
922,805,317.0000,1.4950
922,889,340.0000,1.0900
923,774,317.0000,1.5220
924,845,268.0000,1.5290
924,851,340.0000,1.0900
925,816,570.0000,1.2290
926,846,340.0000,1.0900
926,888,340.0000,1.0900
927,886,570.0000,1.2290
927,901,490.0000,1.3350
928,824,337.0000,1.4490
928,912,434.0000,1.0100
929,845,268.0000,1.5290
929,875,340.0000,1.0900
933,833,268.0000,1.5290
933,908,340.0000,1.0900
934,901,434.0000,1.0100
935,849,340.0000,1.0900
937,905,340.0000,1.0900
939,915,553.0000,0.9450
940,863,340.0000,1.0900
940,897,268.0000,1.5290
941,879,469.0000,1.4000
941,916,469.0000,1.4000
942,856,340.0000,1.0900
943,933,340.0000,1.0900
944,921,340.0000,1.0900
945,858,570.0000,1.2290
946,896,570.0000,1.2290
947,840,570.0000,1.2290
948,904,490.0000,1.3350
949,926,340.0000,1.0900
952,923,570.0000,1.2290
953,890,340.0000,1.0900
956,890,268.0000,1.5290
956,898,340.0000,1.0900
957,916,367.0000,1.0800
958,866,434.0000,1.0100
959,906,340.0000,1.0900
960,871,340.0000,1.0900
961,838,490.0000,1.3350
962,884,340.0000,1.0900
962,954,320.0000,1.4100
964,877,340.0000,1.0900
965,940,340.0000,1.0900
966,929,340.0000,1.0900
968,861,320.0000,1.4100
968,932,340.0000,1.0900
969,911,337.0000,1.4490
969,945,490.0000,1.3350
971,869,268.0000,1.5290
971,936,340.0000,1.0900
972,893,337.0000,1.4490
972,925,317.0000,1.5220
972,962,268.0000,1.5290
973,842,317.0000,1.5220
975,878,367.0000,1.0800
976,896,317.0000,1.5220
976,906,268.0000,1.5290
976,974,340.0000,1.0900
978,924,337.0000,1.4490
978,925,490.0000,1.3350
979,903,434.0000,1.0100
980,922,340.0000,1.0900
981,922,268.0000,1.5290
981,948,337.0000,1.4490
981,955,340.0000,1.0900
982,885,340.0000,1.0900
983,956,340.0000,1.0900
984,855,317.0000,1.5220
985,984,340.0000,1.0900
986,900,434.0000,1.0100
987,923,490.0000,1.3350
987,982,337.0000,1.4490
988,918,434.0000,1.0100
989,961,434.0000,1.0100
990,938,570.0000,1.2290
991,911,268.0000,1.5290
991,950,340.0000,1.0900
992,948,434.0000,1.0100
994,930,434.0000,1.0100
994,973,490.0000,1.3350
996,897,268.0000,1.5290
996,967,340.0000,1.0900
997,984,340.0000,1.0900
998,921,268.0000,1.5290
998,951,340.0000,1.0900
999,905,317.0000,1.5220
999,979,490.0000,1.3350
1000,872,268.0000,1.5290
1002,929,340.0000,1.0900
1003,917,570.0000,1.2290
1005,971,337.0000,1.4490
1005,990,490.0000,1.3350
1007,914,570.0000,1.2290
1009,941,367.0000,1.0800
1010,1006,570.0000,1.2290
1011,924,317.0000,1.5220
1011,986,490.0000,1.3350
1012,1000,340.0000,1.0900
1013,1000,340.0000,1.0900
1015,882,268.0000,1.5290
1016,991,340.0000,1.0900
1017,968,268.0000,1.5290
1017,988,337.0000,1.4490
1017,1010,317.0000,1.5220
1018,927,317.0000,1.5220
1018,995,340.0000,1.0900
1019,926,268.0000,1.5290
1019,982,268.0000,1.5290
1020,931,340.0000,1.0900
1023,945,317.0000,1.5220
1023,963,340.0000,1.0900
1025,954,553.0000,0.9450
1026,928,490.0000,1.3350
1027,982,317.0000,1.5220
1027,988,490.0000,1.3350
1029,973,570.0000,1.2290
1032,1010,490.0000,1.3350
1032,1018,337.0000,1.4490
1033,969,434.0000,1.0100
1034,996,340.0000,1.0900
1035,962,340.0000,1.0900
1036,1015,340.0000,1.0900
1037,1032,434.0000,1.0100
1038,1019,340.0000,1.0900
1039,940,268.0000,1.5290
1039,1024,340.0000,1.0900
1040,1020,320.0000,1.4100
1042,1015,340.0000,1.0900
1044,979,337.0000,1.4490
1044,990,317.0000,1.5220
1045,970,570.0000,1.2290
1045,998,317.0000,1.5220
1046,978,434.0000,1.0100
1047,1005,434.0000,1.0100
1049,961,337.0000,1.4490
1049,1031,340.0000,1.0900
1050,968,268.0000,1.5290
1050,1021,340.0000,1.0900
1051,933,317.0000,1.5220
1052,977,340.0000,1.0900
1052,1048,340.0000,1.0900
1052,1049,268.0000,1.5290
1056,1026,570.0000,1.2290
1057,956,320.0000,1.4100
1057,1030,553.0000,0.9450
1059,1039,340.0000,1.0900
1060,972,340.0000,1.0900
1062,996,340.0000,1.0900
1063,998,340.0000,1.0900
1064,1020,340.0000,1.0900
1065,987,434.0000,1.0100
1067,1044,340.0000,1.0900
1069,986,337.0000,1.4490
1069,1020,268.0000,1.5290
1072,1050,340.0000,1.0900
1075,984,337.0000,1.4490
1076,971,317.0000,1.5220
1077,993,340.0000,1.0900
1077,1068,340.0000,1.0900
1079,1015,268.0000,1.5290
1079,1043,340.0000,1.0900
1079,1061,340.0000,1.0900
1080,1001,434.0000,1.0100
1081,1022,340.0000,1.0900
1081,1028,340.0000,1.0900
1082,1027,570.0000,1.2290
1083,1008,570.0000,1.2290
1083,1069,317.0000,1.5220
1085,1023,337.0000,1.4490
1086,1004,434.0000,1.0100
1087,999,570.0000,1.2290
1090,1014,367.0000,1.0800
1092,994,337.0000,1.4490
1092,1077,268.0000,1.5290
1093,976,337.0000,1.4490
1094,1000,317.0000,1.5220
1094,1089,570.0000,1.2290
1095,1051,490.0000,1.3350
1095,1053,434.0000,1.0100
1096,991,317.0000,1.5100
1096,1090,469.0000,1.4000
1099,1092,340.0000,1.0900
1100,1054,434.0000,1.0100
1100,1076,490.0000,1.3350
1103,1023,268.0000,1.5290
1103,1055,340.0000,1.0900
1104,1075,434.0000,1.0100
1105,981,317.0000,1.5220
1106,1078,570.0000,1.2290
1106,1085,490.0000,1.3350
1107,1026,317.0000,1.5220
1107,1066,340.0000,1.0900
1108,1051,570.0000,1.2290
1109,1017,340.0000,1.0900
1111,1011,570.0000,1.2290
1114,1080,434.0000,1.0100
1116,1093,434.0000,1.0100
1117,1071,340.0000,1.0900
1117,1073,340.0000,1.0900
1118,1039,340.0000,1.0900
1121,1070,570.0000,1.2290
1122,1040,553.0000,0.9450
1123,1076,570.0000,1.2290
1124,1044,340.0000,1.0900
1125,1019,268.0000,1.5290
1125,1112,340.0000,1.0900
1126,1075,490.0000,1.3350
1126,1097,570.0000,1.2290
1127,1018,268.0000,1.5290
1127,1110,340.0000,1.0900
1128,1050,340.0000,1.0900
1129,1081,317.0000,1.5100
1130,1041,340.0000,1.0900
1130,1117,268.0000,1.5290
1131,1085,434.0000,1.0100
1132,1102,367.0000,1.0800
1132,1129,469.0000,1.4000
1133,1074,340.0000,1.0900
1133,1086,337.0000,1.4630
1135,1107,337.0000,1.4490
1135,1121,490.0000,1.3350
1136,1103,340.0000,1.0900
1137,1080,481.0000,1.3400
1137,1086,481.0000,1.3400
1139,1058,340.0000,1.0900
1142,1105,570.0000,1.2290
1143,1069,340.0000,1.0900
1145,1125,340.0000,1.0900
1146,1052,268.0000,1.5290
1146,1133,268.0000,1.5290
1147,1084,340.0000,1.0900
1147,1113,340.0000,1.0900
1150,1098,570.0000,1.2290
1151,1139,340.0000,1.0900
1152,1105,490.0000,1.3350
1152,1119,434.0000,1.0100
1154,1146,340.0000,1.0900
1156,1049,317.0000,1.5220
1157,1093,490.0000,1.3350
1157,1148,570.0000,1.2290
1158,1077,268.0000,1.5290
1158,1139,268.0000,1.5290
1161,1095,434.0000,1.0100
1164,1088,340.0000,1.0900
1164,1158,268.0000,1.5290
1165,1115,340.0000,1.0900
1165,1120,340.0000,1.0900
1166,1081,268.0000,1.5290
1166,1121,317.0000,1.5220
1168,1129,469.0000,1.4000
1168,1167,367.0000,1.0800
1169,1127,340.0000,1.0900
1170,1106,317.0000,1.5220
1170,1134,340.0000,1.0900
1171,1156,570.0000,1.2290
1172,1135,434.0000,1.0100
1173,1091,340.0000,1.0900
1173,1170,268.0000,1.5290
1174,1132,469.0000,1.4000
1175,1130,268.0000,1.5290
1175,1141,340.0000,1.0900
1175,1155,340.0000,1.0900
1176,1174,367.0000,1.0800
1178,1083,490.0000,1.3350
1180,1101,340.0000,1.0900
1181,1094,490.0000,1.3350
1182,1090,469.0000,1.4000
1182,1179,367.0000,1.0800
1183,1181,434.0000,1.0100
1186,1147,340.0000,1.0900
1188,1130,268.0000,1.5290
1188,1153,340.0000,1.0900
1188,1180,268.0000,1.5290
1190,1100,337.0000,1.4490
1190,1150,317.0000,1.5220
1191,1117,340.0000,1.0900
1192,1139,340.0000,1.0900
1193,1125,340.0000,1.0900
1194,1150,490.0000,1.3350
1194,1180,337.0000,1.4490
1195,1096,469.0000,1.4000
1196,1103,268.0000,1.5290
1196,1159,340.0000,1.0900
1197,1092,317.0000,1.5220
1198,1197,570.0000,1.2290
1199,1195,367.0000,1.0800
1200,1127,317.0000,1.5100
1201,1144,367.0000,1.0800
1201,1200,469.0000,1.4000
1202,1079,268.0000,1.5290
1203,1126,317.0000,1.5220
1203,1178,337.0000,1.4490
1203,1189,340.0000,1.0900
1204,1164,340.0000,1.0900
1206,1133,340.0000,1.0900
1209,1107,268.0000,1.5290
1209,1184,340.0000,1.0900
1211,1045,490.0000,1.3350
1212,1138,656.0000,1.2500
1212,1173,317.0000,1.5220
1213,1174,469.0000,1.4000
1215,1168,469.0000,1.4000
1215,1213,469.0000,1.4000
1216,1211,434.0000,1.0100
1217,1164,340.0000,1.0900
1219,1160,434.0000,1.0100
1219,1205,434.0000,1.0100
1219,1214,434.0000,1.0100
1220,1173,340.0000,1.0900
1221,1146,340.0000,1.0900
1222,1166,337.0000,1.4490
1222,1177,434.0000,1.0100
1223,1149,367.0000,1.0800
1224,1202,340.0000,1.0900
1225,1166,340.0000,1.0900
1226,1196,340.0000,1.0900
1227,1147,268.0000,1.5290
1227,1165,268.0000,1.5290
1228,1178,434.0000,1.0100
1229,1156,490.0000,1.3350
1229,1207,434.0000,1.0100
1230,1162,340.0000,1.0900
1230,1190,268.0000,1.5290
1231,1140,656.0000,1.2500
1233,1157,317.0000,1.5220
1233,1165,268.0000,1.5290
1234,1181,434.0000,1.0100
1235,1187,434.0000,1.0100
1235,1202,337.0000,1.4490
1236,1158,340.0000,1.0900
1238,1137,481.0000,1.3400
1239,1163,434.0000,1.0100
1241,1230,340.0000,1.0900
1242,1194,434.0000,1.0100
1243,1215,367.0000,1.0800
1245,1202,317.0000,1.5220
1245,1237,656.0000,1.2500
1246,1213,450.0000,1.3640
1248,1190,340.0000,1.0900
1249,1211,434.0000,1.0100
1250,1246,553.0000,0.9450
1252,1209,340.0000,1.0900
1253,1175,340.0000,1.0900
1255,1152,337.0000,1.4490
1256,1209,317.0000,1.5100
1256,1223,469.0000,1.4000
1257,1180,317.0000,1.5220
1257,1239,490.0000,1.3350
1258,1210,570.0000,1.2290
1258,1255,317.0000,1.5220
1259,1238,434.0000,1.0100
1261,1188,340.0000,1.0900
1262,1218,340.0000,1.0900
1262,1231,317.0000,1.5220
1263,1200,469.0000,1.4000
1263,1260,367.0000,1.0800
1264,1182,469.0000,1.4000
1267,1185,570.0000,1.2290
1268,1223,469.0000,1.4000
1268,1240,367.0000,1.0800
1269,1201,469.0000,1.4000
1270,1233,340.0000,1.0900
1271,1208,340.0000,1.0900
1271,1262,268.0000,1.5290
1272,1170,337.0000,1.4490
1273,1197,490.0000,1.3350
1273,1265,434.0000,1.0100
1274,1195,469.0000,1.4000
1274,1264,469.0000,1.4000
1275,1269,367.0000,1.0800
1277,1196,268.0000,1.5290
1277,1247,340.0000,1.0900
1278,1227,268.0000,1.5290
1278,1232,340.0000,1.0900
1279,1227,340.0000,1.0900
1285,1238,434.0000,1.0100
1286,1212,656.0000,1.2500
1288,1231,656.0000,1.2500
1289,1255,340.0000,1.0900
1290,1239,337.0000,1.4490
1290,1267,317.0000,1.5220
1290,1271,268.0000,1.5290
1291,1233,337.0000,1.4490
1291,1266,434.0000,1.0100
1295,1245,656.0000,1.2500
1296,1244,434.0000,1.0100
1297,1254,367.0000,1.0800
1299,1251,570.0000,1.2290
1299,1272,490.0000,1.3350
1301,1203,268.0000,1.5290
1302,1278,340.0000,1.0900
1303,1296,434.0000,1.0100
1304,1222,490.0000,1.3350
1306,1219,367.0000,1.4710
1307,1235,490.0000,1.3350
1308,1230,268.0000,1.5290
1308,1305,340.0000,1.0900
1309,1255,268.0000,1.5290
1309,1284,340.0000,1.0900
1310,1277,340.0000,1.0900
1313,1301,340.0000,1.0900
1314,1272,434.0000,1.0100
1317,1229,337.0000,1.4490
1317,1311,340.0000,1.0900
1318,1282,656.0000,1.2500
1319,1281,340.0000,1.0900
1319,1283,340.0000,1.0900
1320,1271,340.0000,1.0900
1323,1306,340.0000,1.0900
1324,1287,340.0000,1.0900
1324,1306,268.0000,1.5290
1324,1308,268.0000,1.5290
1325,1264,367.0000,1.0800
1326,1278,340.0000,1.0900
1327,1297,469.0000,1.4000
1327,1298,367.0000,1.0800
1329,1262,340.0000,1.0900
1330,1263,469.0000,1.4000
1331,1293,340.0000,1.0900
1331,1301,268.0000,1.5290
1331,1312,340.0000,1.0900
1332,1280,340.0000,1.0900
1332,1307,317.0000,1.5220
1333,1257,570.0000,1.2290
1334,1277,337.0000,1.4630
1334,1300,434.0000,1.0100
1335,1269,469.0000,1.4000
1335,1330,469.0000,1.4000
1337,1297,469.0000,1.4000
1337,1309,317.0000,1.5100
1340,1274,367.0000,1.0800
1341,1258,490.0000,1.3350
1343,1256,469.0000,1.4000
1344,1267,490.0000,1.3350
1344,1332,337.0000,1.4490
1345,1292,340.0000,1.0900
1345,1318,317.0000,1.5220
1345,1338,340.0000,1.0900
1346,1276,340.0000,1.0900
1347,1294,340.0000,1.0900
1347,1304,317.0000,1.5220
1349,1268,469.0000,1.4000
1350,1319,340.0000,1.0900
1351,1306,340.0000,1.0900
1353,1304,570.0000,1.2290
1355,1290,340.0000,1.0900
1357,1318,656.0000,1.2500
1359,1346,340.0000,1.0900
1360,1273,337.0000,1.4490
1361,1360,340.0000,1.0900
1364,1296,490.0000,1.3350
1364,1346,317.0000,1.5220
1365,1317,268.0000,1.5290
1365,1322,340.0000,1.0900
1365,1354,340.0000,1.0900
1367,1316,340.0000,1.0900
1367,1339,340.0000,1.0900
1368,1343,367.0000,1.0800
1369,1307,570.0000,1.2290
1370,1301,268.0000,1.5290
1370,1348,340.0000,1.0900
1370,1356,340.0000,1.0900
1371,1308,340.0000,1.0900
1373,1328,340.0000,1.0900
1373,1341,337.0000,1.4490
1376,1330,367.0000,1.0800
1377,1317,317.0000,1.5220
1377,1352,570.0000,1.2290
1378,1291,490.0000,1.3350
1379,1309,340.0000,1.0900
1380,1341,434.0000,1.0100
1382,1335,367.0000,1.0800
1383,1315,340.0000,1.0900
1383,1373,268.0000,1.5290
1384,1343,469.0000,1.4000
1384,1349,469.0000,1.4000
1385,1321,340.0000,1.0900
1385,1367,268.0000,1.5290
1386,1327,469.0000,1.4000
1388,1336,340.0000,1.0900
1388,1363,340.0000,1.0900
1391,1337,469.0000,1.4000
1392,1319,268.0000,1.5290
1392,1347,268.0000,1.5290
1394,1324,340.0000,1.0900
1396,1349,450.0000,1.3640
1396,1358,553.0000,0.9450
1397,1346,268.0000,1.5290
1397,1360,268.0000,1.5290
1397,1390,340.0000,1.0900
1399,1344,434.0000,1.0100
1402,1331,340.0000,1.0900
1403,1342,570.0000,1.2290
1404,1299,317.0000,1.5220
1406,1347,337.0000,1.4490
1406,1403,490.0000,1.3350
1407,1386,450.0000,1.3640
1408,1378,570.0000,1.2290
1409,1395,434.0000,1.0100
1409,1405,434.0000,1.0100
1411,1391,367.0000,1.0800
1414,1386,469.0000,1.4000
1414,1391,469.0000,1.4000
1415,1332,268.0000,1.5290
1416,1360,317.0000,1.5220
1416,1400,570.0000,1.2290
1417,1334,481.0000,1.3400
1419,1383,340.0000,1.0900
1420,1378,317.0000,1.5220
1420,1381,340.0000,1.0900
1421,1364,570.0000,1.2290
1422,1362,570.0000,1.2290
1423,1367,340.0000,1.0900
1424,1383,268.0000,1.5290
1424,1389,340.0000,1.0900
1425,1385,268.0000,1.5290
1425,1387,340.0000,1.0900
1426,1409,490.0000,1.3350
1426,1424,317.0000,1.5220
1427,1374,340.0000,1.0900
1427,1415,268.0000,1.5290
1428,1366,340.0000,1.0900
1428,1427,268.0000,1.5290
1429,1425,340.0000,1.0900
1430,1372,340.0000,1.0900
1430,1415,268.0000,1.5290
1432,1388,340.0000,1.0900
1433,1404,340.0000,1.0900
1434,1392,340.0000,1.0900
1435,1370,340.0000,1.0900
1437,1398,340.0000,1.0900
1437,1404,268.0000,1.5290
1437,1436,340.0000,1.0900
1438,1430,340.0000,1.0900
1439,1377,490.0000,1.3350
1440,1407,553.0000,0.9450
1441,1345,268.0000,1.5290
1442,1426,570.0000,1.2290
1443,1388,268.0000,1.5290
1443,1393,340.0000,1.0900
1444,1375,570.0000,1.2290
1444,1441,317.0000,1.5220
1446,1384,367.0000,1.0800
1447,1428,340.0000,1.0900
1448,1404,337.0000,1.4490
1448,1422,490.0000,1.3350
1449,1385,268.0000,1.5290
1449,1420,268.0000,1.5290
1450,1392,268.0000,1.5290
1450,1410,340.0000,1.0900
1453,1413,434.0000,1.0100
1453,1417,481.0000,1.3400
1454,1439,434.0000,1.0100
1455,1441,340.0000,1.0900
1456,1449,340.0000,1.0900
1457,1365,268.0000,1.5290
1459,1401,340.0000,1.0900
1459,1458,340.0000,1.0900
1460,1373,317.0000,1.5220
1462,1414,367.0000,1.0800
1463,1406,434.0000,1.0100
1464,1397,340.0000,1.0900
1465,1417,481.0000,1.3400
1465,1451,434.0000,1.0100
1467,1418,434.0000,1.0100
1467,1460,490.0000,1.3350
1469,1403,317.0000,1.5220
1469,1459,268.0000,1.5290
1470,1415,340.0000,1.0900
1471,1412,434.0000,1.0100
1471,1469,337.0000,1.4490
1472,1431,656.0000,1.2500
1472,1457,317.0000,1.5220
1473,1428,340.0000,1.0900
1475,1450,340.0000,1.0900
1478,1457,340.0000,1.0900
1479,1422,317.0000,1.5220
1479,1443,268.0000,1.5290
1480,1430,340.0000,1.0900
1481,1427,340.0000,1.0900
1482,1416,490.0000,1.3350
1484,1425,340.0000,1.0900
1485,1424,340.0000,1.0900
1486,1439,337.0000,1.4490
1486,1452,340.0000,1.0900
1487,1472,656.0000,1.2500
1489,1441,337.0000,1.4490
1489,1468,434.0000,1.0100
1491,1482,434.0000,1.0100
1492,1420,337.0000,1.4490
1494,1457,340.0000,1.0900
1495,1450,340.0000,1.0900
1496,1443,268.0000,1.5290
1496,1476,340.0000,1.0900
1497,1466,434.0000,1.0100
1497,1477,434.0000,1.0100
1499,1445,570.0000,1.2290
1499,1492,490.0000,1.3350
1500,1449,340.0000,1.0900
1501,1459,340.0000,1.0900
1502,1479,337.0000,1.4490
1502,1483,434.0000,1.0100
1504,1444,490.0000,1.3350
1505,1448,337.0000,1.4490
1505,1498,340.0000,1.0900
1506,1453,434.0000,1.0100
1507,1460,570.0000,1.2290
1509,1437,268.0000,1.5290
1509,1505,268.0000,1.5290
1510,1461,340.0000,1.0900
1510,1508,340.0000,1.0900
1512,1474,340.0000,1.0900
1512,1504,337.0000,1.4490
1513,1469,340.0000,1.0900
1514,1465,434.0000,1.0100
1515,1496,340.0000,1.0900
1516,1482,337.0000,1.4490
1516,1490,340.0000,1.0900
1517,1479,340.0000,1.0900
1518,1486,268.0000,1.5290
1518,1488,340.0000,1.0900
1520,1471,490.0000,1.3350
1520,1512,317.0000,1.5220
1522,1493,340.0000,1.0900
1522,1511,340.0000,1.0900
1524,1509,340.0000,1.0900
1525,1503,434.0000,1.0100
1526,1486,317.0000,1.5220
1526,1525,490.0000,1.3350
1527,1467,337.0000,1.4490
1527,1522,268.0000,1.5290
1528,1496,340.0000,1.0900
1529,1492,434.0000,1.0100
1533,1504,434.0000,1.0100
1534,1510,268.0000,1.5290
1534,1519,340.0000,1.0900
1534,1531,340.0000,1.0900
1535,1509,340.0000,1.0900
1538,1502,490.0000,1.3350
1540,1505,340.0000,1.0900
1541,1489,490.0000,1.3350
1542,1518,340.0000,1.0900
1543,1510,268.0000,1.5290
1543,1530,340.0000,1.0900
1544,1523,570.0000,1.2290
1544,1527,317.0000,1.5220
1546,1497,490.0000,1.3350
1547,1521,434.0000,1.0100
1549,1516,317.0000,1.5220
1549,1547,490.0000,1.3350
1550,1526,570.0000,1.2290
1551,1543,317.0000,1.5220
1552,1539,434.0000,1.0100
1552,1551,490.0000,1.3350
1553,1518,320.0000,1.4100
1553,1532,553.0000,0.9450
1554,1499,317.0000,1.5220
1554,1552,337.0000,1.4490
1556,1527,340.0000,1.0900
1558,1551,570.0000,1.2290
1559,1516,268.0000,1.5290
1559,1537,340.0000,1.0900
1560,1525,337.0000,1.4490
1560,1538,317.0000,1.5220
1560,1557,340.0000,1.0900
1561,1512,268.0000,1.5290
1561,1555,340.0000,1.0900
1562,1538,570.0000,1.2290
1563,1520,570.0000,1.2290
1565,1546,570.0000,1.2290
1568,1541,570.0000,1.2290
1570,1561,340.0000,1.0900
1574,1549,570.0000,1.2290
1575,1541,317.0000,1.5220
1575,1547,337.0000,1.4490
1576,1546,317.0000,1.5220
1576,1564,340.0000,1.0900
1577,1536,340.0000,1.0900
1577,1575,268.0000,1.5290
1578,1554,340.0000,1.0900
1579,1522,268.0000,1.5290
1580,1559,340.0000,1.0900
1581,1554,268.0000,1.5290
1581,1569,340.0000,1.0900
1581,1576,268.0000,1.5290
1582,1559,340.0000,1.0900
1583,1548,570.0000,1.2290
1583,1579,317.0000,1.5220
1584,1544,490.0000,1.3350
1586,1579,340.0000,1.0900
1587,1545,340.0000,1.0900
1588,1572,434.0000,1.0100
1588,1573,434.0000,1.0100
1588,1587,367.0000,1.4710
1589,1577,340.0000,1.0900
1590,1567,656.0000,1.2500
1590,1571,656.0000,1.2500
1592,1534,268.0000,1.5290
1593,1561,340.0000,1.0900
1594,1543,337.0000,1.4490
1594,1592,337.0000,1.4490
1595,1560,340.0000,1.0900
1596,1587,340.0000,1.0900
1597,1584,434.0000,1.0100
1598,1566,340.0000,1.0900
1598,1591,340.0000,1.0900
1600,1579,340.0000,1.0900
1601,1592,340.0000,1.0900
1602,1584,337.0000,1.4490
1602,1585,340.0000,1.0900
1603,1575,340.0000,1.0900
1604,1592,340.0000,1.0900
1605,1577,268.0000,1.5290
1605,1590,317.0000,1.5220
1606,1576,340.0000,1.0900
1607,1587,268.0000,1.5290
1607,1598,268.0000,1.5290
1608,1607,340.0000,1.0900
1609,1581,340.0000,1.0900
1610,1588,434.0000,1.0100
1611,1605,340.0000,1.0900
1612,1583,490.0000,1.3350
1614,1594,490.0000,1.3350
1614,1613,570.0000,1.2290
1615,1612,434.0000,1.0100
1616,1598,268.0000,1.5290
1616,1602,268.0000,1.5290
1618,1599,340.0000,1.0900
1619,1605,340.0000,1.0900
1620,1602,317.0000,1.5220
1621,1618,340.0000,1.0900
1622,1616,340.0000,1.0900
1623,1607,340.0000,1.0900
1624,1612,434.0000,1.0100
1625,1618,337.0000,1.4490
1625,1620,490.0000,1.3350
1626,1617,340.0000,1.0900
1626,1618,268.0000,1.5290
1627,1620,570.0000,1.2290
1628,1616,340.0000,1.0900
1629,1626,340.0000,1.0900
1633,1614,317.0000,1.5220
1633,1631,340.0000,1.0900
1636,1625,337.0000,1.4490
1636,1632,340.0000,1.0900
1637,1630,340.0000,1.0900
1637,1633,268.0000,1.5290
1638,1637,340.0000,1.0900
1640,1626,268.0000,1.5290
1640,1636,268.0000,1.5290
1641,1633,337.0000,1.4490
1642,1640,340.0000,1.0900
1643,1635,570.0000,1.2290
1643,1641,490.0000,1.3350
1644,1634,340.0000,1.0900
1645,1639,570.0000,1.2290
1645,1644,317.0000,1.5220
1647,1637,340.0000,1.0900
1648,1640,340.0000,1.0900
1650,1641,434.0000,1.0100
1652,1636,317.0000,1.5220
1653,1644,340.0000,1.0900
1655,1645,490.0000,1.3350
1655,1654,434.0000,1.0100
1656,1644,268.0000,1.5290
1656,1646,340.0000,1.0900
1657,1643,317.0000,1.5220
1657,1656,268.0000,1.5290
1658,1651,434.0000,1.0100
1658,1652,490.0000,1.3350
1659,1652,570.0000,1.2290
1660,1649,434.0000,1.0100
1660,1657,337.0000,1.4490
1661,1655,434.0000,1.0100
1662,1656,340.0000,1.0900
1663,1657,340.0000,1.0900
1664,1658,337.0000,1.4490
1665,1660,490.0000,1.3350
1665,1664,317.0000,1.5220
1666,1664,340.0000,1.0900
1667,1664,340.0000,1.0900
1668,1665,570.0000,1.2290
