ID,neighbours IDs
0,7
1,8
2,14
3,11
4,8
5,13
6,15
7,11,0
8,24,1,18,4
9,15
10,24,19
11,27,7,21,3
12,14
13,27,5,20
14,20,30,12,2
15,41,17,6,9
16,29
17,15
18,8
19,10
20,14,13,34
21,11
22,36
23,40
24,46,10,8,33
25,36
26,40
27,38,13,11,44
28,38
29,46,30,16
30,14,47,29
31,49
32,42
33,24
34,20
35,42
36,66,41,22,25
37,59
38,27,62,28
39,51
40,49,26,23,56
41,36,51,15,58
42,70,35,32
43,68
44,27
45,65
46,29,77,24,54
47,30
48,71
49,65,40,78,31
50,74
51,41,53,81,39
52,79
53,51
54,46
55,76
56,40
57,72
58,41
59,66,84,37
60,70
61,78
62,71,83,38
63,72
64,89
65,99,84,49,45
66,59,100,36,82
67,71
68,89,72,88,43
69,103
70,104,42,60,95
71,120,62,48,67
72,68,109,63,57
73,107
74,104,77,50
75,115
76,79,102,55
77,46,111,74
78,49,61,110,94
79,123,52,76
80,87
81,51
82,66
83,62
84,65,139,59
85,127
86,137
87,133,80
88,68
89,107,68,64,121
90,130
91,100
92,128
93,117
94,78
95,70
96,141
97,118
98,103
99,65,118,116
100,66,91,155
101,114
102,76
103,151,117,69,98
104,74,159,70,119
105,124
106,144
107,128,89,140,73
108,150
109,72
110,78
111,77
112,162
113,117
114,127,101,135
115,154,123,75,126
116,99
117,103,168,113,93
118,177,97,99
119,104
120,71,172,131
121,89
122,123
123,115,79,171,122
124,163,125,105
125,124
126,115
127,152,114,174,85
128,173,107,149,92
129,166
130,133,185,90
131,120
132,180
133,190,130,87
134,152
135,144,114,145
136,183
137,154,86,184
138,142
139,84
140,107
141,154,188,96
142,174,153,138
143,173
144,135,208,151,106
145,135
146,152
147,197
148,159
149,128
150,151,170,186,108
151,144,103,150,204
152,127,134,207,146
153,142
154,141,137,115,212
155,216,100,165
156,182
157,205
158,195
159,104,148,219
160,191
161,166,206
162,201,188,166,112
163,194,124,182
164,200
165,155
166,162,161,129,215
167,217
168,117
169,172
170,150
171,123
172,238,169,120
173,232,198,128,143
174,127,142,189,222
175,213
176,221
177,184,118,180,226
178,194
179,210
180,177,195,218,132
181,185
182,163,228,156
183,227,136,201
184,177,137,233
185,130,247,181
186,150
187,205
188,162,249,141
189,174
190,254,133,193
191,227,198,160
192,237
193,190
194,255,163,178
195,180,158
196,216
197,251,208,147
198,173,245,191
199,200
200,257,164,199
201,162,183,243
202,221,241
203,217
204,151
205,248,157,187,234
206,161
207,152
208,144,270,197
209,250
210,272,179,224
211,271
212,154
213,261,220,175
214,248
215,166
216,155,258,265,196
217,251,269,167,203
218,180
219,283,159,225
220,213
221,238,202,176,267
222,174
223,227
224,210
225,219
226,177
227,191,183,307,223
228,182
229,258
230,277
231,297,239
232,173,278,244
233,184
234,205
235,265
236,280
237,284,192
238,285,172,221,264
239,231
240,286
241,202
242,255
243,201
244,232
245,198
246,291
247,313,254,185
248,317,274,205,214
249,188
250,261,288,209
251,197,277,217,294
252,255
253,289
254,247,190,300
255,329,194,242,252
256,311
257,269,292,200
258,216,229,309
259,308
260,272
261,316,250,213
262,283
263,272
264,238
265,216,280,314,235
266,269
267,221
268,305
269,217,257,266,324
270,208
271,321,284,211
272,356,210,263,260
273,318,281
274,248,298
275,285
276,278
277,251,230,357
278,349,276,232
279,289
280,265,236
281,273
282,315
283,219,325,335,262
284,271,367,237
285,238,364,275
286,317,325,240
287,315
288,250
289,297,253,354,279
290,313
291,305,358,246
292,257
293,308
294,251
295,347
296,335
297,368,231,289,306
298,274
299,318
300,254
301,320
302,321
303,350
304,318
305,378,291,268
306,297
307,227,320,336,342
308,370,259,293,331
309,353,258,339
310,344
311,353,341,256,319
312,315
313,397,247,326,290
314,265
315,403,312,282,287
316,344,261,343
317,286,382,248,345
318,407,273,304,299
319,311
320,307,301
321,404,271,302
322,348
323,385
324,269
325,283,390,286
326,313
327,329
328,387
329,401,255,334,327
330,344
331,308
332,396
333,388
334,329
335,283,402,296,360
336,307
337,363
338,353
339,309
340,349
341,311
342,307
343,316
344,433,316,330,310
345,317
346,369
347,358,295
348,375,322,361
349,350,278,426,340
350,349,373,303
351,369
352,370
353,309,442,311,338
354,289
355,369
356,408,373,272,366
357,394,277,392
358,291,419,347
359,393
360,335
361,348
362,394
363,368,389,337
364,412,386,285
365,418,391
366,356
367,284,425,383
368,363,388,297,417
369,473,355,346,351
370,465,376,308,352
371,432
372,412
373,356,413,350
374,382
375,415,377,348
376,370,399
377,375
378,387,305,435
379,415
380,447,381
381,380
382,317,374,460
383,367
384,448
385,397,323,450
386,364
387,423,378,328,416
388,368,333,472
389,394,420,363
390,325
391,365
392,357
393,423,359,411
394,357,389,499,362
395,401
396,402,468,332
397,471,385,313,410
398,418
399,376
400,444
401,444,329,452,395
402,335,396,501
403,411,461,315,427
404,476,321,425
405,487
406,449
407,424,441,318,445
408,356,436,422
409,423
410,397
411,403,393,459
412,474,364,372,451
413,373
414,436
415,449,375,379,485
416,387
417,368
418,519,365,446,398
419,358,435,482
420,389
421,424
422,408
423,532,393,387,409
424,407,454,421
425,367,404,509
426,349,432,493,439
427,403
428,478
429,514
430,449
431,447
432,426,371
433,478,344,455,479
434,441
435,419,378,510
436,512,414,408
437,511
438,506
439,426
440,481
441,407,434,484
442,353,490,502
443,476
444,450,540,401,400
445,407
446,418
447,537,380,448,431
448,447,384,508,469
449,553,415,406,430
450,444,385,515
451,412
452,401
453,468
454,505,466,424
455,433
456,502
457,474
458,460
459,411
460,534,382,458
461,403,495,481
462,476
463,520
464,478
465,525,477,370,503
466,454
467,505
468,396,555,453
469,448
470,507
471,397,513,488
472,505,388,523
473,520,369,507,500
474,412,542,457
475,477
476,568,404,443,462
477,465,475,504
478,573,433,464,428
479,433
480,507
481,519,461,440
482,419
483,512
484,506,511,441
485,415
486,547
487,521,494,522,405
488,471
489,513
490,442
491,521
492,576,497
493,426
494,487
495,461
496,504
497,492
498,524
499,394,521,528,527
500,473
501,564,402,516
502,590,442,456
503,465
504,512,477,496
505,472,454,598,467
506,484,588,514,438
507,473,470,480,566
508,448
509,425
510,435
511,544,484,549,437
512,504,436,605,483
513,582,489,471
514,506,544,543,429
515,450
516,501
517,550
518,570
519,481,565,418,551
520,602,473,463,530
521,499,617,487,491
522,487
523,472
524,534,498,538
525,465,571,526
526,525
527,499
528,499
529,579
530,520
531,544
532,423,594,558
533,580
534,460,524,634,536
535,565
536,534
537,538,636,447,539
538,537,524,562
539,537
540,444,578,575
541,612
542,580,563,474
543,514
544,514,511,621,531
545,575
546,593
547,582,596,486
548,600
549,511
550,603,556,517
551,519
552,630
553,615,596,449,559
554,591
555,468,564,610
556,550
557,635
558,532
559,553
560,579
561,647
562,538
563,542
564,555,501,650
565,519,535,679
566,507
567,594
568,625,641,476,581
569,618
570,602,641,518
571,655,584,525
572,685
573,600,591,478,629
574,628
575,687,540,545
576,580,492,624,607
577,593
578,540
579,699,593,560,529
580,689,542,576,533
581,568
582,547,513,677,613
583,627
584,571
585,652
586,678
587,619
588,506,649,618
589,628
590,502,656,660,595
591,573,554,651
592,666
593,579,719,577,546
594,725,567,532
595,590
596,553,701,547
597,671
598,505,665,640,609
599,603
600,573,714,548
601,627
602,570,715,520,620
603,697,599,550
604,660
605,512,692,627,639
606,673
607,576
608,665
609,598
610,555
611,655
612,698,675,541
613,582
614,674
615,553,652,682
616,673
617,521,657,659,670
618,741,588,569
619,647,587,625
620,602
621,544
622,634
623,696
624,576
625,568,619,661
626,656
627,605,723,583,601
628,630,746,574,589
629,573
630,705,666,628,552
631,733,645
632,674
633,690
634,534,756,644,622
635,717,675,557
636,537,662,700
637,707
638,711
639,605
640,598
641,568,747,570
642,716
643,694
644,634
645,631
646,677
647,690,619,694,561
648,697
649,588
650,564
651,655,591,668
652,771,585,615
653,684
654,728
655,651,571,778,611
656,590,626,737
657,617
658,708
659,617
660,590,671,743,604
661,625
662,636
663,720
664,700
665,598,789,608,676
666,630,592,782
667,692
668,651
669,698
670,617
671,660,597
672,692
673,753,616,731,606
674,687,762,632,614
675,612,798,635
676,665
677,582,739,646,732
678,694,706,586,730
679,751,565,702
680,757
681,689
682,615
683,753
684,711,653,754
685,707,572
686,707
687,575,766,674,748
688,717
689,580,800,681
690,647,806,633
691,751
692,605,820,667,672
693,708
694,647,812,678,643
695,708
696,790,623
697,795,603,648,734
698,805,612,669
699,774,579,709,713
700,788,636,664
701,596
702,679
703,785
704,809
705,630,720,759
706,678
707,824,685,637,686
708,831,695,693,658
709,699
710,775
711,716,684,638,792
712,715
713,699
714,728,801,600
715,602,712,797
716,728,711,794,642
717,835,635,688
718,725
719,774,593,766
720,788,663,705
721,733
722,777
723,627
724,807
725,787,594,780,718
726,768
727,777
728,834,714,716,654
729,780
730,678
731,673
732,677
733,741,631,721,808
734,697
735,786
736,787
737,833,656,750
738,783
739,677
740,746
741,618,840,733,764
742,810
743,660
744,829
745,832
746,628,740
747,641
748,687
749,756
750,737
751,679,838,790,691
752,825
753,810,828,673,683
754,684
755,774
756,634,775,856,749
757,811,783,680
758,795
759,705
760,786
761,771
762,674
763,821
764,741
765,850
766,687,868,719
767,803
768,869,726
769,818
770,821
771,803,652,872,761
772,785
773,855
774,719,923,699,755
775,756,862,710,779
776,845
777,845,727,836,722
778,655,786,871,804
779,775
780,725,811,729,864
781,828
782,842,666,841
783,757,879,738
784,797
785,906,772,796,703
786,778,883,735,760
787,725,896,736
788,700,720,897,823
789,665,865,818
790,751,696,849,853
791,849
792,711
793,842
794,716
795,905,697,758,827
796,785
797,921,715,784
798,675,805,878
799,861
800,911,817,689
801,714
802,838
803,771,860,767
804,778
805,922,698,798
806,833,891,690
807,890,840,724
808,733
809,890,704,866
810,866,917,753,742
811,780,757,916
812,694,859
813,825
814,893
815,877
816,925
817,800
818,789,769,919
819,824
820,692,880,848,857
821,901,914,763,770
822,881
823,788
824,928,860,707,819
825,869,752,907,813
826,829
827,795
828,753,781,892,902
829,877,826,899,744
830,882
831,882,708,887,852
832,842,881,745,895
833,737,806,933,876
834,728,855,920
835,878,717,910
836,777
837,856
838,751,802,961
839,871
840,741,947,807
841,782
842,782,973,832,793
843,872
844,904
845,924,929,777,776
846,926
847,882
848,820
849,790,791,935,874
850,905,914,765
851,924
852,831
853,790
854,897
855,984,773,834
856,756,942,867,837
857,820
858,945
859,812
860,824,913,803
861,968,799
862,775
863,940
864,780
865,789
866,810,809,958
867,856
868,766
869,971,768,825,909
870,911
871,778,960,839,894
872,771,1000,873,843
873,872
874,849
875,929
876,833
877,906,829,815,964
878,798,835,975
879,783,941,915
880,820
881,832,822
882,1015,831,830,847
883,786
884,962
885,982
886,927
887,831
888,926
889,922
890,807,809,956,953
891,806
892,828
893,972,917,814
894,871
895,832
896,976,946,787
897,788,940,996,854
898,956
899,829
900,986
901,821,927,934
902,828
903,979
904,921,844,948
905,850,999,795,937
906,976,877,785,959
907,825
908,933
909,869
910,835
911,969,800,991,870
912,928
913,860
914,821,1007,850
915,879,939
916,941,811,957
917,810,1003,893
918,988
919,818
920,834
921,797,904,998,944
922,981,805,889,980
923,774,952,987
924,978,1011,845,851
925,972,816,978
926,1019,888,949,846
927,1018,886,901
928,824,1026,912
929,845,1002,875,966
930,994
931,1020
932,968
933,833,1051,908,943
934,901
935,849
936,971
937,905
938,990
939,915
940,897,1039,965,863
941,879,916,1009
942,856
943,933
944,921
945,1023,858,969
946,896
947,840
948,981,904,992
949,926
950,991
951,998
952,923
953,890
954,962,1025
955,981
956,890,1057,898,983
957,916
958,866
959,906
960,871
961,1049,838,989
962,972,954,884,1035
963,1023
964,877
965,940
966,929
967,996
968,1017,861,1050,932
969,911,945,1033
970,1045
971,1005,1076,869,936
972,893,925,962,1060
973,842,1029,994
974,976
975,878
976,1093,896,906,974
977,1052
978,924,925,1046
979,1044,999,903
980,922
981,948,1105,922,955
982,987,1027,1019,885
983,956
984,1075,855,997,985
985,984
986,1069,1011,900
987,982,923,1065
988,1017,1027,918
989,961
990,1044,938,1005
991,911,1096,1016,950
992,948
993,1077
994,1092,973,930
995,1018
996,897,1062,967,1034
997,984
998,921,1045,1063,951
999,905,1087,979
1000,872,1094,1012,1013
1001,1080
1002,929
1003,917
1004,1086
1005,971,990,1047
1006,1010
1007,914
1008,1083
1009,941
1010,1017,1006,1032
1011,924,1111,986
1012,1000
1013,1000
1014,1090
1015,1079,882,1042,1036
1016,991
1017,988,1010,968,1109
1018,1032,927,1127,995
1019,982,1125,926,1038
1020,1069,1040,931,1064
1021,1050
1022,1081
1023,1085,945,1103,963
1024,1039
1025,954
1026,1107,1056,928
1027,982,1082,988
1028,1081
1029,973
1030,1057
1031,1049
1032,1018,1010,1037
1033,969
1034,996
1035,962
1036,1015
1037,1032
1038,1019
1039,940,1059,1024,1118
1040,1020,1122
1041,1130
1042,1015
1043,1079
1044,979,990,1067,1124
1045,998,970,1211
1046,978
1047,1005
1048,1052
1049,961,1156,1052,1031
1050,968,1072,1128,1021
1051,933,1108,1095
1052,1049,1146,977,1048
1053,1095
1054,1100
1055,1103
1056,1026
1057,956,1030
1058,1139
1059,1039
1060,972
1061,1079
1062,996
1063,998
1064,1020
1065,987
1066,1107
1067,1044
1068,1077
1069,986,1083,1020,1143
1070,1121
1071,1117
1072,1050
1073,1117
1074,1133
1075,984,1126,1104
1076,971,1123,1100
1077,1092,1158,993,1068
1078,1106
1079,1202,1015,1043,1061
1080,1137,1001,1114
1081,1166,1129,1022,1028
1082,1027
1083,1069,1008,1178
1084,1147
1085,1023,1106,1131
1086,1133,1137,1004
1087,999
1088,1164
1089,1094
1090,1096,1182,1014
1091,1173
1092,994,1197,1077,1099
1093,976,1157,1116
1094,1000,1089,1181
1095,1051,1053,1161
1096,991,1090,1195
1097,1126
1098,1150
1099,1092
1100,1190,1076,1054
1101,1180
1102,1132
1103,1023,1196,1055,1136
1104,1075
1105,981,1142,1152
1106,1170,1078,1085
1107,1135,1026,1209,1066
1108,1051
1109,1017
1110,1127
1111,1011
1112,1125
1113,1147
1114,1080
1115,1165
1116,1093
1117,1130,1191,1071,1073
1118,1039
1119,1152
1120,1165
1121,1166,1070,1135
1122,1040
1123,1076
1124,1044
1125,1019,1145,1193,1112
1126,1203,1097,1075
1127,1018,1200,1169,1110
1128,1050
1129,1081,1168,1132
1130,1188,1117,1175,1041
1131,1085
1132,1174,1129,1102
1133,1146,1086,1206,1074
1134,1170
1135,1107,1121,1172
1136,1103
1137,1086,1080,1238
1138,1212
1139,1158,1192,1058,1151
1140,1231
1141,1175
1142,1105
1143,1069
1144,1201
1145,1125
1146,1052,1133,1221,1154
1147,1227,1084,1186,1113
1148,1157
1149,1223
1150,1190,1098,1194
1151,1139
1152,1255,1105,1119
1153,1188
1154,1146
1155,1175
1156,1049,1171,1229
1157,1233,1148,1093
1158,1077,1164,1139,1236
1159,1196
1160,1219
1161,1095
1162,1230
1163,1239
1164,1158,1217,1204,1088
1165,1233,1227,1115,1120
1166,1222,1121,1081,1225
1167,1168
1168,1129,1215,1167
1169,1127
1170,1272,1106,1173,1134
1171,1156
1172,1135
1173,1170,1212,1220,1091
1174,1213,1132,1176
1175,1130,1141,1253,1155
1176,1174
1177,1222
1178,1203,1083,1228
1179,1182
1180,1194,1257,1188,1101
1181,1094,1183,1234
1182,1090,1264,1179
1183,1181
1184,1209
1185,1267
1186,1147
1187,1235
1188,1180,1130,1153,1261
1189,1203
1190,1100,1150,1230,1248
1191,1117
1192,1139
1193,1125
1194,1180,1150,1242
1195,1274,1096,1199
1196,1103,1277,1226,1159
1197,1092,1198,1273
1198,1197
1199,1195
1200,1127,1263,1201
1201,1269,1200,1144
1202,1235,1245,1079,1224
1203,1178,1126,1301,1189
1204,1164
1205,1219
1206,1133
1207,1229
1208,1271
1209,1107,1256,1252,1184
1210,1258
1211,1045,1249,1216
1212,1173,1138,1286
1213,1215,1174,1246
1214,1219
1215,1168,1213,1243
1216,1211
1217,1164
1218,1262
1219,1306,1160,1205,1214
1220,1173
1221,1146
1222,1166,1304,1177
1223,1256,1268,1149
1224,1202
1225,1166
1226,1196
1227,1165,1147,1278,1279
1228,1178
1229,1317,1156,1207
1230,1190,1308,1241,1162
1231,1262,1140,1288
1232,1278
1233,1291,1157,1165,1270
1234,1181
1235,1202,1307,1187
1236,1158
1237,1245
1238,1137,1285,1259
1239,1290,1257,1163
1240,1268
1241,1230
1242,1194
1243,1215
1244,1296
1245,1202,1237,1295
1246,1213,1250
1247,1277
1248,1190
1249,1211
1250,1246
1251,1299
1252,1209
1253,1175
1254,1297
1255,1152,1258,1309,1289
1256,1209,1223,1343
1257,1180,1333,1239
1258,1255,1210,1341
1259,1238
1260,1263
1261,1188
1262,1271,1231,1218,1329
1263,1200,1330,1260
1264,1182,1274,1325
1265,1273
1266,1291
1267,1290,1185,1344
1268,1223,1349,1240
1269,1335,1201,1275
1270,1233
1271,1290,1262,1320,1208
1272,1170,1299,1314
1273,1360,1197,1265
1274,1264,1195,1340
1275,1269
1276,1346
1277,1196,1334,1247,1310
1278,1227,1326,1302,1232
1279,1227
1280,1332
1281,1319
1282,1318
1283,1319
1284,1309
1285,1238
1286,1212
1287,1324
1288,1231
1289,1255
1290,1239,1267,1271,1355
1291,1233,1378,1266
1292,1345
1293,1331
1294,1347
1295,1245
1296,1364,1244,1303
1297,1337,1327,1254
1298,1327
1299,1404,1251,1272
1300,1334
1301,1203,1370,1331,1313
1302,1278
1303,1296
1304,1347,1353,1222
1305,1308
1306,1324,1219,1351,1323
1307,1332,1369,1235
1308,1230,1324,1305,1371
1309,1255,1337,1284,1379
1310,1277
1311,1317
1312,1331
1313,1301
1314,1272
1315,1383
1316,1367
1317,1229,1377,1365,1311
1318,1345,1357,1282
1319,1392,1350,1283,1281
1320,1271
1321,1385
1322,1365
1323,1306
1324,1308,1306,1394,1287
1325,1264
1326,1278
1327,1297,1386,1298
1328,1373
1329,1262
1330,1263,1335,1376
1331,1301,1402,1312,1293
1332,1344,1307,1415,1280
1333,1257
1334,1277,1417,1300
1335,1330,1269,1382
1336,1388
1337,1309,1297,1391
1338,1345
1339,1367
1340,1274
1341,1373,1258,1380
1342,1403
1343,1384,1256,1368
1344,1332,1267,1399
1345,1441,1318,1338,1292
1346,1397,1364,1359,1276
1347,1406,1304,1392,1294
1348,1370
1349,1268,1384,1396
1350,1319
1351,1306
1352,1377
1353,1304
1354,1365
1355,1290
1356,1370
1357,1318
1358,1396
1359,1346
1360,1273,1416,1397,1361
1361,1360
1362,1422
1363,1388
1364,1346,1421,1296
1365,1317,1457,1322,1354
1366,1428
1367,1385,1339,1316,1423
1368,1343
1369,1307
1370,1301,1435,1348,1356
1371,1308
1372,1430
1373,1341,1460,1383,1328
1374,1427
1375,1444
1376,1330
1377,1317,1352,1439
1378,1420,1408,1291
1379,1309
1380,1341
1381,1420
1382,1335
1383,1373,1424,1315,1419
1384,1349,1343,1446
1385,1449,1367,1425,1321
1386,1327,1414,1407
1387,1425
1388,1443,1363,1336,1432
1389,1424
1390,1397
1391,1414,1337,1411
1392,1347,1319,1450,1434
1393,1443
1394,1324
1395,1409
1396,1349,1358
1397,1360,1346,1390,1464
1398,1437
1399,1344
1400,1416
1401,1459
1402,1331
1403,1469,1342,1406
1404,1448,1299,1437,1433
1405,1409
1406,1347,1403,1463
1407,1386,1440
1408,1378
1409,1426,1395,1405
1410,1450
1411,1391
1412,1471
1413,1453
1414,1386,1391,1462
1415,1332,1427,1430,1470
1416,1360,1400,1482
1417,1334,1453,1465
1418,1467
1419,1383
1420,1492,1378,1449,1381
1421,1364
1422,1479,1362,1448
1423,1367
1424,1383,1426,1485,1389
1425,1385,1387,1484,1429
1426,1424,1442,1409
1427,1415,1428,1481,1374
1428,1427,1447,1366,1473
1429,1425
1430,1415,1480,1438,1372
1431,1472
1432,1388
1433,1404
1434,1392
1435,1370
1436,1437
1437,1404,1509,1398,1436
1438,1430
1439,1486,1377,1454
1440,1407
1441,1489,1444,1345,1455
1442,1426
1443,1479,1388,1496,1393
1444,1441,1375,1504
1445,1499
1446,1384
1447,1428
1448,1404,1505,1422
1449,1420,1385,1500,1456
1450,1392,1475,1410,1495
1451,1465
1452,1486
1453,1417,1413,1506
1454,1439
1455,1441
1456,1449
1457,1365,1472,1478,1494
1458,1459
1459,1469,1458,1501,1401
1460,1373,1507,1467
1461,1510
1462,1414
1463,1406
1464,1397
1465,1417,1451,1514
1466,1497
1467,1527,1460,1418
1468,1489
1469,1471,1403,1459,1513
1470,1415
1471,1469,1520,1412
1472,1457,1487,1431
1473,1428
1474,1512
1475,1450
1476,1496
1477,1497
1478,1457
1479,1502,1422,1443,1517
1480,1430
1481,1427
1482,1516,1416,1491
1483,1502
1484,1425
1485,1424
1486,1439,1526,1518,1452
1487,1472
1488,1518
1489,1441,1541,1468
1490,1516
1491,1482
1492,1420,1499,1529
1493,1522
1494,1457
1495,1450
1496,1443,1476,1528,1515
1497,1546,1477,1466
1498,1505
1499,1554,1445,1492
1500,1449
1501,1459
1502,1479,1538,1483
1503,1525
1504,1512,1444,1533
1505,1509,1448,1498,1540
1506,1453
1507,1460
1508,1510
1509,1437,1505,1524,1535
1510,1543,1534,1508,1461
1511,1522
1512,1504,1520,1561,1474
1513,1469
1514,1465
1515,1496
1516,1482,1549,1559,1490
1517,1479
1518,1486,1553,1542,1488
1519,1534
1520,1512,1563,1471
1521,1547
1522,1527,1579,1511,1493
1523,1544
1524,1509
1525,1560,1526,1503
1526,1486,1550,1525
1527,1467,1544,1522,1556
1528,1496
1529,1492
1530,1543
1531,1534
1532,1553
1533,1504
1534,1510,1592,1531,1519
1535,1509
1536,1577
1537,1559
1538,1560,1562,1502
1539,1552
1540,1505
1541,1575,1568,1489
1542,1518
1543,1594,1551,1510,1530
1544,1527,1523,1584
1545,1587
1546,1576,1565,1497
1547,1575,1549,1521
1548,1583
1549,1516,1574,1547
1550,1526
1551,1543,1558,1552
1552,1554,1551,1539
1553,1518,1532
1554,1552,1499,1581,1578
1555,1561
1556,1527
1557,1560
1558,1551
1559,1516,1580,1537,1582
1560,1525,1538,1557,1595
1561,1512,1570,1555,1593
1562,1538
1563,1520
1564,1576
1565,1546
1566,1598
1567,1590
1568,1541
1569,1581
1570,1561
1571,1590
1572,1588
1573,1588
1574,1549
1575,1547,1541,1577,1603
1576,1581,1546,1564,1606
1577,1575,1605,1589,1536
1578,1554
1579,1522,1583,1586,1600
1580,1559
1581,1554,1576,1609,1569
1582,1559
1583,1579,1548,1612
1584,1602,1544,1597
1585,1602
1586,1579
1587,1607,1588,1596,1545
1588,1587,1573,1572,1610
1589,1577
1590,1605,1571,1567
1591,1598
1592,1534,1594,1604,1601
1593,1561
1594,1543,1592,1614
1595,1560
1596,1587
1597,1584
1598,1616,1607,1591,1566
1599,1618
1600,1579
1601,1592
1602,1584,1620,1616,1585
1603,1575
1604,1592
1605,1577,1590,1611,1619
1606,1576
1607,1598,1587,1608,1623
1608,1607
1609,1581
1610,1588
1611,1605
1612,1583,1624,1615
1613,1614
1614,1633,1613,1594
1615,1612
1616,1602,1598,1622,1628
1617,1626
1618,1626,1625,1621,1599
1619,1605
1620,1602,1627,1625
1621,1618
1622,1616
1623,1607
1624,1612
1625,1636,1618,1620
1626,1640,1618,1629,1617
1627,1620
1628,1616
1629,1626
1630,1637
1631,1633
1632,1636
1633,1641,1614,1637,1631
1634,1644
1635,1643
1636,1625,1652,1640,1632
1637,1633,1630,1647,1638
1638,1637
1639,1645
1640,1636,1626,1648,1642
1641,1633,1643,1650
1642,1640
1643,1657,1635,1641
1644,1656,1645,1634,1653
1645,1644,1639,1655
1646,1656
1647,1637
1648,1640
1649,1660
1650,1641
1651,1658
1652,1636,1659,1658
1653,1644
1654,1655
1655,1645,1661,1654
1656,1657,1644,1662,1646
1657,1660,1643,1656,1663
1658,1664,1652,1651
1659,1652
1660,1657,1665,1649
1661,1655
1662,1656
1663,1657
1664,1658,1665,1666,1667
1665,1664,1668,1660
1666,1664
1667,1664
1668,1665
