ID,three bonds apart neighbours IDs
0,27,21,3
1,46,10,33
2,13,34,47,29
3,0,38,13,44
4,46,10,33
5,14,34,38,11,44
6,36,51,58
7,38,13,44
8,19,29,77,54
9,36,51,58
10,1,18,4,29,77,54
11,5,20,62,28
12,13,34,47,29
13,7,21,3,30,12,2,62,28
14,27,5,46,16
15,66,22,25,53,81,39
16,14,47,77,24,54
17,36,51,58
18,46,10,33
19,46,8,33
20,38,11,44,47,29
21,0,38,13,44
22,51,15,58,59,100,82
23,65,78,31
24,30,16,111,74
25,51,15,58,59,100,82
26,65,78,31
27,0,14,34,71,83
28,13,11,44,71,83
29,20,12,2,10,8,33,111,74
30,13,34,77,24,54
31,26,23,56,99,84,45,61,110,94
32,104,60,95
33,1,18,4,19,29,77,54
34,27,5,30,12,2
35,104,60,95
36,17,6,9,53,81,39,84,37,91,155
37,100,36,82,65,139
38,7,21,3,5,20,120,48,67
39,36,15,58
40,99,84,45,61,110,94
41,59,100,82
42,74,159,119
43,109,63,57,107,64,121
44,7,21,3,5,20,62,28
45,40,78,31,139,59,118,116
46,1,18,4,19,14,47,104,50
47,20,12,2,46,16
48,83,38,172,131
49,139,59,118,116
50,46,111,159,70,119
51,17,6,9,66,22,25
52,102,55,115,171,122
53,36,15,58
54,10,8,33,30,16,111,74
55,123,52
56,65,78,31
57,89,88,43
58,17,6,9,66,22,25,53,81,39
59,41,22,25,99,49,45,91,155
60,35,32,74,159,119
61,65,40,31
62,13,11,44,172,131
63,89,88,43
64,72,88,43,128,140,73
65,26,23,56,66,37,61,110,94,177,97
66,51,15,58,65,139,216,165
67,83,38,172,131
68,128,140,73
69,168,113,93,144,150,204
70,77,50,148,219
71,27,28,238,169
72,107,64,121
73,68,64,121,173,149,92
74,29,24,54,42,60,95,148,219
75,79,171,122,141,137,212
76,115,171,122
77,10,8,33,30,16,159,70,119
78,26,23,56,99,84,45
79,154,75,126
80,190,130
81,36,15,58
82,41,22,25,84,37,91,155
83,27,28,120,48,67
84,40,78,31,100,36,82,118,116
85,101,135,134,207,146,142,189,222
86,141,115,212,177,233
87,185,90,254,193
88,109,63,57,107,64,121
89,109,63,57,173,149,92
90,190,87,247,181
91,59,36,82,216,165
92,89,140,73,232,198,143
93,151,69,98
94,65,40,31
95,35,32,74,159,119
96,137,115,212,162,249
97,65,116,184,180,226
98,168,113,93,144,150,204
99,40,78,31,139,59,184,180,226
100,41,22,25,84,37,258,265,196
101,152,174,85,144,145
102,123,52
103,135,208,106,170,186,108
104,35,32,46,111,283,225
105,194,182
106,114,145,103,150,204,270,197
107,72,88,43,232,198,143
108,144,103,204
109,89,88,43
110,65,40,31
111,29,24,54,104,50
112,161,129,215,249,141,183,243
113,151,69,98
114,208,151,106,134,207,146,142,189,222
115,52,76,86,184,188,96
116,84,49,45,177,97
117,144,150,204
118,84,49,45,195,218,132,137,233
119,42,60,95,77,50,148,219
120,83,38,285,221,264
121,72,88,43,128,140,73
122,52,76,154,75,126
123,102,55,141,137,212
124,228,156,255,178
125,194,182
126,79,171,122,141,137,212
127,144,145,153,138
128,68,64,121,245,191,278,244
129,206,201,188,112
130,80,254,193,313,254
131,62,48,67,238,169
132,184,118,226,158
133,247,181,247,300
134,114,174,85
135,152,174,85,103,150,204,270,197
136,162,243,191,307,223
137,123,75,126,188,96,118,180,226
138,127,189,222
139,66,37,99,49,45
140,68,64,121,173,149,92
141,123,75,126,86,184,201,166,112
142,152,114,85
143,107,149,92,245,191,278,244
144,117,69,98,127,101,170,186,108,251,147
145,127,101,208,151,106
146,114,174,85
147,144,270,277,217,294
148,74,70,119,283,225
149,89,140,73,232,198,143
150,117,69,98,135,208,106
151,168,113,93,114,145,270,197
152,101,135,142,189,222
153,127,189,222
154,79,171,122,177,233,162,249
155,59,36,82,229,309,280,314,235
156,194,124
157,317,274,214
158,177,218,132
159,42,60,95,77,50,325,335,262
160,173,245,183,307,223
161,201,188,112
162,154,96,206,227,136
163,329,242,252
164,269,292
165,66,91,258,265,196
166,249,141,183,243
167,197,277,294,257,266,324
168,151,69,98
169,71,131,285,221,264
170,144,103,204
171,52,76,154,75,126
172,62,48,67,202,176,267,364,275
173,89,140,73,227,160,349,276
174,101,135,134,207,146
175,316,250
176,241,285,172,264
177,65,116,154,86,158
178,124,182,329,242,252
179,356,263,260
180,97,99,137,233
181,133,90,313,254
182,125,105,255,178
183,188,166,112,198,160,320,336,342
184,97,99,141,115,212,195,218,132
185,190,87,190,300,397,326,290
186,144,103,204
187,317,274,214
188,137,115,212,161,129,215,183,243
189,152,114,85,153,138
190,80,185,90,313,185
191,232,128,143,136,201,320,336,342
192,271,367
193,130,87,247,300
194,125,105,228,156,401,334,327
195,184,118,226
196,100,165,229,309,280,314,235
197,135,151,106,269,167,203,230,357
198,107,149,92,183,307,223,278,244
199,269,292
200,217,266,324
201,161,129,215,249,141,191,307,223
202,285,172,264
203,197,277,294,257,266,324
204,117,69,98,135,208,106,170,186,108
205,298,286,382,345
206,162,129,215
207,114,174,85
208,114,145,103,150,204,277,217,294
209,316,213
210,408,373,366
211,367,237,404,302
212,123,75,126,86,184,188,96
213,288,209,344,343
214,157,187,234,298,286,382,345
215,206,201,188,112
216,66,91,236,353,339
217,208,147,292,200,230,357
218,184,118,226,158
219,74,70,119,390,286,402,296,360
220,316,250
221,169,120,364,275
222,152,114,85,153,138
223,136,201,198,160,320,336,342
224,356,263,260
225,104,148,325,335,262
226,97,99,195,218,132,137,233
227,173,245,162,243,301
228,194,124
229,155,265,196,353,339
230,197,217,294,394,392
231,253,354,279,363,388,417
232,107,149,92,245,191,350,426,340
233,154,86,118,180,226
234,317,274,214
235,155,258,196,236
236,216,314,235
237,321,211,425,383
238,71,131,241,412,386
239,368,289,306
240,382,248,345,283,390
241,238,176,267
242,163,178,401,334,327
243,188,166,112,227,136
244,198,128,143,349,276
245,232,128,143,227,160
246,378,268,419,347
247,133,90,133,193,471,385,410
248,325,240,374,460
249,154,96,201,166,112
250,220,175,344,343
251,144,270,257,266,324,394,392
252,163,178,401,334,327
253,368,231,306
254,130,87,130,181,397,326,290
255,124,182,444,452,395
256,309,442,338
257,251,167,203
258,100,165,280,314,235,442,311,338
259,465,376,352
260,179,224,408,373,366
261,433,330,310
262,159,225,390,286,402,296,360
263,179,224,408,373,366
264,169,120,202,176,267,364,275
265,100,165,229,309
266,251,167,203,292,200
267,241,285,172,264
268,358,246,387,435
269,164,199,197,277,294
270,135,151,106,251,147
271,192,425,383,476,425
272,413,350,436,422
273,424,441,445
274,157,187,234,286,382,345
275,172,221,264,412,386
276,173,244,350,426,340
277,208,147,269,167,203,389,499,362
278,198,128,143,373,303,432,493,439
279,368,231,306
280,155,258,196
281,407,304,299
282,411,461,427
283,104,148,317,240,396,501
284,404,302,404,509
285,169,120,202,176,267,474,372,451
286,274,205,214,219,335,262,374,460
287,411,461,427
288,316,213
289,239,363,388,417
290,254,185,471,385,410
291,295,387,435,435,482
292,164,199,217,266,324
293,465,376,352
294,208,147,269,167,203,230,357
295,291,419
296,219,325,262,396,501
297,389,337,333,472
298,317,205,214
299,281,424,441,445
300,133,193,313,185
301,227,336,342
302,284,211,476,425
303,278,426,340,356,413
304,281,424,441,445
305,419,347,423,328,416,419,510
306,239,253,354,279,363,388,417
307,136,201,198,160
308,399,525,477,503
309,155,265,196,341,256,319,490,502
310,261,343,478,455,479
311,258,339,490,502
312,411,461,427
313,130,181,190,300,323,450,513,488
314,155,258,196,236
315,393,459,495,481
316,220,175,288,209,478,455,479
317,157,187,234,298,283,390,534,458
318,454,421,434,484
319,309,442,338
320,191,183,223
321,367,237,367,509,568,443,462
322,415,377
323,471,313,410,444,515
324,251,167,203,292,200
325,159,225,382,248,345,402,296,360
326,254,185,471,385,410
327,194,242,252,444,452,395
328,305,435,532,393,409
329,163,178,450,540,400
330,261,343,478,455,479
331,465,376,352
332,335,501,555,453
333,363,297,417,505,523
334,194,242,252,444,452,395
335,159,225,390,286,468,332,564,516
336,191,183,223,301
337,388,297,417,394,420
338,258,339,341,256,319,490,502
339,216,229,442,311,338
340,276,232,373,303,432,493,439
341,309,442,338
342,191,183,223,301
343,250,213,433,330,310
344,250,213,573,464,428
345,274,205,214,325,240,374,460
346,520,507,500
347,305,246,435,482
348,449,379,485
349,173,244,356,413,371
350,276,232,408,272,366,432,493,439
351,520,507,500
352,259,293,331,399,525,477,503
353,216,229,590,456
354,368,231,306
355,520,507,500
356,179,224,349,303,512,414
357,197,217,294,420,363,521,528,527
358,378,268,378,510
359,403,459,532,387,409
360,219,325,262,396,501
361,415,377
362,277,392,420,363,521,528,527
363,231,289,306,333,472,357,499,362
364,172,221,264,542,457
365,481,565,551
366,210,263,260,413,350,436,422
367,192,321,211,476,321
368,239,253,354,279,394,420,505,523
369,470,480,566,602,463,530
370,475,504,571,526
371,349,493,439
372,386,285,542,457
373,210,263,260,278,426,340,436,422
374,286,248,345,534,458
375,553,406,430
376,259,293,331,525,477,503
377,322,361,449,379,485
378,358,246,358,482,532,393,409
379,377,348,553,406,430
380,384,508,469,538,636,539
381,537,448,431
382,274,205,214,325,240,524,634,536
383,271,237,404,509
384,537,380,431
385,247,326,290,540,401,400,513,488
386,238,275,474,372,451
387,291,268,359,411,419,510,594,558
388,231,289,306,389,337,454,598,467
389,277,392,388,297,417,521,528,527
390,219,335,262,317,240
391,519,446,398
392,251,230,389,499,362
393,378,328,416,461,315,427,594,558
394,251,230,368,337,617,487,491
395,255,334,327,450,540,400
396,283,296,360,564,516,564,610
397,254,185,444,515,582,489
398,391,481,565,551
399,465,308,352
400,329,452,395,385,515,578,575
401,194,242,252,385,515,578,575
402,219,325,262,555,453,555,650
403,423,359,519,440
404,284,211,284,383,625,641,581
405,499,617,491
406,375,379,485,615,596,559
407,281,505,466,506,511
408,210,263,260,413,350,504,605,483
409,378,328,416,359,411,594,558
410,247,326,290,323,450,513,488
411,312,282,287,532,387,409,495,481
412,238,275,580,563
413,349,303,408,272,366
414,356,422,504,605,483
415,322,361,615,596,559
416,305,435,532,393,409
417,231,289,306,389,337,333,472
418,461,440,535,679
419,305,246,295,387,305
420,368,337,357,499,362
421,441,318,445,505,466
422,373,272,366,512,414
423,305,435,403,459,725,567
424,273,304,299,434,484,472,598,467
425,271,237,271,302,568,443,462
426,276,232,373,303
427,312,282,287,393,459,495,481
428,344,455,479,600,591,629
429,484,588,438,511,621,531
430,375,379,485,615,596,559
431,381,384,508,469,538,636,539
432,350,278,340
433,261,343,600,591,629
434,424,318,445,506,511
435,291,268,291,347,423,328,416
436,373,272,366,477,496,692,627,639
437,506,441,514,621,531
438,511,441,544,543,429,649,618
439,350,278,340,371
440,403,495,565,418,551
441,273,304,299,454,421,588,514,438,544,549,437
442,258,339,341,256,319,656,660,595
443,321,425,625,641,581
444,255,334,327,397,323,687,545
445,273,304,299,454,421,434,484
446,391,481,565,551
447,524,562,662,700
448,381,538,636,539
449,377,348,701,547,652,682
450,471,313,410,329,452,395,578,575
451,386,285,542,457
452,255,334,327,450,540,400
453,402,332,564,610
454,441,318,445,388,523,665,640,609
455,316,330,310,573,464,428
456,353,490,656,660,595
457,364,372,451,580,563
458,317,374,524,634,536
459,423,359,461,315,427
460,286,248,345,498,538,756,644,622
461,312,282,287,393,459,565,418,551
462,321,425,625,641,581
463,369,507,500,570,715,620
464,344,455,479,600,591,629
465,259,293,331,399,512,496,655,584
466,407,421,472,598,467
467,466,424,388,523,665,640,609
468,335,501,501,650
469,537,380,431
470,520,369,500
471,247,326,290,323,450,547,677,613
472,363,297,417,466,424,665,640,609
473,570,715,620
474,386,285,689,576,533
475,525,370,503,512,496
476,271,302,367,509,619,661,747,570
477,376,308,352,436,605,483,571,526
478,316,330,310,554,651,714,548
479,316,330,310,573,464,428
480,520,369,500
481,411,315,427,365,446,398,535,679
482,291,347,378,510
483,414,408,477,496,692,627,639
484,424,318,445,543,429,621,531,649,618
485,377,348,553,406,430
486,513,677,613,553,701
487,394,528,527,657,659,670
488,385,313,410,582,489
489,397,488,547,677,613
490,309,311,338,590,456
491,494,522,405,394,528,527,657,659,670
492,689,542,533
493,350,278,340,371
494,499,617,491
495,411,315,427,519,440
496,465,475,436,605,483
497,580,624,607
498,460,634,536,537,562
499,277,392,420,363,494,522,405,657,659,670
500,355,346,351,470,480,566,602,463,530
501,283,296,360,468,332,468,610
502,309,311,338,626,737,671,743,604
503,376,308,352,475,504,571,526
504,414,408,525,370,503,692,627,639
505,368,333,407,421,789,608,676
506,407,434,549,437,621,531,741,569
507,355,346,351,602,463,530
508,537,380,431
509,284,383,476,321
510,387,305,358,482
511,407,434,588,438,543,429
512,356,422,465,475,723,583,601,820,667,672
513,385,313,410,596,486,739,646,732
514,441,549,437,649,618
515,397,323,540,401,400
516,335,396,555,650
517,697,599
518,715,520,620,568,747
519,391,403,495,751,702
520,355,346,351,470,480,566,641,518,712,797
521,357,389,362
522,499,617,491
523,368,333,454,598,467
524,382,458,636,447,539,756,644,622
525,376,308,352,475,504,651,778,611
526,477,370,503,655,584
527,357,389,362,617,487,491
528,357,389,362,617,487,491
529,719,577,546,774,709,713
530,369,507,500,570,715,620
531,484,549,437,506,543,429
532,378,328,416,359,411,787,780,718
533,563,474,492,624,607,800,681
534,317,374,537,562,775,856,749
535,481,418,551,751,702
536,382,458,498,538,756,644,622
537,381,384,508,469,534,498,788,664
538,380,448,431,460,634,536,662,700
539,380,448,431,524,562,662,700
540,329,452,395,385,515,766,674,748
541,798,635,805,669
542,364,372,451,492,624,607,800,681
543,484,588,438,511,621,531
544,441,588,438
545,444,578,766,674,748
546,699,560,529,774,766
547,489,471,615,449,559,739,646,732
548,591,478,629,728,801
549,506,441,514,621,531
550,795,648,734
551,365,446,398,461,440,535,679
552,746,574,589,592,782,720,759
553,375,379,485,582,486,771,585
554,600,478,629,655,668
555,402,332,402,516
556,697,599
557,612,798,835,688
558,393,387,409,725,567
559,415,406,430,701,547,652,682
560,719,577,546,774,709,713
561,587,625,806,633,812,678,643
562,534,498,636,447,539
563,412,457,689,576,533
564,335,396,396,453
565,365,446,398,461,440,838,790,691
566,520,369,500
567,423,558,787,780,718
568,321,425,602,518,647,587
569,506,649,840,733,764
570,473,463,530,625,476,581,712,797
571,477,370,503,591,668,786,871,804
572,824,637,686
573,344,455,479,655,668,728,801
574,705,666,552,740
575,450,401,400,762,632,614,868,719
576,563,474,800,681
577,699,560,529,774,766
578,450,401,400,687,545
579,766,923,755
580,412,457,497,911,817
581,404,443,462,619,661,747,570
582,397,488,553,701
583,512,692,639
584,465,526,651,778,611
585,553,682,803,872,761
586,647,812,643
587,568,661,690,694,561
588,511,441,544,543,429,840,733,764
589,705,666,552,740
590,353,490,597,833,750
591,433,464,428,714,548,571,778,611
592,705,628,552,842,841
593,709,713,687,868,923,755
594,393,387,409,811,729,864,896,736
595,442,456,626,737,671,743,604
596,415,406,430,513,677,613,652,682
597,590,743,604
598,466,424,388,523,865,818
599,556,517,795,648,734
600,433,464,428,554,651,834,716,654
601,512,692,639
602,369,507,500,568,747,921,784
603,905,758,827
604,502,656,595,597
605,414,408,477,496,880,848,857
606,810,828,683
607,497,689,542,533
608,505,640,609,865,818
609,472,454,467,789,608,676
610,396,453,501,650
611,584,525,591,668,786,871,804
612,717,557,878,922
613,489,471,596,486,739,646,732
614,575,766,748
615,415,406,430,701,547,803,872,761
616,810,828,683
617,494,522,405,394,528,527
618,484,514,438,631,721,808,947,807
619,641,476,581,806,633,812,678,643
620,473,463,530,641,518,712,797
621,484,549,437,506,543,429
622,460,524,536,775,856,749
623,751,849,853
624,497,689,542,533
625,404,443,462,747,570,690,694,561
626,502,660,595,833,750
627,504,436,483,820,667,672
628,592,782,720,759
629,433,464,428,554,651,714,548
630,788,663,740,842,841
631,618,840,764
632,575,766,748
633,619,694,561,833,891
634,382,458,498,538,862,710,779,942,867,837
635,698,541,805,878,878,910
636,380,448,431,524,562,720,897,823
637,572,928,860,819
638,653,754,728,794,642
639,504,436,483,723,583,601,820,667,672
640,472,454,467,789,608,676
641,404,443,462,715,520,620,619,661
642,684,638,792,834,714,654
643,690,619,561,706,586,730,859
644,460,524,536,775,856,749
645,741,721,808
646,547,513,613
647,568,661,706,586,730,833,891,859
648,599,550,905,758,827
649,484,514,438,741,569
650,402,516,468,610
651,584,525,600,478,629,786,871,804
652,596,449,559,860,767,1000,873,843
653,716,638,792
654,801,600,711,794,642,855,920
655,465,526,573,554,883,735,760,960,839,894
656,442,456,671,743,604,806,933,876
657,499,487,491
658,882,887,852
659,499,487,491
660,442,456,626,737
661,641,476,581,647,587
662,538,447,539,788,664
663,630,759,700,897,823
664,537,662,720,897,823
665,472,454,467,769,919
666,746,574,589,720,759,973,832,793
667,512,627,639,880,848,857
668,573,554,571,778,611
669,675,541,922,798
670,499,487,491
671,502,656,595
672,512,627,639,880,848,857
673,866,917,742,781,892,902
674,540,545,868,719
675,669,835,688,922,835,975
676,505,640,609,865,818
677,489,471,596,486
678,690,619,561,859
679,481,418,551,696,849,853,802,961
680,879,738,780,916
681,542,576,533,911,817
682,596,449,559,771,585
683,616,731,606,866,917,742,781,892,902
684,728,794,642
685,928,860,819
686,572,928,860,819
687,444,578,774,593
688,675,557,878,910
689,563,474,492,624,607,969,991,870
690,587,625,812,678,643,737,933,876
691,565,702,696,849,853,802,961
692,504,436,483,723,583,601
693,882,887,852
694,587,625,806,633
695,882,887,852
696,679,838,691,791,935,874
697,556,517,850,999,937
698,635,878,981,889,980
699,577,546,766,952,987
700,538,447,539,663,705,940,996,854
701,582,486,615,449,559
702,519,535,838,790,691
703,976,877,959
704,810,958,807,956,953
705,746,574,589,592,782,700,897,823
706,647,812,643
707,913,803,1026,912
708,1015,830,847
709,593,560,529,719,923,755
710,634,856,749
711,834,714,654
712,570,520,620,921,784
713,593,560,529,719,923,755
714,591,478,629,711,794,642,855,920
715,473,463,530,641,518,904,998,944
716,653,754,801,600,855,920
717,612,798,798,975
718,567,532,811,729,864,896,736
719,560,529,575,674,748,709,713,952,987
720,666,628,552,636,664,940,996,854
721,645,618,840,764
722,924,929,776
723,512,692,639
724,741,947,809,956,953
725,423,558,757,916,976,946
726,971,825,909
727,924,929,776
728,573,548,684,638,792,984,773
729,787,594,718,757,916
730,647,812,643
731,810,828,683
732,547,513,613
733,588,569,947,807
734,599,550,905,758,827
735,655,871,804
736,594,780,718,976,946
737,502,660,595,891,690,1051,908,943
738,811,680,941,915
739,547,513,613
740,630,574,589
741,506,649,645,890,724
742,828,673,683,809,958,1003,893
743,502,656,595,597
744,906,815,964
745,782,973,793,822
746,705,666,552
747,625,476,581,602,518
748,540,545,762,632,614,868,719
749,534,644,622,862,710,779,942,867,837
750,590,626,806,933,876
751,519,535,623,791,935,874,1049,989
752,971,768,909
753,809,958,1003,893
754,716,638,792
755,579,709,713,593,766,952,987
756,460,524,536
757,725,729,864,941,915,941,957
758,603,648,734,850,999,937
759,666,628,552,788,663
760,655,871,804
761,585,615,860,767,1000,873,843
762,575,766,748
763,927,934,1007,850
764,588,569,631,721,808,947,807
765,999,795,937,821,1007
766,540,545,579,577,546,762,632,614,923,699,755
767,652,872,761,824,913
768,752,907,813,1005,1076,936
769,665,865
770,927,934,1007,850
771,553,682,824,913,1094,1012,1013
772,976,877,959
773,728,920,1075,997,985
774,560,529,577,546,687,868,982,1065
775,534,644,622,942,867,837
776,727,836,722,978,1011,851,1002,875,966
777,978,1011,851,1002,875,966
778,584,525,591,668
779,634,856,749
780,567,532,783,680,896,736,941,957
781,810,673,683
782,705,628,552,881,745,895,1029,994
783,780,916,939,916,1009
784,602,712,904,998,944
785,829,815,964,1093,896,974
786,651,571,611,960,839,894
787,567,532,811,729,864,1093,906,974
788,537,662,630,759,1039,965,863,1062,967,1034
789,505,640,609
790,565,702,802,961
791,751,696,853
792,653,754,728,794,642
793,666,841,881,745,895,1029,994
794,684,638,792,834,714,654
795,599,550,914,765,1087,979
796,976,877,959
797,570,520,620,844,948,1045,1063,951
798,541,717,557,669,717,910,981,889,980
799,1017,1050,932
800,542,576,533,945,1033,1096,1016,950
801,573,548,834,716,654
802,679,790,691,1049,989
803,585,615,928,707,819,1000,873,843
804,651,571,611,883,735,760,960,839,894
805,541,635,835,975,948,1105,955
806,619,694,561,656,750,1051,908,943
807,618,733,764,704,866,1057,898,983
808,645,618,840,764
809,840,724,917,753,742,1057,898,983
810,616,731,606,890,704,781,892,902,972,814
811,787,594,718,879,738,879,1009
812,690,619,561,706,586,730
813,971,768,909
814,810,1003,925,962,1060
815,826,899,744,976,785,959
816,893,962,1060,924,1046
817,580,681,969,991,870
818,598,608,676
819,685,637,686,913,803,1026,912
820,512,627,639
821,905,765,1018,886
822,842,745,895
823,636,664,663,705,940,996,854
824,572,771,767,1107,1056
825,726,1005,1076,936
826,906,815,964
827,603,648,734,850,999,937
828,616,731,606,866,917,742
829,976,785,959
830,708,887,852,1079,1042,1036
831,1079,1042,1036
832,666,841,1029,994
833,590,626,647,633,1108,1095
834,801,600,711,794,642,1075,997,985
835,675,557,675,805
836,924,929,776
837,634,775,749
838,565,702,696,849,853,1156,1052,1031
839,655,786,804
840,588,569,631,721,808,809,956,953
841,630,592,973,832,793
842,630,592,822,1092,930
843,803,652,761,1094,1012,1013
844,797,998,944,981,992
845,925,1046,1111,986
846,982,1125,1038
847,708,887,852,1079,1042,1036
848,605,667,672
849,623,679,838,691
850,697,758,827,901,763,770,1087,979
851,929,777,776,925,1046,1111,986
852,695,693,658,1015,830,847
853,623,679,838,691,791,935,874
854,700,720,823,1039,965,863,1062,967,1034
855,714,716,654,1126,1104
856,534,644,622,862,710,779
857,605,667,672
858,911,1033,1085,1103,963
859,647,678,643
860,685,637,686,652,872,761,1026,912
861,988,1010,1109,1072,1128,1021
862,634,856,749
863,788,996,854,1059,1024,1118
864,787,594,718,757,916
865,598,608,676,769,919
866,828,673,683,807,956,953,1003,893
867,634,775,749
868,575,674,748,774,593
869,990,1047,1123,1100
870,817,689,945,1033,1096,1016,950
871,651,571,611,883,735,760
872,585,615,860,767,1089,1181
873,803,652,761,1094,1012,1013
874,751,696,853
875,924,777,776
876,656,750,891,690,1051,908,943
877,772,796,703,1093,896,974
878,612,635,635,688,922,698
879,811,680,811,957
880,605,667,672
881,782,973,793
882,695,693,658,1202,1043,1061
883,655,871,804
884,1025,893,925,1060
885,923,1065,1125,926,1038,1082,988
886,821,934,1032,1127,995
887,695,693,658,1015,830,847
888,982,1125,1038
889,698,798,948,1105,955
890,741,947,810,958,1030
891,647,633,737,933,876
892,810,673,683
893,866,753,742,816,978,954,884,1035
894,655,786,804
895,782,973,793,822
896,594,780,718,877,785,959,1157,1116
897,636,664,663,705,1059,1024,1118
898,807,809,953,1030
899,906,815,964
900,924,1111,1083,1020,1143
901,1007,850,1032,1127,995
902,810,673,683
903,905,1087,990,1067,1124
904,715,784,1105,922,955,1045,1063,951
905,603,648,734,821,1007,1044,903
906,826,899,744,946,787,1157,1116
907,971,768,909
908,737,806,876,1108,1095
909,726,752,907,813,1005,1076,936
910,635,688,798,975
911,580,681,1023,858,1090,1195
912,860,707,819,1107,1056
913,771,767,928,707,819
914,927,934,999,795,937
915,757,738,916,1009
916,783,680,725,729,864,783,915
917,828,673,683,809,958,925,962,1060
918,1010,968,1109,982,1082
919,665,865
920,714,716,654,984,773
921,602,712,981,992,970,1211
922,612,669,675,878,904,992,1142,1152
923,579,709,713,593,766,1027,1019,885
924,727,836,722,972,816,1002,875,966,1069,900
925,917,814,1011,845,851,954,884,1035
926,987,1027,885,1145,1193,1112
927,914,763,770,1010,1037,1200,1169,1110
928,685,637,686,913,803,1135,1209,1066
929,727,836,722,978,1011,851
930,842,1029,1197,1077,1099
931,1122,986,1083,1143
932,799,988,1010,1109,1072,1128,1021
933,656,750,891,690,1053,1161
934,914,763,770,1018,886
935,751,696,853
936,768,825,909,990,1047,1123,1100
937,697,758,827,914,765,1087,979
938,971,1047,979,1067,1124
939,783,941
940,700,720,823,1062,967,1034
941,757,738,780,757,939
942,634,775,749
943,737,806,876,1108,1095
944,715,784,844,948,1045,1063,951
945,800,991,870,1106,1131,1196,1055,1136
946,725,736,1093,906,974
947,618,733,764,890,724
948,797,998,944,805,889,980,1142,1152
949,982,1125,1038
950,969,800,870,1090,1195
951,797,904,944,970,1211
952,719,699,755,982,1065
953,840,724,704,866,1057,898,983
954,893,925,1060
955,805,889,980,904,992,1142,1152
956,840,724,704,866
957,780,757,879,1009
958,890,704,917,753,742
959,772,796,703,829,815,964,1093,896,974
960,655,786,804
961,679,790,691,1146,977,1048,1171,1229
962,917,814,816,978
963,858,969,1106,1131,1196,1055,1136
964,826,899,744,976,785,959
965,788,996,854,1059,1024,1118
966,924,777,776
967,788,940,854
968,1027,918,1006,1032
969,817,689,1096,1016,950,1085,1103,963
970,921,1063,951,1249,1216
971,726,752,907,813,1044,938,1190,1054
972,810,1003,1025,924,1046
973,666,841,881,745,895,1197,1077,1099
974,946,787,877,785,959,1157,1116
975,675,805,717,910
976,772,796,703,725,736,829,815,964,1233,1148
977,961,1156,1031,1133,1221,1154
978,929,777,776,893,962,1060,1111,986
979,850,795,937,938,1005
980,698,798,948,1105,955
981,698,798,921,844,1255,1119
982,774,952,888,949,846,1017,918,1145,1193,1112
983,807,809,953,1030
984,728,920,1203,1097
985,773,834,1126,1104
986,978,845,851,1040,931,1064,1008,1178
987,719,699,755,1125,926,1038,1082,988
988,861,1050,932,987,1019,885,1006,1032
989,751,802,1156,1052,1031
990,1076,869,936,999,903
991,817,689,945,1033,1182,1014,1274,1199
992,921,844,1105,922,955
993,994,1197,1099,1164,1139,1236
994,782,832,793,1158,993,1068,1198,1273
995,886,901,1010,1037,1200,1169,1110
996,700,720,823,1039,965,863
997,773,834,1126,1104
998,715,784,844,948,1249,1216
999,697,758,827,914,765,990,1067,1124
1000,803,652,761,1183,1234
1001,1086,1238
1002,924,777,776
1003,866,753,742,972,814
1004,1146,1206,1074,1080,1238
1005,768,825,909,979,1067,1124,1123,1100
1006,988,968,1109,1018,1037
1007,901,763,770,905,765
1008,986,1020,1143,1203,1228
1009,783,915,811,957
1010,861,1050,932,1027,918,927,1127,995
1011,929,777,776,925,1046,1083,1020,1143
1012,771,873,843,1089,1181
1013,771,873,843,1089,1181
1014,991,1195,1264,1179
1015,708,887,852,1235,1245,1224
1016,969,800,870,1090,1195
1017,799,982,1082,1018,1037,1072,1128,1021
1018,821,934,1017,1006,1263,1201
1019,923,1065,1082,988
1020,1011,900,1008,1178
1021,1017,861,932
1022,1168,1132,1222,1121,1225
1023,911,1033,1170,1078,1277,1226,1159
1024,897,965,863
1025,972,884,1035
1026,860,707,819,1121,1172,1256,1252,1184
1027,923,1065,1010,968,1109,1125,926,1038
1028,1168,1132,1222,1121,1225
1029,782,832,793,1092,930
1030,890,898,983
1031,838,989,1146,977,1048,1171,1229
1032,886,901,988,968,1109,1200,1169,1110
1033,800,991,870,1023,858
1034,788,940,854
1035,1025,893,925,1060
1036,831,830,847,1202,1043,1061
1037,1017,1006,927,1127,995
1038,888,949,846,987,1027,885,1145,1193,1112
1039,788,996,854
1040,986,1083,1143
1041,1191,1071,1073,1141,1253,1155,1180,1153,1261
1042,831,830,847,1202,1043,1061
1043,882,1042,1036,1235,1245,1224
1044,905,1087,971,1047
1045,797,904,944
1046,1011,845,851,972,816
1047,1076,869,936,1044,938
1048,961,1156,1031,1133,1221,1154
1049,751,802,1133,1221,1154,1317,1207
1050,799,988,1010,1109
1051,737,806,876
1052,838,989,1086,1206,1074,1171,1229
1053,933,1108
1054,971,1123,1150,1230,1248
1055,1085,945,963,1277,1226,1159
1056,824,912,1135,1209,1066
1057,807,809,953
1058,1077,1164,1236
1059,897,965,863
1060,917,814,816,978,954,884,1035
1061,882,1042,1036,1235,1245,1224
1062,788,940,854
1063,797,904,944,970,1211
1064,1122,986,1083,1143
1065,774,952,1027,1019,885
1066,1056,928,1121,1172,1256,1252,1184
1067,999,903,938,1005
1068,994,1197,1099,1164,1139,1236
1069,924,1111,1122,1203,1228
1070,1107,1172,1222,1081,1225
1071,1188,1175,1041
1072,1017,861,932
1073,1188,1175,1041
1074,1137,1004,1052,1221,1154
1075,773,834,1178,1301,1189
1076,768,825,909,990,1047,1150,1230,1248
1077,973,930,1192,1058,1151,1217,1204,1088,1198,1273
1078,1023,1131,1272,1173,1134
1079,831,830,847,1307,1187,1237,1295
1080,1133,1004,1285,1259
1081,1070,1135,1174,1102,1215,1167,1304,1177
1082,987,1019,885,1017,918
1083,1011,900,1040,931,1064,1126,1301,1189
1084,1165,1278,1279
1085,858,969,1196,1055,1136,1272,1173,1134
1086,1001,1114,1052,1221,1154,1285,1259
1087,850,795,937,1044,903
1088,1077,1139,1236
1089,872,1012,1013,1183,1234
1090,911,1016,950,1274,1199,1274,1325
1091,1272,1106,1134,1138,1286
1092,842,1029,1164,1139,1236,1360,1265
1093,946,787,877,785,959,1291,1165,1270
1094,771,873,843
1095,833,908,943
1096,969,800,870,1264,1179,1264,1340
1097,984,1104,1178,1301,1189
1098,1100,1230,1248,1180,1242
1099,973,930,1158,993,1068,1198,1273
1100,1005,869,936,1098,1194,1308,1241,1162
1101,1130,1153,1261,1150,1242,1333,1239
1102,1081,1168,1213,1176
1103,858,969,1106,1131,1334,1247,1310
1104,855,997,985,1203,1097
1105,805,889,980,904,992,1258,1309,1289
1106,945,1103,963,1212,1220,1091,1299,1314
1107,824,912,1166,1070,1223,1343
1108,833,908,943,1053,1161
1109,861,1050,932,1027,918,1006,1032
1110,1032,927,995,1263,1201
1111,978,845,851,1069,900
1112,982,926,1038
1113,1165,1278,1279
1114,1086,1238
1115,1147,1278,1279,1291,1157,1270
1116,896,906,974,1233,1148
1117,1141,1253,1155,1180,1153,1261
1118,897,965,863
1119,981,1142,1258,1309,1289
1120,1147,1278,1279,1291,1157,1270
1121,1129,1022,1028,1026,1209,1066,1304,1177
1122,1069,931,1064
1123,1005,869,936,1190,1054
1124,999,903,938,1005
1125,888,949,846,987,1027,885
1126,855,997,985,1083,1228,1370,1331,1313
1127,886,901,1010,1037,1269,1144,1330,1260
1128,1017,861,932
1129,1222,1121,1225,1213,1176,1213,1243
1130,1194,1257,1101
1131,945,1103,963,1170,1078
1132,1166,1022,1028,1215,1167,1215,1246
1133,1049,977,1048,1080,1238
1134,1078,1085,1212,1220,1091,1299,1314
1135,1056,928,1222,1081,1225,1256,1252,1184
1136,1085,945,963,1277,1226,1159
1137,1146,1206,1074
1138,1170,1220,1091
1139,1092,993,1068,1217,1204,1088
1140,1271,1218,1329
1141,1188,1117,1041
1142,948,922,955,1255,1119
1143,1011,900,1040,931,1064,1008,1178
1144,1127,1263,1335,1275
1145,982,926,1038
1146,961,1156,1031,1137,1004
1147,1233,1115,1120,1326,1302,1232
1148,976,1116,1291,1165,1270
1149,1209,1343,1349,1240
1150,1076,1054,1257,1188,1101,1308,1241,1162
1151,1077,1164,1236
1152,948,922,955,1210,1341,1337,1284,1379
1153,1117,1175,1041,1194,1257,1101
1154,1049,977,1048,1086,1206,1074
1155,1188,1117,1041
1156,838,989,1146,977,1048,1377,1365,1311
1157,896,906,974,1227,1115,1120,1378,1266
1158,994,1197,1099
1159,1023,1055,1136,1334,1247,1310
1160,1324,1351,1323
1161,933,1108
1162,1100,1150,1248,1324,1305,1371
1163,1180,1333,1267,1271,1355
1164,1092,993,1068,1192,1058,1151
1165,1084,1186,1113,1148,1093,1326,1302,1232,1378,1266
1166,1168,1132,1107,1172,1347,1353
1167,1081,1132,1213,1243
1168,1166,1022,1028,1174,1102,1174,1246
1169,1032,927,995,1263,1201
1170,1023,1131,1138,1286,1404,1251
1171,961,1052,1031,1317,1207
1172,1026,1209,1066,1166,1070
1173,1078,1085,1299,1314
1174,1081,1168,1168,1243,1250
1175,1191,1071,1073,1180,1153,1261
1176,1129,1102,1215,1246
1177,1121,1081,1225,1347,1353
1178,986,1020,1143,1097,1075,1370,1331,1313
1179,1096,1014,1274,1325
1180,1117,1175,1041,1190,1098,1290,1163
1181,872,1012,1013
1182,991,1195,1195,1340
1183,1000,1089
1184,1135,1026,1066,1223,1343
1185,1239,1271,1355,1332,1399
1186,1165,1278,1279
1187,1245,1079,1224,1332,1369
1188,1191,1071,1073,1141,1253,1155,1150,1242,1333,1239
1189,1097,1075,1083,1228,1370,1331,1313
1190,971,1123,1180,1242,1324,1305,1371
1191,1188,1175,1041
1192,1077,1164,1236
1193,982,926,1038
1194,1130,1153,1261,1100,1230,1248,1333,1239
1195,911,1016,950,1182,1014,1182,1325
1196,1085,945,963,1417,1300
1197,973,930,1158,993,1068,1416,1397,1361
1198,994,1077,1099,1360,1265
1199,991,1090,1264,1340
1200,1032,927,995,1335,1275,1335,1376
1201,1018,1169,1110,1330,1260,1330,1382
1202,882,1042,1036,1332,1369
1203,984,1104,1069,1008,1402,1312,1293,1435,1348,1356
1204,1077,1139,1236
1205,1324,1351,1323
1206,1137,1004,1052,1221,1154
1207,1049,1171,1377,1365,1311
1208,1231,1218,1329,1239,1267,1355
1209,1056,928,1121,1172,1268,1149,1384,1368
1210,1152,1309,1289,1373,1380
1211,921,1063,951
1212,1272,1106,1134
1213,1129,1102,1129,1167
1214,1324,1351,1323
1215,1081,1132,1132,1176,1250
1216,998,970
1217,1077,1139,1236
1218,1140,1288,1290,1320,1208
1219,1308,1394,1287
1220,1272,1106,1134,1138,1286
1221,1049,977,1048,1086,1206,1074
1222,1129,1022,1028,1070,1135,1406,1392,1294
1223,1107,1252,1184,1384,1368,1384,1396
1224,1015,1043,1061,1307,1187,1237,1295
1225,1129,1022,1028,1070,1135,1304,1177
1226,1023,1055,1136,1334,1247,1310
1227,1291,1157,1270
1228,1069,1008,1126,1301,1189
1229,961,1052,1031,1457,1322,1354,1352,1439
1230,1076,1054,1098,1194,1306,1394,1287
1231,1290,1320,1208
1232,1165,1147,1279
1233,976,1116,1147,1278,1279,1420,1408
1234,1000,1089
1235,1015,1043,1061,1237,1295,1344,1415,1280
1236,1092,993,1068,1192,1058,1151,1217,1204,1088
1237,1235,1079,1224
1238,1001,1114,1133,1004
1239,1194,1188,1101,1185,1344,1262,1320,1208
1240,1256,1149,1384,1396
1241,1100,1150,1248,1324,1305,1371
1242,1190,1098,1257,1188,1101
1243,1129,1167,1174,1246
1244,1346,1421
1245,1015,1043,1061,1307,1187
1246,1132,1176,1168,1243
1247,1103,1226,1159,1417,1300
1248,1076,1054,1098,1194,1308,1241,1162
1249,998,970
1250,1215,1174
1251,1170,1314,1448,1437,1433
1252,1135,1026,1066,1223,1343
1253,1188,1117,1041
1254,1386,1298,1309,1391
1255,981,1142,1297,1391,1373,1380
1256,1135,1026,1066,1349,1240,1349,1446
1257,1130,1153,1261,1150,1242,1267,1271,1355
1258,1105,1119,1337,1284,1379,1460,1383,1328
1259,1086,1080
1260,1127,1201,1335,1376
1261,1117,1175,1041,1194,1257,1101
1262,1239,1267,1355
1263,1018,1169,1110,1269,1144,1269,1382
1264,1096,1014,1096,1199
1265,1092,1198,1416,1397,1361
1266,1157,1165,1270,1420,1408
1267,1257,1163,1262,1320,1208,1307,1415,1280
1268,1209,1343,1343,1446,1358
1269,1127,1263,1263,1376
1270,1148,1093,1227,1115,1120,1378,1266
1271,1140,1288,1257,1163,1185,1344
1272,1078,1085,1212,1220,1091,1448,1437,1433
1273,994,1077,1099,1346,1390,1464,1400,1482
1274,991,1090,1090,1179
1275,1200,1144,1330,1382
1276,1421,1296,1360,1390,1464
1277,1023,1055,1136,1453,1465
1278,1084,1186,1113,1233,1115,1120
1279,1084,1186,1113,1233,1115,1120,1326,1302,1232
1280,1369,1235,1267,1399,1427,1430,1470
1281,1347,1450,1434
1282,1441,1338,1292
1283,1347,1450,1434
1284,1152,1258,1289,1297,1391
1285,1086,1080
1286,1170,1220,1091
1287,1219,1351,1323,1230,1305,1371
1288,1271,1218,1329
1289,1105,1119,1210,1341,1337,1284,1379
1290,1180,1333,1231,1218,1329,1332,1399
1291,1148,1093,1227,1115,1120,1492,1449,1381
1292,1357,1282,1489,1444,1455
1293,1203,1370,1313
1294,1353,1222,1319,1450,1434,1403,1463
1295,1235,1079,1224
1296,1397,1359,1276
1297,1255,1284,1379,1414,1407,1414,1411
1298,1337,1254,1414,1407
1299,1106,1173,1134,1509,1398,1436,1505,1422
1300,1196,1247,1310,1453,1465
1301,1097,1075,1083,1228
1302,1165,1147,1279
1303,1346,1421
1304,1121,1081,1225,1319,1450,1434,1403,1463
1305,1190,1241,1162,1306,1394,1287
1306,1230,1305,1371
1307,1245,1079,1224,1267,1399,1427,1430,1470
1308,1100,1150,1248,1219,1351,1323
1309,1105,1119,1210,1341,1327,1254,1414,1411
1310,1103,1226,1159,1417,1300
1311,1156,1207,1457,1322,1354,1352,1439
1312,1203,1370,1313
1313,1178,1126,1189,1402,1312,1293,1435,1348,1356
1314,1106,1173,1134,1404,1251
1315,1341,1460,1328,1426,1485,1389
1316,1449,1425,1321
1317,1049,1171,1486,1454,1472,1478,1494
1318,1489,1444,1455
1319,1406,1304,1294,1475,1410,1495
1320,1231,1218,1329,1239,1267,1355
1321,1339,1316,1423,1387,1484,1429,1420,1500,1456
1322,1229,1377,1311,1472,1478,1494
1323,1160,1205,1214,1308,1394,1287
1324,1160,1205,1214,1190,1241,1162
1325,1090,1179,1195,1340
1326,1165,1147,1279
1327,1309,1391,1440,1391,1462
1328,1258,1380,1424,1315,1419,1507,1467
1329,1140,1288,1290,1320,1208
1330,1127,1201,1201,1275
1331,1178,1126,1189,1435,1348,1356
1332,1202,1187,1290,1185,1428,1481,1374,1480,1438,1372
1333,1194,1188,1101,1290,1163
1334,1103,1226,1159,1413,1506,1451,1514
1335,1200,1144,1200,1260
1336,1479,1496,1393
1337,1152,1258,1289,1386,1298,1386,1462
1338,1357,1282,1489,1444,1455
1339,1449,1425,1321
1340,1096,1199,1182,1325
1341,1152,1309,1289,1424,1315,1419,1507,1467
1342,1347,1463,1471,1459,1513
1343,1107,1252,1184,1268,1149,1268,1396
1344,1239,1271,1355,1369,1235,1427,1430,1470
1345,1375,1504,1541,1468
1346,1244,1303,1273,1416,1361
1347,1166,1177,1350,1283,1281,1469,1342,1475,1410,1495
1348,1203,1331,1313
1349,1256,1149,1256,1368
1350,1347,1450,1434
1351,1160,1205,1214,1308,1394,1287
1352,1229,1365,1311,1486,1454
1353,1166,1177,1406,1392,1294
1354,1229,1377,1311,1472,1478,1494
1355,1257,1163,1185,1344,1262,1320,1208
1356,1203,1331,1313
1357,1441,1338,1292
1358,1268,1384
1359,1421,1296,1360,1390,1464
1360,1092,1198,1364,1359,1276,1516,1491
1361,1197,1265,1346,1390,1464,1400,1482
1362,1404,1505,1502,1443,1517
1363,1479,1496,1393
1364,1360,1390,1464
1365,1156,1207,1352,1439,1487,1431
1366,1415,1481,1374
1367,1387,1484,1429,1420,1500,1456
1368,1209,1223,1349,1446
1369,1202,1187,1344,1415,1280
1370,1178,1126,1189,1402,1312,1293
1371,1190,1241,1162,1306,1394,1287
1372,1332,1427,1470
1373,1255,1210,1426,1485,1389,1527,1418
1374,1332,1430,1470,1447,1366,1473
1375,1489,1345,1455,1512,1533
1376,1200,1260,1269,1382
1377,1156,1207,1457,1322,1354,1526,1518,1452
1378,1157,1165,1270,1385,1500,1456,1499,1529
1379,1152,1258,1289,1297,1391
1380,1255,1210,1460,1383,1328
1381,1408,1291,1385,1500,1456,1499,1529
1382,1201,1275,1263,1376
1383,1258,1380,1442,1409,1507,1467
1384,1209,1223,1223,1240,1358
1385,1492,1378,1381
1386,1337,1254,1337,1411
1387,1449,1367,1321
1388,1502,1422,1517,1476,1528,1515
1389,1373,1315,1419,1442,1409
1390,1364,1359,1276,1273,1416,1361
1391,1327,1254,1255,1284,1379,1327,1407
1392,1353,1222,1403,1463
1393,1363,1336,1432,1502,1422,1517,1476,1528,1515
1394,1219,1351,1323,1230,1305,1371
1395,1424,1442
1396,1223,1240,1343,1446
1397,1197,1265,1421,1296,1400,1482
1398,1448,1299,1433,1505,1524,1535
1399,1290,1185,1307,1415,1280
1400,1273,1397,1361,1516,1491
1401,1471,1403,1513
1402,1203,1370,1313
1403,1304,1392,1294,1458,1501,1401,1520,1412
1404,1170,1314,1479,1362,1498,1540,1524,1535
1405,1424,1442
1406,1353,1222,1319,1450,1434,1471,1459,1513
1407,1297,1298,1391,1462
1408,1233,1266,1492,1449,1381
1409,1383,1485,1389
1410,1347,1319,1434
1411,1309,1297,1386,1462
1412,1403,1459,1513,1512,1563
1413,1334,1465
1414,1297,1298,1309,1297,1440
1415,1369,1235,1267,1399,1447,1366,1473
1416,1197,1265,1346,1390,1464,1549,1559,1490
1417,1196,1247,1310
1418,1373,1507,1544,1522,1556
1419,1341,1460,1328,1426,1485,1389
1420,1233,1266,1367,1425,1321,1554,1445
1421,1244,1303,1397,1359,1276
1422,1299,1437,1433,1388,1496,1393,1538,1483,1509,1498,1540
1423,1449,1425,1321
1424,1341,1460,1328,1395,1405
1425,1339,1316,1423,1420,1500,1456
1426,1373,1315,1419
1427,1344,1307,1280,1480,1438,1372
1428,1332,1430,1470
1429,1449,1367,1321
1430,1344,1307,1280,1428,1481,1374
1431,1365,1478,1494
1432,1479,1496,1393
1433,1251,1272,1509,1398,1436,1505,1422
1434,1350,1283,1281,1406,1304,1294,1475,1410,1495
1435,1203,1331,1313
1436,1448,1299,1433,1505,1524,1535
1437,1251,1272,1422,1498,1540
1438,1332,1427,1470
1439,1229,1365,1311,1553,1542,1488,1550,1525
1440,1327,1414
1441,1357,1282,1512,1533,1575,1568
1442,1395,1405,1383,1485,1389
1443,1362,1448,1538,1483
1444,1318,1338,1292,1541,1468,1520,1561,1474
1445,1420,1529,1552,1581,1578
1446,1256,1368,1268,1396
1447,1415,1481,1374
1448,1251,1272,1398,1436,1502,1443,1517,1524,1535
1449,1339,1316,1423,1408,1291,1387,1484,1429,1499,1529
1450,1350,1283,1281,1406,1304,1294
1451,1334,1453
1452,1377,1454,1553,1542,1488,1550,1525
1453,1277,1300,1451,1514
1454,1317,1352,1526,1518,1452
1455,1318,1338,1292,1375,1504,1541,1468
1456,1367,1425,1321,1492,1378,1381
1457,1229,1377,1311
1458,1471,1403,1513
1459,1342,1406,1520,1412
1460,1258,1380,1424,1315,1419,1544,1522,1556
1461,1592,1531,1519,1594,1551,1530
1462,1327,1407,1337,1411
1463,1304,1392,1294,1469,1342
1464,1364,1359,1276,1273,1416,1361
1465,1277,1300,1413,1506
1466,1576,1565
1467,1341,1383,1328,1579,1511,1493,1523,1584
1468,1444,1345,1455,1575,1568
1469,1347,1463,1512,1563
1470,1344,1307,1280,1428,1481,1374,1480,1438,1372
1471,1342,1406,1458,1501,1401,1504,1561,1474
1472,1317,1322,1354
1473,1415,1481,1374
1474,1444,1533,1563,1471,1570,1555,1593
1475,1347,1319,1434
1476,1479,1388,1393
1477,1576,1565
1478,1317,1322,1354,1487,1431
1479,1363,1336,1432,1404,1505,1476,1528,1515,1560,1562
1480,1332,1427,1470
1481,1332,1430,1470,1447,1366,1473
1482,1273,1397,1361,1574,1547,1580,1537,1582
1483,1422,1443,1517,1560,1562
1484,1449,1367,1321
1485,1373,1315,1419,1442,1409
1486,1317,1352,1560,1503,1532
1487,1365,1478,1494
1488,1439,1526,1452,1532
1489,1318,1338,1292,1375,1504,1547,1577,1603
1490,1416,1491,1574,1547,1580,1537,1582
1491,1360,1400,1549,1559,1490
1492,1408,1291,1385,1500,1456,1552,1581,1578
1493,1467,1544,1556,1583,1586,1600
1494,1317,1322,1354,1487,1431
1495,1347,1319,1434
1496,1363,1336,1432,1502,1422,1517
1497,1581,1564,1606
1498,1404,1422,1437,1524,1535
1499,1378,1449,1381,1551,1539,1576,1609,1569
1500,1367,1425,1321,1492,1378,1381
1501,1471,1403,1513
1502,1362,1448,1388,1496,1393,1525,1557,1595
1503,1486,1550,1538,1557,1595
1504,1489,1345,1455,1563,1471,1570,1555,1593
1505,1299,1433,1479,1362,1398,1436
1506,1334,1465
1507,1341,1383,1328,1527,1418
1508,1592,1531,1519,1594,1551,1530
1509,1299,1433,1422
1510,1558,1552,1604,1601,1614
1511,1467,1544,1556,1583,1586,1600
1512,1441,1375,1469,1412
1513,1342,1406,1458,1501,1401,1520,1412
1514,1334,1453
1515,1479,1388,1393
1516,1360,1400,1575,1521
1517,1362,1448,1388,1496,1393,1538,1483
1518,1377,1454,1550,1525
1519,1543,1508,1461,1594,1604,1601
1520,1403,1459,1513,1444,1533,1570,1555,1593
1521,1516,1574,1541,1577,1603
1522,1460,1418,1523,1584,1548,1612
1523,1467,1522,1556,1602,1597
1524,1404,1398,1436,1448,1498,1540
1525,1439,1518,1452,1562,1502
1526,1377,1454,1553,1542,1488,1538,1557,1595
1527,1373,1507,1583,1586,1600,1602,1597
1528,1479,1388,1393
1529,1378,1449,1381,1554,1445
1530,1534,1508,1461,1558,1552,1592,1614
1531,1543,1508,1461,1594,1604,1601
1532,1486,1542,1488
1533,1441,1375,1520,1561,1474
1534,1551,1530,1614
1535,1404,1398,1436,1448,1498,1540
1536,1547,1541,1603,1590,1611,1619
1537,1482,1549,1490
1538,1422,1443,1517,1526,1503
1539,1543,1558,1499,1581,1578
1540,1404,1422,1437,1524,1535
1541,1444,1345,1455,1549,1521,1605,1589,1536
1542,1439,1526,1452,1532
1543,1531,1519,1554,1539,1604,1601,1633,1613
1544,1460,1418,1579,1511,1493,1620,1616,1585
1545,1573,1572,1610,1598,1608,1623
1546,1554,1609,1569
1547,1482,1559,1490,1568,1489,1605,1589,1536
1548,1522,1586,1600,1624,1615
1549,1416,1491,1580,1537,1582,1541,1577,1603
1550,1439,1518,1452,1560,1503
1551,1534,1508,1461,1499,1581,1578,1592,1614
1552,1445,1492,1594,1510,1530,1576,1609,1569
1553,1439,1526,1452
1554,1420,1529,1543,1558,1546,1564,1606
1555,1504,1520,1474
1556,1460,1418,1579,1511,1493,1523,1584
1557,1526,1503,1562,1502
1558,1594,1510,1530,1554,1539
1559,1416,1491,1574,1547
1560,1479,1483,1486,1550
1561,1444,1533,1563,1471
1562,1479,1483,1525,1557,1595
1563,1469,1412,1504,1561,1474
1564,1565,1497,1554,1609,1569
1565,1477,1466,1581,1564,1606
1566,1587,1608,1623,1602,1622,1628
1567,1577,1611,1619
1568,1441,1468,1547,1577,1603
1569,1552,1499,1578,1546,1564,1606
1570,1504,1520,1474
1571,1577,1611,1619
1572,1607,1596,1545
1573,1607,1596,1545
1574,1482,1559,1490,1575,1521
1575,1441,1468,1516,1574,1590,1611,1619
1576,1477,1466,1552,1499,1578
1577,1568,1489,1549,1521,1571,1567
1578,1445,1492,1551,1539,1576,1609,1569
1579,1467,1544,1556,1624,1615
1580,1482,1549,1490
1581,1445,1492,1565,1497,1551,1539
1582,1482,1549,1490
1583,1527,1511,1493
1584,1467,1522,1556,1598,1622,1628,1627,1625
1585,1544,1597,1598,1622,1628,1627,1625
1586,1527,1511,1493,1548,1612
1587,1616,1591,1566
1588,1598,1608,1623
1589,1547,1541,1603,1590,1611,1619
1590,1575,1589,1536
1591,1587,1608,1623,1602,1622,1628
1592,1508,1461,1551,1530,1633,1613
1593,1504,1520,1474
1594,1508,1461,1531,1519,1558,1552,1641,1637,1631
1595,1526,1503,1562,1502
1596,1573,1572,1610,1598,1608,1623
1597,1527,1523,1620,1616,1585
1598,1588,1596,1545,1584,1620,1585
1599,1636,1620,1640,1629,1617
1600,1527,1511,1493,1548,1612
1601,1510,1531,1519,1543,1614
1602,1527,1523,1607,1591,1566,1636,1618
1603,1568,1489,1549,1521,1605,1589,1536
1604,1510,1531,1519,1543,1614
1605,1547,1541,1603
1606,1565,1497,1554,1609,1569
1607,1573,1572,1610,1602,1622,1628
1608,1588,1596,1545,1616,1591,1566
1609,1552,1499,1578,1546,1564,1606
1610,1607,1596,1545
1611,1575,1589,1536,1571,1567
1612,1522,1586,1600
1613,1543,1592,1641,1637,1631
1614,1551,1510,1530,1534,1604,1601,1630,1647,1638,1643,1650
1615,1579,1548
1616,1544,1597,1587,1608,1623,1627,1625
1617,1625,1621,1599,1636,1648,1642
1618,1602,1627,1652,1632,1648,1642
1619,1575,1589,1536,1571,1567
1620,1544,1597,1598,1622,1628,1626,1621,1599,1652,1640,1632
1621,1636,1620,1640,1629,1617
1622,1607,1591,1566,1584,1620,1585
1623,1588,1596,1545,1616,1591,1566
1624,1579,1548
1625,1584,1616,1585,1629,1617,1648,1642,1659,1658
1626,1620,1652,1632
1627,1584,1616,1585,1636,1618
1628,1607,1591,1566,1584,1620,1585
1629,1625,1621,1599,1636,1648,1642
1630,1641,1614,1631
1631,1613,1594,1630,1647,1638,1643,1650
1632,1618,1620,1626,1648,1642,1659,1658
1633,1543,1592,1657,1635
1634,1639,1655,1657,1662,1646
1635,1633,1650,1660,1656,1663
1636,1621,1599,1602,1627,1629,1617,1664,1651
1637,1613,1594,1643,1650
1638,1641,1614,1631
1639,1656,1634,1653,1661,1654
1640,1621,1599,1620,1659,1658
1641,1613,1594,1630,1647,1638,1660,1656,1663
1642,1618,1629,1617,1625,1652,1632
1643,1614,1637,1631,1644,1662,1646,1665,1649
1644,1661,1654,1660,1643,1663
1645,1657,1662,1646
1646,1645,1634,1653,1660,1643,1663
1647,1641,1614,1631
1648,1618,1629,1617,1625,1652,1632
1649,1643,1656,1663,1664,1668
1650,1614,1637,1631,1657,1635
1651,1636,1659,1665,1666,1667
1652,1618,1620,1626,1648,1642,1665,1666,1667
1653,1639,1655,1657,1662,1646
1654,1644,1639
1655,1656,1634,1653
1656,1635,1641,1639,1655,1665,1649
1657,1633,1650,1645,1634,1653,1664,1668
1658,1625,1640,1632,1668,1660
1659,1625,1640,1632,1664,1651
1660,1635,1641,1644,1662,1646,1658,1666,1667
1661,1644,1639
1662,1645,1634,1653,1660,1643,1663
1663,1635,1641,1644,1662,1646,1665,1649
1664,1636,1659,1657,1649
1665,1643,1656,1663,1652,1651
1666,1652,1651,1668,1660
1667,1652,1651,1668,1660
1668,1657,1649,1658,1666,1667
