ID,two bonds apart neighbours IDs
0,11
1,24,18,4
2,20,30,12
3,27,7,21
4,24,1,18
5,27,20
6,41,17,9
7,27,21,3
8,46,10,33
9,41,17,6
10,46,8,33
11,38,13,44,0
12,20,30,2
13,38,11,44,14,34
14,13,34,47,29
15,36,51,58
16,46,30
17,41,6,9
18,24,1,4
19,24
20,30,12,2,27,5
21,27,7,3
22,66,41,25
23,49,26,56
24,29,77,54,19,1,18,4
25,66,41,22
26,49,23,56
27,62,28,5,20,7,21,3
28,27,62
29,77,24,54,14,47
30,20,12,2,46,16
31,65,40,78
32,70,35
33,46,10,8
34,14,13
35,70,32
36,59,100,82,51,15,58
37,66,84
38,13,11,44,71,83
39,41,53,81
40,65,78,31
41,66,22,25,53,81,39,17,6,9
42,104,60,95
43,89,72,88
44,38,13,11
45,99,84,49
46,30,16,111,74,10,8,33
47,14,29
48,120,62,67
49,99,84,45,26,23,56,61,110,94
50,104,77
51,36,15,58
52,123,76
53,41,81,39
54,29,77,24
55,79,102
56,49,26,23
57,68,109,63
58,36,51,15
59,100,36,82,65,139
60,104,42,95
61,49,110,94
62,120,48,67,27,28
63,68,109,57
64,107,68,121
65,118,116,139,59,40,78,31
66,84,37,91,155,41,22,25
67,120,62,48
68,107,64,121,109,63,57
69,151,117,98
70,74,159,119,35,32
71,172,131,83,38
72,89,88,43
73,128,89,140
74,159,70,119,46,111
75,154,123,126
76,123,52
77,29,24,54,104,50
78,65,40,31
79,115,171,122,102,55
80,133
81,41,53,39
82,59,100,36
83,71,38
84,99,49,45,66,37
85,152,114,174
86,154,184
87,190,130
88,89,72,43
89,128,140,73,72,88,43
90,133,185
91,66,155
92,173,107,149
93,103,168,113
94,49,61,110
95,104,42,60
96,154,188
97,177,99
98,151,117,69
99,84,49,45,177,97
100,59,36,82,216,165
101,127,135
102,79,55
103,144,150,204,168,113,93
104,77,50,148,219,42,60,95
105,163,125
106,135,208,151
107,173,149,92,68,64,121
108,151,170,186
109,68,63,57
110,49,61,94
111,46,74
112,201,188,166
113,103,168,93
114,152,174,85,144,145
115,141,137,212,79,171,122
116,65,118
117,151,69,98
118,184,180,226,65,116
119,74,159,70
120,62,48,67,238,169
121,107,68,64
122,115,79,171
123,154,75,126,52,76
124,194,182
125,163,105
126,154,123,75
127,134,207,146,101,135,142,189,222
128,232,198,143,89,140,73
129,162,161,215
130,190,87,247,181
131,71,172
132,177,195,218
133,254,193,185,90,80
134,127,207,146
135,208,151,106,127,101
136,227,201
137,141,115,212,177,233
138,174,153
139,65,59
140,128,89,73
141,137,115,212,162,249
142,127,189,222
143,232,198,128
144,114,145,270,197,103,150,204
145,144,114
146,127,134,207
147,251,208
148,104,219
149,173,107,92
150,144,103,204
151,135,208,106,117,69,98,170,186,108
152,114,174,85
153,174,138
154,188,96,86,184,123,75,126
155,258,265,196,66,91
156,163,228
157,248,187,234
158,180
159,74,70,119,283,225
160,227,198
161,162,129,215
162,183,243,249,141,161,129,215
163,255,178,125,105,228,156
164,257,199
165,216,100
166,201,188,112,206
167,251,269,203
168,103,113,93
169,238,120
170,151,186,108
171,115,79,122
172,285,221,264,71,131
173,278,244,245,191,107,149,92
174,152,114,85,153,138
175,261,220
176,238,202,267
177,137,233,97,99,195,218,132
178,255,163
179,272,224
180,184,118,226,158
181,130,247
182,194,124
183,191,307,223,162,243
184,118,180,226,154,86
185,133,90,313,254
186,151,170,108
187,248,157,234
188,201,166,112,154,96
189,127,142,222
190,247,300,130,87
191,183,307,223,173,245
192,284
193,254,133
194,329,242,252,124,182
195,177,218,132
196,155,258,265
197,277,217,294,144,270
198,232,128,143,227,160
199,257,164
200,269,292
201,188,166,112,227,136
202,238,176,267
203,251,269,167
204,144,103,150
205,317,274,214
206,166
207,127,134,146
208,135,151,106,251,147
209,261,288
210,356,263,260
211,321,284
212,141,137,115
213,316,250
214,317,274,205
215,162,161,129
216,100,165,229,309,280,314,235
217,197,277,294,257,266,324
218,177,195,132
219,325,335,262,104,148
220,261,175
221,285,172,264,241
222,127,142,189
223,191,183,307
224,272,179
225,283,159
226,184,118,180
227,198,160,136,201,320,336,342
228,163,156
229,216,309
230,251,357
231,368,289,306
232,198,128,143,349,276
233,177,137
234,248,157,187
235,216,280,314
236,265
237,271,367
238,364,275,169,120,202,176,267
239,297
240,317,325
241,221
242,329,194,252
243,162,183
244,173,278
245,173,191
246,305,358
247,397,326,290,190,300,130,181
248,286,382,345,298,157,187,234
249,162,141
250,316,213
251,208,147,230,357,269,167,203
252,329,194,242
253,297,354,279
254,313,185,133,193
255,401,334,327,163,178
256,353,341,319
257,217,266,324,164,199
258,155,265,196,353,339
259,370,293,331
260,356,210,263
261,344,343,288,209,220,175
262,219,325,335
263,356,210,260
264,285,172,221
265,155,258,196,236
266,217,257,324
267,238,202,176
268,378,291
269,251,167,203,292,200
270,144,197
271,404,302,367,237
272,408,373,366,179,224
273,407,304,299
274,317,205,214
275,238,364
276,349,232
277,197,217,294,394,392
278,350,426,340,173,244
279,297,253,354
280,216,314,235
281,318
282,403,312,287
283,159,225,390,286,402,296,360
284,321,211,425,383,192
285,172,221,264,412,386
286,382,248,345,283,390
287,403,312,282
288,261,209
289,368,231,306
290,397,247,326
291,378,268,419,347
292,269,200
293,370,259,331
294,197,277,217
295,358
296,283,402,360
297,363,388,417,239,253,354,279
298,248
299,407,273,304
300,247,190
301,307
302,404,271
303,349,373
304,407,273,299
305,387,435,358,246
306,368,231,289
307,191,183,223,301
308,465,376,352
309,442,311,338,216,229
310,433,316,330
311,309,442,338
312,403,282,287
313,471,385,410,254,185
314,216,280,235
315,411,461,427
316,433,330,310,250,213
317,325,240,374,460,274,205,214
318,424,441,445,281
319,353,341,256
320,227,336,342
321,476,425,284,211
322,375,361
323,397,450
324,217,257,266
325,219,335,262,317,240
326,397,247,290
327,401,255,334
328,423,378,416
329,444,452,395,194,242,252
330,433,316,310
331,370,259,293
332,402,468
333,368,472
334,401,255,327
335,219,325,262,396,501
336,227,320,342
337,368,389
338,309,442,311
339,353,258
340,350,278,426
341,353,256,319
342,227,320,336
343,344,261
344,478,455,479,261,343
345,286,382,248
346,473,355,351
347,291,419
348,415,377
349,373,303,276,232,432,493,439
350,278,426,340,356,413
351,473,355,346
352,465,376,308
353,258,339,490,502,341,256,319
354,297,253,279
355,473,346,351
356,436,422,413,350,210,263,260
357,389,499,362,251,230
358,305,246,435,482,295
359,423,411
360,283,402,296
361,375,322
362,357,389,499
363,388,297,417,394,420
364,474,372,451,238,275
365,519,446,398
366,408,373,272
367,271,237,404,509
368,389,337,333,472,231,289,306
369,520,507,500
370,525,477,503,399,259,293,331
371,426
372,474,364,451
373,408,272,366,349,303
374,317,460
375,449,379,485,322,361
376,465,308,352
377,415,348
378,423,328,416,291,268,419,510
379,449,375,485
380,537,448,431
381,447
382,286,248,345,534,458
383,284,425
384,447,508,469
385,471,313,410,444,515
386,412,285
387,532,393,409,305,435
388,363,297,417,505,523
389,357,499,362,368,337
390,283,286
391,418
392,394,277
393,532,387,409,403,459
394,277,392,420,363,521,528,527
395,444,329,452
396,335,501,555,453
397,513,488,323,450,247,326,290
398,519,365,446
399,370
400,450,540,401
401,450,540,400,255,334,327
402,283,296,360,468,332,564,516
403,393,459,495,481,312,282,287
404,568,443,462,271,302,367,509
405,521,494,522
406,553,415,430
407,454,421,434,484,273,304,299
408,373,272,366,512,414
409,532,393,387
410,471,385,313
411,461,315,427,423,359
412,542,457,386,285
413,356,350
414,512,408
415,553,406,430,377,348
416,423,378,328
417,363,388,297
418,481,565,551,391
419,291,347,378,510
420,394,363
421,407,454
422,356,436
423,594,558,359,411,378,328,416
424,441,318,445,505,466
425,284,383,476,321
426,350,278,340,371
427,411,461,315
428,573,433,464
429,506,544,543
430,553,415,406
431,537,380,448
432,349,493,439
433,573,464,428,316,330,310
434,407,484
435,358,482,387,305
436,504,605,483,356,422
437,544,484,549
438,484,588,514
439,349,432,493
440,519,461
441,424,318,445,506,511
442,309,311,338,590,456
443,568,404,462
444,385,515,578,575,329,452,395
445,424,441,318
446,519,365,398
447,538,636,539,381,384,508,469
448,537,380,431
449,615,596,559,375,379,485
450,540,401,400,397,323
451,474,364,372
452,444,329,395
453,396,555
454,472,598,467,407,421
455,478,344,479
456,590,442
457,412,542
458,534,382
459,403,393
460,524,634,536,317,374
461,411,315,427,519,440
462,568,404,443
463,602,473,530
464,573,433,428
465,571,526,475,504,376,308,352
466,505,424
467,472,454,598
468,402,332,564,610
469,447,384,508
470,473,480,566
471,385,313,410,582,489
472,454,598,467,368,333
473,602,463,530,355,346,351,470,480,566
474,364,372,451,580,563
475,465,504
476,625,641,581,321,425
477,525,370,503,512,496
478,600,591,629,344,455,479
479,478,344,455
480,473,470,566
481,565,418,551,403,495
482,358,435
483,504,436,605
484,588,514,438,544,549,437,407,434
485,449,375,379
486,582,596
487,499,617,491
488,397,513
489,582,471
490,353,502
491,499,617,487
492,580,624,607
493,349,432,439
494,521,522,405
495,403,481
496,512,477
497,576
498,534,538
499,357,389,362,617,487,491
500,520,369,507
501,555,650,335,396
502,656,660,595,353,490
503,525,477,370
504,436,605,483,465,475
505,388,523,466,424,665,640,609
506,511,441,649,618,544,543,429
507,520,369,500
508,447,384,469
509,367,404
510,419,378
511,514,621,531,506,441
512,477,496,414,408,692,627,639
513,547,677,613,397,488
514,484,588,438,511,621,531
515,444,385
516,564,402
517,603,556
518,602,641
519,461,440,535,679,365,446,398
520,570,715,620,369,507,500
521,394,528,527,657,659,670,494,522,405
522,521,494,405
523,505,388
524,460,634,536,537,562
525,477,370,503,655,584
526,465,571
527,394,521,528
528,394,521,527
529,699,593,560
530,602,473,463
531,514,511,621
532,393,387,409,725,567
533,689,542,576
534,382,458,498,538,756,644,622
535,519,679
536,460,524,634
537,524,562,662,700,380,448,431
538,636,447,539,534,498
539,538,636,447
540,450,401,400,687,545
541,698,675
542,689,576,533,412,457
543,506,544,429
544,506,543,429,484,549,437
545,687,540
546,579,719,577
547,513,677,613,553,701
548,573,714
549,544,484,437
550,697,599
551,481,565,418
552,705,666,628
553,652,682,701,547,415,406,430
554,573,651
555,396,453,501,650
556,603,517
557,717,675
558,423,594
559,615,596,449
560,699,593,529
561,690,619,694
562,537,524
563,580,474
564,468,610,402,516
565,481,418,551,751,702
566,473,470,480
567,725,532
568,619,661,747,570,404,443,462
569,741,588
570,715,520,620,568,747
571,651,778,611,465,526
572,707
573,714,548,554,651,433,464,428
574,630,746,589
575,766,674,748,444,578
576,689,542,533,497
577,579,719,546
578,444,575
579,774,709,713,719,577,546
580,800,681,563,474,492,624,607
581,625,641,476
582,596,486,489,471,739,646,732
583,605,723,601
584,655,525
585,771,615
586,694,706,730
587,647,625
588,484,514,438,741,569
589,630,746,574
590,442,456,626,737,671,743,604
591,600,478,629,655,668
592,630,782
593,699,560,529,774,766
594,787,780,718,423,558
595,502,656,660
596,615,449,559,582,486
597,660
598,472,454,467,789,608,676
599,697,550
600,591,478,629,728,801
601,605,723,583
602,641,518,712,797,473,463,530
603,795,648,734,556,517
604,590,671,743
605,504,436,483,820,667,672,723,583,601
606,753,616,731
607,580,492,624
608,598,789,676
609,505,665,640
610,468,564
611,651,571,778
612,805,669,798,635
613,547,513,677
614,687,762,632
615,596,449,559,771,585
616,753,731,606
617,499,487,491
618,840,733,764,506,649
619,690,694,561,568,661
620,570,715,520
621,514,511,531
622,534,756,644
623,790
624,580,492,607
625,641,476,581,647,587
626,590,737
627,512,692,639
628,705,666,552,740
629,600,591,478
630,720,759,592,782,746,574,589
631,741,721,808
632,687,762,614
633,647,806
634,460,524,536,775,856,749
635,835,688,612,798
636,538,447,539,788,664
637,824,685,686
638,716,684,792
639,512,692,627
640,505,665,609
641,625,476,581,602,518
642,728,711,794
643,647,812,678
644,534,756,622
645,733
646,582,739,732
647,806,633,587,625,812,678,643
648,795,603,734
649,506,618
650,555,501
651,571,778,611,573,554
652,803,872,761,553,682
653,711,754
654,834,714,716
655,591,668,584,525,786,871,804
656,502,660,595,833,750
657,521,659,670
658,831,695,693
659,521,657,670
660,502,656,595,597
661,568,619
662,537,700
663,788,705
664,788,636
665,505,640,609,865,818
666,705,628,552,842,841
667,605,820,672
668,655,591
669,805,612
670,521,657,659
671,590,743,604
672,605,820,667
673,810,828,683
674,575,766,748
675,698,541,805,878,717,557
676,598,789,608
677,547,513,613
678,647,812,643
679,838,790,691,519,535
680,811,783
681,580,800
682,553,652
683,810,828,673
684,716,638,792
685,824,637,686
686,824,685,637
687,540,545,868,719,762,632,614
688,835,635
689,542,576,533,911,817
690,619,694,561,833,891
691,679,838,790
692,512,627,639,880,848,857
693,831,695,658
694,690,619,561,859,706,586,730
695,831,693,658
696,751,849,853
697,905,758,827,599,550
698,922,798,675,541
699,719,923,755,593,560,529
700,720,897,823,537,662
701,553,547
702,751,565
703,906,772,796
704,890,866
705,666,628,552,788,663
706,694,586,730
707,928,860,819,572
708,882,887,852
709,774,579,713
710,756,862,779
711,728,794,642,653,754
712,602,797
713,774,579,709
714,834,716,654,573,548
715,570,520,620,921,784
716,834,714,654,684,638,792
717,878,910,675,557
718,787,594,780
719,923,699,755,579,577,546,687,868
720,700,897,823,630,759
721,741,631,808
722,845,727,836
723,605,583,601
724,890,840
725,896,736,567,532,811,729,864
726,869
727,845,836,722
728,855,920,801,600,711,794,642
729,725,811,864
730,694,706,586
731,753,616,606
732,582,739,646
733,618,840,764,645
734,795,603,648
735,778,883,760
736,725,896
737,806,933,876,590,626
738,757,879
739,582,646,732
740,628
741,588,569,947,807,631,721,808
742,866,917,753
743,590,671,604
744,877,826,899
745,842,881,895
746,630,574,589
747,568,570
748,575,766,674
749,634,775,856
750,833,656
751,565,702,802,961,696,849,853
752,869,907,813
753,866,917,742,781,892,902,616,731,606
754,711,653
755,719,923,699
756,534,644,622,862,710,779,942,867,837
757,780,916,879,738
758,905,697,827
759,630,720
760,778,883,735
761,803,652,872
762,687,632,614
763,901,914,770
764,618,840,733
765,905,914
766,575,674,748,774,593
767,771,860
768,971,825,909
769,789,919
770,901,914,763
771,860,767,585,615,1000,873,843
772,906,796,703
773,984,834
774,593,766,952,987,579,709,713
775,634,856,749
776,924,929,777
777,924,929,776
778,651,571,611,883,735,760,960,839,894
779,756,862,710
780,787,594,718,757,916
781,753,892,902
782,973,832,793,630,592
783,811,680,941,915
784,921,715
785,976,877,959
786,655,871,804
787,594,780,718,976,946
788,636,664,663,705,940,996,854
789,598,608,676,769,919
790,679,838,691,623,791,935,874
791,790,935,874
792,716,684,638
793,782,973,832
794,728,711,642
795,850,999,937,603,648,734
796,906,772,703
797,904,998,944,602,712
798,612,635,922,698,835,975
799,968
800,969,991,870,580,681
801,728,600
802,751,961
803,652,872,761,824,913
804,655,786,871
805,981,889,980,612,669,675,878
806,737,933,876,647,633
807,809,956,953,741,947
808,741,631,721
809,807,956,953,810,958
810,809,958,1003,893,828,673,683
811,725,729,864,783,680,941,957
812,647,678,643
813,869,752,907
814,972,917
815,906,829,964
816,972,978
817,911,689
818,665,865
819,928,860,707
820,605,667,672
821,927,934,1007,850
822,832
823,700,720,897
824,1026,912,913,803,685,637,686
825,971,768,909
826,877,899,744
827,905,697,758
828,810,673,683
829,906,815,964
830,1015,831,847
831,1015,830,847,695,693,658
832,782,973,793,822
833,656,750,891,690,1051,908,943
834,714,716,654,984,773
835,798,975,635,688
836,845,727,722
837,756,942,867
838,679,790,691,1049,989
839,778,960,894
840,618,733,764,890,724
841,842,666
842,666,841,1029,994,881,745,895
843,771,1000,873
844,921,948
845,978,1011,851,1002,875,966,727,836,722
846,1019,888,949
847,1015,831,830
848,692,880,857
849,751,696,853
850,999,795,937,821,1007
851,978,1011,845
852,882,708,887
853,751,696,849
854,788,940,996
855,1075,997,985,728,920
856,634,775,749
857,692,880,848
858,1023,969
859,694
860,928,707,819,771,767
861,1017,1050,932
862,756,710,779
863,897,1039,965
864,725,811,729
865,665,818
866,917,753,742,890,704
867,756,942,837
868,687,719
869,1005,1076,936,726,752,907,813
870,969,800,991
871,655,786,804
872,803,652,761,1094,1012,1013
873,771,1000,843
874,790,791,935
875,845,1002,966
876,737,806,933
877,976,785,959,826,899,744
878,675,805,717,910
879,757,738,916,1009,939
880,692,848,857
881,842,745,895
882,1079,1042,1036,708,887,852
883,778,735,760
884,972,954,1035
885,987,1027,1019
886,1018,901
887,882,708,852
888,1019,949,846
889,981,805,980
890,840,724,704,866,1057,898,983
891,833,690
892,753,781,902
893,925,962,1060,810,1003
894,778,960,839
895,842,881,745
896,1093,906,974,725,736
897,700,720,823,1039,965,863,1062,967,1034
898,890,1057,983
899,877,826,744
900,1069,1011
901,914,763,770,1018,886
902,753,781,892
903,1044,999
904,797,998,944,981,992
905,914,765,1087,979,697,758,827
906,1093,896,974,829,815,964,772,796,703
907,869,752,813
908,833,1051,943
909,971,768,825
910,878,717
911,945,1033,817,689,1096,1016,950
912,824,1026
913,824,803
914,901,763,770,905,765
915,783,941
916,879,1009,780,757
917,866,753,742,972,814
918,1017,1027
919,789,769
920,728,855
921,715,784,844,948,1045,1063,951
922,948,1105,955,698,798
923,719,699,755,982,1065
924,925,1046,1111,986,929,777,776
925,893,962,1060,924,1046
926,982,1125,1038
927,1032,1127,995,821,934
928,860,707,819,1107,1056
929,924,777,776
930,1092,973
931,1069,1040,1064
932,1017,861,1050
933,737,806,876,1108,1095
934,821,927
935,790,791,874
936,1005,1076,869
937,850,999,795
938,1044,1005
939,879
940,788,996,854,1059,1024,1118
941,783,915,811,957
942,756,867,837
943,833,1051,908
944,797,904,998
945,1085,1103,963,911,1033
946,976,787
947,741,807
948,1105,922,955,921,844
949,1019,888,846
950,911,1096,1016
951,921,1045,1063
952,774,987
953,807,809,956
954,972,884,1035
955,948,1105,922
956,807,809,953,1030
957,941,811
958,810,809
959,976,877,785
960,778,839,894
961,1156,1052,1031,751,802
962,893,925,1060,1025
963,1085,945,1103
964,906,829,815
965,897,1039,863
966,845,1002,875
967,897,1062,1034
968,988,1010,1109,799,1072,1128,1021
969,800,991,870,1023,858
970,998,1211
971,990,1047,1123,1100,768,825,909
972,917,814,816,978,954,884,1035
973,782,832,793,1092,930
974,1093,896,906
975,798,835
976,1157,1116,946,787,877,785,959
977,1049,1146,1048
978,1011,845,851,972,816
979,990,1067,1124,905,1087
980,981,805,889
981,904,992,1142,1152,805,889,980
982,923,1065,1082,988,1125,926,1038
983,890,1057,898
984,1126,1104,773,834
985,1075,855,997
986,1083,1020,1143,924,1111
987,1027,1019,885,774,952
988,1010,968,1109,982,1082
989,1049,838
990,979,1067,1124,971,1047
991,969,800,870,1090,1195
992,981,904
993,1092,1158,1068
994,1197,1077,1099,842,1029
995,1032,927,1127
996,788,940,854
997,1075,855,985
998,797,904,944,970,1211
999,850,795,937,1044,903
1000,771,873,843,1089,1181
1001,1137,1114
1002,845,875,966
1003,810,893
1004,1133,1137
1005,1076,869,936,1044,938
1006,1017,1032
1007,821,850
1008,1069,1178
1009,879,916
1010,988,968,1109,1018,1037
1011,978,845,851,1069,900
1012,872,1094,1013
1013,872,1094,1012
1014,1096,1182
1015,1202,1043,1061,831,830,847
1016,911,1096,950
1017,1027,918,1006,1032,861,1050,932
1018,1010,1037,886,901,1200,1169,1110
1019,987,1027,885,1145,1193,1112,888,949,846
1020,986,1083,1143,1122
1021,968,1072,1128
1022,1166,1129,1028
1023,1106,1131,858,969,1196,1055,1136
1024,940,1059,1118
1025,962
1026,1135,1209,1066,824,912
1027,987,1019,885,1017,918
1028,1166,1129,1022
1029,842,994
1030,956
1031,961,1156,1052
1032,927,1127,995,1017,1006
1033,911,945
1034,897,1062,967
1035,972,954,884
1036,1079,882,1042
1037,1018,1010
1038,982,1125,926
1039,897,965,863
1040,1069,931,1064
1041,1188,1117,1175
1042,1079,882,1036
1043,1202,1015,1061
1044,999,903,938,1005
1045,921,1063,951,1249,1216
1046,924,925
1047,971,990
1048,1049,1146,977
1049,838,989,1171,1229,1146,977,1048
1050,1017,861,932
1051,833,908,943,1053,1161
1052,961,1156,1031,1133,1221,1154
1053,1051,1161
1054,1190,1076
1055,1023,1196,1136
1056,1107,928
1057,890,898,983
1058,1158,1192,1151
1059,940,1024,1118
1060,893,925,962
1061,1202,1015,1043
1062,897,967,1034
1063,921,1045,951
1064,1069,1040,931
1065,982,923
1066,1135,1026,1209
1067,979,990,1124
1068,1092,1158,993
1069,1011,900,1008,1178,1040,931,1064
1070,1166,1135
1071,1130,1191,1073
1072,968,1128,1021
1073,1130,1191,1071
1074,1146,1086,1206
1075,855,997,985,1203,1097
1076,1005,869,936,1190,1054
1077,994,1197,1099,1164,1139,1236
1078,1170,1085
1079,1235,1245,1224,882,1042,1036
1080,1086,1238
1081,1222,1121,1225,1168,1132
1082,982,988
1083,986,1020,1143,1203,1228
1084,1227,1186,1113
1085,945,1103,963,1170,1078
1086,1146,1206,1074,1080,1238
1087,905,979
1088,1158,1217,1204
1089,1000,1181
1090,991,1195,1264,1179
1091,1170,1212,1220
1092,973,930,1198,1273,1158,993,1068
1093,896,906,974,1233,1148
1094,872,1012,1013,1183,1234
1095,933,1108
1096,911,1016,950,1182,1014,1274,1199
1097,1203,1075
1098,1190,1194
1099,994,1197,1077
1100,1150,1230,1248,971,1123
1101,1194,1257,1188
1102,1174,1129
1103,1085,945,963,1277,1226,1159
1104,984,1126
1105,948,922,955,1255,1119
1106,1272,1173,1134,1023,1131
1107,1121,1172,1056,928,1256,1252,1184
1108,933,1095
1109,988,1010,968
1110,1018,1200,1169
1111,924,986
1112,1019,1145,1193
1113,1227,1084,1186
1114,1137,1001
1115,1233,1227,1120
1116,976,1157
1117,1188,1175,1041
1118,940,1059,1024
1119,1255,1105
1120,1233,1227,1115
1121,1222,1081,1225,1107,1172
1122,1020
1123,971,1100
1124,979,990,1067
1125,982,926,1038
1126,1178,1301,1189,984,1104
1127,1032,927,995,1263,1201
1128,968,1072,1021
1129,1166,1022,1028,1215,1167,1174,1102
1130,1180,1153,1261,1191,1071,1073,1141,1253,1155
1131,1023,1106
1132,1213,1176,1081,1168
1133,1052,1221,1154,1137,1004
1134,1272,1106,1173
1135,1026,1209,1066,1166,1070
1136,1023,1196,1055
1137,1133,1004,1001,1114,1285,1259
1138,1173,1286
1139,1077,1164,1236
1140,1262,1288
1141,1130,1253,1155
1142,981,1152
1143,986,1083,1020
1144,1269,1200
1145,1019,1193,1112
1146,1049,977,1048,1086,1206,1074
1147,1165,1278,1279
1148,1233,1093
1149,1256,1268
1150,1100,1230,1248,1180,1242
1151,1158,1192,1058
1152,1258,1309,1289,981,1142
1153,1180,1130,1261
1154,1052,1133,1221
1155,1130,1141,1253
1156,961,1052,1031,1317,1207
1157,1291,1165,1270,976,1116
1158,1092,993,1068,1217,1204,1088,1192,1058,1151
1159,1103,1277,1226
1160,1306,1205,1214
1161,1051,1053
1162,1190,1308,1241
1163,1290,1257
1164,1077,1139,1236
1165,1291,1157,1270,1147,1278,1279
1166,1304,1177,1070,1135,1129,1022,1028
1167,1129,1215
1168,1081,1132,1213,1243
1169,1018,1200,1110
1170,1299,1314,1078,1085,1212,1220,1091
1171,1049,1229
1172,1107,1121
1173,1272,1106,1134,1138,1286
1174,1215,1246,1129,1102
1175,1188,1117,1041
1176,1213,1132
1177,1166,1304
1178,1126,1301,1189,1069,1008
1179,1090,1264
1180,1150,1242,1333,1239,1130,1153,1261
1181,1000,1089
1182,1096,1014,1274,1325
1183,1094,1234
1184,1107,1256,1252
1185,1290,1344
1186,1227,1084,1113
1187,1202,1307
1188,1194,1257,1101,1117,1175,1041
1189,1178,1126,1301
1190,1076,1054,1098,1194,1308,1241,1162
1191,1130,1071,1073
1192,1158,1058,1151
1193,1019,1145,1112
1194,1257,1188,1101,1190,1098
1195,1264,1340,991,1090
1196,1023,1055,1136,1334,1247,1310
1197,994,1077,1099,1360,1265
1198,1092,1273
1199,1274,1096
1200,1018,1169,1110,1330,1260,1269,1144
1201,1335,1275,1127,1263
1202,1307,1187,1237,1295,1015,1043,1061
1203,1083,1228,1097,1075,1370,1331,1313
1204,1158,1217,1088
1205,1306,1160,1214
1206,1146,1086,1074
1207,1317,1156
1208,1290,1262,1320
1209,1135,1026,1066,1223,1343
1210,1255,1341
1211,998,970
1212,1170,1220,1091
1213,1168,1243,1132,1176,1250
1214,1306,1160,1205
1215,1129,1167,1174,1246
1216,1045,1249
1217,1158,1204,1088
1218,1271,1231,1329
1219,1324,1351,1323
1220,1170,1212,1091
1221,1052,1133,1154
1222,1121,1081,1225,1347,1353
1223,1209,1343,1349,1240
1224,1235,1245,1079
1225,1222,1121,1081
1226,1103,1277,1159
1227,1233,1115,1120,1084,1186,1113,1326,1302,1232
1228,1203,1083
1229,1377,1365,1311,1049,1171
1230,1100,1150,1248,1324,1305,1371
1231,1271,1218,1329
1232,1227,1326,1302
1233,1378,1266,1148,1093,1227,1115,1120
1234,1094,1183
1235,1245,1079,1224,1332,1369
1236,1077,1164,1139
1237,1202,1295
1238,1086,1080
1239,1267,1271,1355,1180,1333
1240,1223,1349
1241,1190,1308,1162
1242,1180,1150
1243,1168,1213
1244,1364,1303
1245,1235,1079,1224
1246,1215,1174
1247,1196,1334,1310
1248,1100,1150,1230
1249,1045,1216
1250,1213
1251,1404,1272
1252,1107,1256,1184
1253,1130,1141,1155
1254,1337,1327
1255,1105,1119,1210,1341,1337,1284,1379
1256,1107,1252,1184,1268,1149,1384,1368
1257,1194,1188,1101,1290,1163
1258,1152,1309,1289,1373,1380
1259,1137,1285
1260,1200,1330
1261,1180,1130,1153
1262,1290,1320,1208,1140,1288
1263,1127,1201,1335,1376
1264,1090,1179,1195,1340
1265,1360,1197
1266,1233,1378
1267,1239,1271,1355,1332,1399
1268,1256,1149,1384,1396
1269,1330,1382,1200,1144
1270,1291,1157,1165
1271,1239,1267,1355,1231,1218,1329
1272,1106,1173,1134,1404,1251
1273,1416,1397,1361,1092,1198
1274,1182,1325,1096,1199
1275,1335,1201
1276,1397,1364,1359
1277,1103,1226,1159,1417,1300
1278,1165,1147,1279
1279,1165,1147,1278
1280,1344,1307,1415
1281,1392,1350,1283
1282,1345,1357
1283,1392,1350,1281
1284,1255,1337,1379
1285,1137,1259
1286,1173,1138
1287,1308,1306,1394
1288,1262,1140
1289,1152,1258,1309
1290,1257,1163,1185,1344,1262,1320,1208
1291,1157,1165,1270,1420,1408
1292,1441,1318,1338
1293,1301,1402,1312
1294,1406,1304,1392
1295,1202,1237
1296,1346,1421
1297,1309,1391,1386,1298
1298,1297,1386
1299,1448,1437,1433,1170,1314
1300,1277,1417
1301,1178,1126,1189,1435,1348,1356,1402,1312,1293
1302,1227,1326,1232
1303,1364,1244
1304,1406,1392,1294,1166,1177
1305,1230,1324,1371
1306,1308,1394,1287,1160,1205,1214
1307,1344,1415,1280,1202,1187
1308,1190,1241,1162,1306,1394,1287
1309,1152,1258,1289,1297,1391
1310,1196,1334,1247
1311,1229,1377,1365
1312,1301,1402,1293
1313,1203,1370,1331
1314,1170,1299
1315,1373,1424,1419
1316,1385,1339,1423
1317,1156,1207,1352,1439,1457,1322,1354
1318,1441,1338,1292
1319,1347,1450,1434
1320,1290,1262,1208
1321,1449,1367,1425
1322,1317,1457,1354
1323,1324,1219,1351
1324,1230,1305,1371,1219,1351,1323
1325,1182,1274
1326,1227,1302,1232
1327,1337,1254,1414,1407
1328,1341,1460,1383
1329,1271,1231,1218
1330,1200,1260,1269,1382
1331,1203,1370,1313
1332,1267,1399,1369,1235,1427,1430,1470
1333,1180,1239
1334,1196,1247,1310,1453,1465
1335,1263,1376,1201,1275
1336,1443,1363,1432
1337,1255,1284,1379,1327,1254,1414,1411
1338,1441,1318,1292
1339,1385,1316,1423
1340,1264,1195
1341,1460,1383,1328,1255,1210
1342,1469,1406
1343,1349,1446,1209,1223
1344,1307,1415,1280,1290,1185
1345,1489,1444,1455,1357,1282
1346,1360,1390,1464,1421,1296
1347,1403,1463,1353,1222,1319,1450,1434
1348,1301,1435,1356
1349,1223,1240,1343,1446,1358
1350,1392,1283,1281
1351,1324,1219,1323
1352,1317,1439
1353,1347,1222
1354,1317,1457,1322
1355,1239,1267,1271
1356,1301,1435,1348
1357,1345,1282
1358,1349
1359,1397,1364,1276
1360,1197,1265,1400,1482,1346,1390,1464
1361,1273,1416,1397
1362,1479,1448
1363,1443,1336,1432
1364,1397,1359,1276,1244,1303
1365,1229,1377,1311,1472,1478,1494
1366,1427,1447,1473
1367,1449,1425,1321
1368,1384,1256
1369,1332,1235
1370,1203,1331,1313
1371,1230,1324,1305
1372,1415,1480,1438
1373,1258,1380,1507,1467,1424,1315,1419
1374,1415,1428,1481
1375,1441,1504
1376,1263,1335
1377,1229,1365,1311,1486,1454
1378,1492,1449,1381,1233,1266
1379,1255,1337,1284
1380,1373,1258
1381,1492,1378,1449
1382,1330,1269
1383,1341,1460,1328,1426,1485,1389
1384,1268,1396,1256,1368
1385,1420,1500,1456,1339,1316,1423,1387,1484,1429
1386,1297,1298,1391,1462,1440
1387,1385,1484,1429
1388,1479,1496,1393
1389,1383,1426,1485
1390,1360,1346,1464
1391,1386,1462,1309,1297
1392,1406,1304,1294,1350,1283,1281,1475,1410,1495
1393,1479,1388,1496
1394,1308,1306,1287
1395,1426,1405
1396,1268,1384
1397,1273,1416,1361,1364,1359,1276
1398,1404,1509,1436
1399,1332,1267
1400,1360,1482
1401,1469,1458,1501
1402,1301,1312,1293
1403,1471,1459,1513,1347,1463
1404,1505,1422,1251,1272,1509,1398,1436
1405,1426,1395
1406,1304,1392,1294,1469,1342
1407,1327,1414
1408,1420,1291
1409,1424,1442
1410,1392,1475,1495
1411,1414,1337
1412,1469,1520
1413,1417,1506
1414,1327,1407,1337,1411
1415,1344,1307,1280,1428,1481,1374,1480,1438,1372
1416,1273,1397,1361,1516,1491
1417,1277,1300,1413,1506,1451,1514
1418,1527,1460
1419,1373,1424,1315
1420,1499,1529,1408,1291,1385,1500,1456
1421,1346,1296
1422,1502,1443,1517,1404,1505
1423,1385,1339,1316
1424,1373,1315,1419,1442,1409
1425,1449,1367,1321
1426,1383,1485,1389,1395,1405
1427,1332,1430,1470,1447,1366,1473
1428,1415,1481,1374
1429,1385,1387,1484
1430,1332,1427,1470
1431,1457,1487
1432,1443,1363,1336
1433,1448,1299,1437
1434,1347,1319,1450
1435,1301,1348,1356
1436,1404,1509,1398
1437,1448,1299,1433,1505,1524,1535
1438,1415,1480,1372
1439,1526,1518,1452,1317,1352
1440,1386
1441,1541,1468,1375,1504,1318,1338,1292
1442,1424,1409
1443,1502,1422,1517,1363,1336,1432,1476,1528,1515
1444,1489,1345,1455,1512,1533
1445,1554,1492
1446,1349,1343
1447,1427,1366,1473
1448,1299,1437,1433,1509,1498,1540,1479,1362
1449,1492,1378,1381,1367,1425,1321
1450,1347,1319,1434
1451,1417,1514
1452,1439,1526,1518
1453,1334,1465
1454,1486,1377
1455,1489,1444,1345
1456,1420,1385,1500
1457,1317,1322,1354,1487,1431
1458,1469,1501,1401
1459,1471,1403,1513
1460,1341,1383,1328,1527,1418
1461,1543,1534,1508
1462,1386,1391
1463,1347,1403
1464,1360,1346,1390
1465,1334,1453
1466,1546,1477
1467,1544,1522,1556,1373,1507
1468,1441,1541
1469,1520,1412,1342,1406,1458,1501,1401
1470,1332,1427,1430
1471,1403,1459,1513,1512,1563
1472,1365,1478,1494
1473,1427,1447,1366
1474,1504,1520,1561
1475,1392,1410,1495
1476,1443,1528,1515
1477,1546,1466
1478,1365,1472,1494
1479,1538,1483,1362,1448,1388,1496,1393
1480,1415,1438,1372
1481,1415,1428,1374
1482,1549,1559,1490,1360,1400
1483,1479,1538
1484,1385,1387,1429
1485,1383,1426,1389
1486,1377,1454,1550,1525,1553,1542,1488
1487,1457,1431
1488,1486,1553,1542
1489,1444,1345,1455,1575,1568
1490,1482,1549,1559
1491,1516,1416
1492,1378,1449,1381,1554,1445
1493,1527,1579,1511
1494,1365,1472,1478
1495,1392,1475,1410
1496,1479,1388,1393
1497,1576,1565
1498,1509,1448,1540
1499,1552,1581,1578,1420,1529
1500,1420,1385,1456
1501,1469,1458,1401
1502,1422,1443,1517,1560,1562
1503,1560,1526
1504,1520,1561,1474,1441,1375
1505,1437,1524,1535,1404,1422
1506,1417,1413
1507,1373,1467
1508,1543,1534,1461
1509,1404,1398,1436,1448,1498,1540
1510,1594,1551,1530,1592,1531,1519
1511,1527,1579,1493
1512,1444,1533,1563,1471,1570,1555,1593
1513,1471,1403,1459
1514,1417,1451
1515,1443,1476,1528
1516,1416,1491,1574,1547,1580,1537,1582
1517,1502,1422,1443
1518,1439,1526,1452,1532
1519,1510,1592,1531
1520,1504,1561,1474,1469,1412
1521,1575,1549
1522,1467,1544,1556,1583,1586,1600
1523,1527,1584
1524,1437,1505,1535
1525,1538,1557,1595,1486,1550
1526,1439,1518,1452,1560,1503
1527,1460,1418,1523,1584,1579,1511,1493
1528,1443,1476,1515
1529,1420,1499
1530,1594,1551,1510
1531,1510,1592,1519
1532,1518
1533,1512,1444
1534,1543,1508,1461,1594,1604,1601
1535,1437,1505,1524
1536,1575,1605,1589
1537,1516,1580,1582
1538,1525,1557,1595,1479,1483
1539,1554,1551
1540,1509,1448,1498
1541,1547,1577,1603,1441,1468
1542,1486,1553,1488
1543,1592,1614,1558,1552,1534,1508,1461
1544,1467,1522,1556,1602,1597
1545,1607,1588,1596
1546,1581,1564,1606,1477,1466
1547,1541,1577,1603,1516,1574
1548,1579,1612
1549,1482,1559,1490,1575,1521
1550,1486,1525
1551,1594,1510,1530,1554,1539
1552,1499,1581,1578,1543,1558
1553,1486,1542,1488
1554,1551,1539,1445,1492,1576,1609,1569
1555,1512,1570,1593
1556,1467,1544,1522
1557,1525,1538,1595
1558,1543,1552
1559,1482,1549,1490
1560,1526,1503,1562,1502
1561,1504,1520,1474
1562,1560,1502
1563,1512,1471
1564,1581,1546,1606
1565,1576,1497
1566,1616,1607,1591
1567,1605,1571
1568,1575,1489
1569,1554,1576,1609
1570,1512,1555,1593
1571,1605,1567
1572,1587,1573,1610
1573,1587,1572,1610
1574,1516,1547
1575,1549,1521,1568,1489,1605,1589,1536
1576,1554,1609,1569,1565,1497
1577,1547,1541,1603,1590,1611,1619
1578,1552,1499,1581
1579,1527,1511,1493,1548,1612
1580,1516,1537,1582
1581,1552,1499,1578,1546,1564,1606
1582,1516,1580,1537
1583,1522,1586,1600,1624,1615
1584,1620,1616,1585,1527,1523
1585,1584,1620,1616
1586,1522,1583,1600
1587,1598,1608,1623,1573,1572,1610
1588,1607,1596,1545
1589,1575,1605,1536
1590,1577,1611,1619
1591,1616,1607,1566
1592,1510,1531,1519,1543,1614
1593,1512,1570,1555
1594,1551,1510,1530,1534,1604,1601,1633,1613
1595,1525,1538,1557
1596,1607,1588,1545
1597,1602,1544
1598,1602,1622,1628,1587,1608,1623
1599,1626,1625,1621
1600,1522,1583,1586
1601,1534,1594,1604
1602,1544,1597,1627,1625,1598,1622,1628
1603,1547,1541,1577
1604,1534,1594,1601
1605,1575,1589,1536,1571,1567
1606,1581,1546,1564
1607,1616,1591,1566,1588,1596,1545
1608,1598,1587,1623
1609,1554,1576,1569
1610,1587,1573,1572
1611,1577,1590,1619
1612,1579,1548
1613,1633,1594
1614,1641,1637,1631,1543,1592
1615,1583,1624
1616,1584,1620,1585,1607,1591,1566
1617,1640,1618,1629
1618,1640,1629,1617,1636,1620
1619,1577,1590,1611
1620,1584,1616,1585,1636,1618
1621,1626,1625,1599
1622,1602,1598,1628
1623,1598,1587,1608
1624,1583,1615
1625,1652,1640,1632,1626,1621,1599,1602,1627
1626,1636,1648,1642,1625,1621,1599
1627,1602,1625
1628,1602,1598,1622
1629,1640,1618,1617
1630,1633,1647,1638
1631,1641,1614,1637
1632,1625,1652,1640
1633,1643,1650,1613,1594,1630,1647,1638
1634,1656,1645,1653
1635,1657,1641
1636,1618,1620,1659,1658,1626,1648,1642
1637,1641,1614,1631
1638,1633,1630,1647
1639,1644,1655
1640,1625,1652,1632,1618,1629,1617
1641,1614,1637,1631,1657,1635
1642,1636,1626,1648
1643,1660,1656,1663,1633,1650
1644,1657,1662,1646,1639,1655
1645,1656,1634,1653,1661,1654
1646,1657,1644,1662
1647,1633,1630,1638
1648,1636,1626,1642
1649,1657,1665
1650,1633,1643
1651,1664,1652
1652,1625,1640,1632,1664,1651
1653,1656,1645,1634
1654,1645,1661
1655,1644,1639
1656,1660,1643,1663,1645,1634,1653
1657,1665,1649,1635,1641,1644,1662,1646
1658,1665,1666,1667,1636,1659
1659,1636,1658
1660,1643,1656,1663,1664,1668
1661,1645,1654
1662,1657,1644,1646
1663,1660,1643,1656
1664,1652,1651,1668,1660
1665,1658,1666,1667,1657,1649
1666,1658,1665,1667
1667,1658,1665,1666
1668,1664,1660
